918	948
744	795
68	283
298	745
545	851
286	856
809	897
14	168
244	630
610	953
422	902
702	956
614	843
619	921
572	846
209	794
781	956
841	970
436	921
274	859
577	631
114	641
480	964
80	764
456	755
725	916
799	865
366	983
149	985
443	974
966	978
143	416
303	405
795	867
459	918
560	970
174	934
494	875
438	980
460	739
107	880
451	690
649	934
704	870
91	118
836	989
951	976
170	936
753	991
505	926
541	583
123	595
411	473
586	999
176	872
759	927
382	940
602	980
711	886
604	760
650	876
722	752
653	881
97	663
470	945
377	717
308	883
201	757
555	989
440	773
426	875
314	368
766	943
475	996
750	935
824	884
447	934
617	820
245	948
685	991
740	890
826	930
70	129
550	766
858	882
11	488
847	989
76	846
291	542
277	378
722	994
276	648
37	891
201	999
476	938
715	954
742	828
267	306
409	884
323	615
565	902
666	954
641	897
527	795
654	836
186	502
327	441
895	898
518	948
168	798
751	890
118	977
536	736
874	960
276	782
670	672
661	852
628	675
867	957
25	907
677	833
219	921
681	723
813	842
196	910
302	811
78	100
190	341
897	957
167	852
390	860
887	912
73	924
651	672
584	618
487	914
235	878
491	804
238	395
288	741
131	232
697	909
17	921
191	808
655	683
231	355
38	980
294	640
505	860
813	976
769	906
361	815
130	919
20	293
507	640
801	858
732	987
778	874
201	570
767	981
128	994
799	933
95	817
885	973
711	820
697	922
461	874
755	863
686	992
961	968
773	917
938	984
743	745
165	768
247	807
192	871
868	925
991	995
452	946
245	882
129	707
542	876
965	979
280	876
371	994
775	818
461	887
218	900
741	941
479	941
73	253
331	777
639	930
859	933
224	422
393	874
252	898
16	887
398	952
414	933
180	766
157	782
339	493
134	1000
419	903
427	727
642	652
353	549
821	883
413	600
8	780
316	896
261	731
481	963
571	893
694	963
587	837
936	991
300	780
693	711
478	557
54	495
615	791
716	843
672	773
858	963
379	965
222	981
717	960
688	902
94	917
107	627
13	211
670	969
697	843
124	981
361	399
223	923
451	558
593	907
100	974
174	923
554	915
232	864
457	982
792	972
910	964
271	977
338	509
843	910
586	988
369	990
792	864
303	636
113	512
739	974
637	926
521	980
493	918
75	930
672	920
625	808
372	399
685	859
52	946
616	759
951	978
803	814
266	875
472	980
305	574
351	690
530	921
678	819
567	988
350	990
966	993
200	413
269	772
618	926
604	991
637	939
315	888
475	877
856	983
42	995
854	873
658	998
638	760
817	991
789	929
352	891
453	714
761	830
241	831
497	757
810	988
884	937
273	783
634	991
689	698
245	950
518	816
248	955
363	942
729	999
481	897
355	529
71	770
921	940
599	660
120	891
161	663
722	996
288	475
694	897
74	960
294	963
509	888
38	714
520	717
714	768
893	999
285	325
735	827
465	966
540	551
311	728
605	946
927	997
267	658
71	783
434	835
277	851
1	687
340	907
403	438
212	907
876	887
707	849
512	610
932	967
453	969
236	971
846	900
698	773
338	430
18	977
380	841
270	969
614	779
867	959
820	847
825	962
84	964
640	916
103	977
588	726
106	982
307	972
515	921
771	847
480	900
821	964
862	965
554	620
760	954
471	851
677	956
765	803
533	911
931	957
513	969
246	854
251	969
130	679
149	692
584	849
672	733
825	975
630	965
883	916
616	801
901	970
266	459
393	500
118	295
799	922
255	795
64	998
898	901
554	862
769	787
158	633
58	695
199	634
360	996
676	973
868	914
118	416
257	989
155	978
269	585
329	636
771	981
810	909
842	861
892	978
468	916
387	991
239	827
528	701
607	994
643	688
371	983
431	768
618	860
521	927
58	937
273	825
859	922
919	973
817	925
877	976
514	924
44	480
852	919
752	981
838	984
912	933
433	935
69	658
476	753
530	989
442	876
824	941
606	984
380	412
979	1000
564	758
294	897
701	992
830	877
434	648
439	992
838	997
153	894
15	664
142	476
433	948
345	835
108	599
462	831
930	936
145	895
761	898
645	952
824	954
939	941
717	828
648	957
460	943
224	895
143	970
944	992
756	941
723	764
612	896
791	898
610	823
372	951
895	955
394	444
707	904
471	893
154	728
816	847
681	888
48	975
698	828
119	855
260	565
535	541
614	834
737	904
423	973
832	912
469	860
147	809
656	952
207	860
895	968
320	508
848	893
416	970
278	740
531	957
443	844
594	976
29	975
822	840
610	957
684	906
629	970
670	742
177	809
331	458
286	981
74	573
148	522
244	984
607	807
371	796
123	694
276	973
546	797
706	786
752	902
279	978
716	979
494	637
719	984
80	997
214	997
594	989
406	938
115	991
156	992
371	917
459	801
734	740
109	917
450	981
563	858
31	997
796	800
567	977
741	864
47	941
718	917
509	514
271	871
959	979
711	877
375	928
898	969
917	982
409	512
727	858
179	989
327	887
789	918
808	931
150	931
692	985
766	934
26	895
189	364
428	646
414	748
947	982
625	931
280	933
225	997
662	998
183	1000
21	938
819	918
571	587
72	903
78	654
212	654
859	990
951	993
486	893
733	999
893	988
428	659
345	890
59	533
854	996
735	816
28	954
377	842
845	947
738	821
325	423
624	948
710	759
715	837
585	993
263	942
731	818
142	423
763	999
18	616
749	835
196	659
25	777
682	781
305	831
126	334
837	840
661	843
707	730
44	911
121	606
635	827
728	789
818	948
876	889
936	940
834	892
517	727
121	727
314	627
828	848
547	835
487	555
612	964
178	214
491	674
703	853
730	956
380	843
589	953
200	912
809	956
84	966
373	803
662	677
786	972
159	322
598	921
818	961
422	961
862	967
686	741
677	958
806	843
140	982
676	962
373	695
10	643
712	915
665	803
73	928
744	867
45	866
260	754
375	741
191	920
295	977
589	966
792	800
52	990
776	792
170	982
299	867
560	908
87	984
618	849
477	873
287	749
576	623
345	690
820	983
919	962
685	795
836	927
146	517
868	916
771	983
72	945
442	515
586	937
226	631
73	123
451	978
451	749
128	998
447	980
557	586
455	575
9	754
701	981
458	994
131	599
692	932
7	829
208	819
857	999
823	863
100	239
349	943
127	601
151	958
209	411
522	871
775	822
544	889
203	596
326	932
226	994
782	946
837	882
18	550
23	665
317	883
726	822
297	645
944	981
217	881
296	945
153	896
689	876
482	546
738	997
564	881
416	717
814	992
617	892
598	613
240	905
4	894
386	959
119	615
320	376
364	382
696	892
283	494
333	840
641	956
770	841
580	946
511	846
356	972
323	795
629	838
207	849
496	723
633	728
812	959
97	159
249	967
464	892
450	957
6	980
890	1000
697	834
702	949
642	669
246	669
573	798
688	785
182	913
80	865
792	842
374	854
415	855
781	949
874	911
598	976
758	965
472	608
59	964
744	801
895	970
746	847
589	900
795	968
910	955
137	739
149	978
619	927
405	675
864	960
781	962
836	861
978	981
81	699
260	930
279	980
463	801
158	919
576	678
787	861
868	971
670	986
475	976
175	226
741	866
181	943
877	912
835	915
646	750
53	879
45	237
878	992
51	954
403	884
805	864
551	984
229	704
485	630
611	769
613	815
747	815
678	944
851	872
240	718
639	989
432	888
624	829
159	766
935	987
645	659
689	702
501	651
826	936
726	998
707	719
541	952
921	944
38	597
544	957
566	716
837	950
615	837
312	836
231	911
702	762
416	893
495	957
443	767
569	906
916	950
90	908
49	89
436	498
485	885
784	952
126	686
404	896
304	958
235	858
240	973
480	662
8	852
218	396
591	907
369	794
234	606
869	888
84	847
478	737
684	842
820	851
584	840
943	958
96	268
189	984
376	847
362	912
403	684
334	850
771	851
661	979
769	778
306	751
433	563
176	907
732	859
498	692
897	963
487	799
855	966
82	979
670	920
790	985
950	974
755	964
774	977
526	912
861	865
704	918
387	982
225	920
767	974
720	862
477	875
447	740
273	587
639	681
281	936
88	807
570	810
597	913
41	695
110	300
354	926
574	929
753	931
651	920
747	857
458	754
394	998
741	813
171	926
340	469
400	520
479	813
295	992
892	982
215	703
36	243
748	974
445	936
444	711
576	867
777	857
6	485
861	999
363	759
798	916
354	939
877	980
555	929
660	982
467	816
401	462
346	526
577	947
315	947
425	590
492	580
842	878
754	994
914	983
243	778
611	945
196	703
633	704
729	937
624	655
173	719
25	592
11	657
252	783
687	940
392	534
543	932
617	881
400	883
923	924
842	999
481	956
555	942
696	881
701	996
723	755
849	894
33	308
112	601
893	937
731	875
312	891
694	956
854	945
611	958
330	945
633	717
223	553
467	950
346	889
313	483
323	905
629	719
4	896
288	426
944	996
723	997
489	830
936	997
374	964
709	954
542	548
299	561
459	550
450	959
288	897
642	900
573	800
755	777
779	905
663	959
841	965
538	964
137	620
271	620
758	967
21	674
241	677
342	500
908	911
262	736
33	913
589	902
795	970
271	970
524	921
670	975
651	733
479	626
121	918
446	449
679	916
794	903
799	981
752	906
562	745
686	811
873	903
369	875
322	800
831	906
198	993
327	878
651	975
852	965
711	989
384	631
563	862
903	930
70	929
581	916
685	973
281	883
905	976
143	424
798	850
46	986
528	989
817	863
247	747
646	981
665	994
269	994
417	929
164	483
741	989
667	811
565	763
205	457
143	774
77	191
241	824
840	860
570	999
726	987
905	989
946	990
583	938
729	763
536	597
756	866
775	879
164	954
544	946
136	892
370	830
923	979
881	982
726	879
292	358
294	956
891	946
729	884
448	605
893	992
612	713
791	944
529	944
782	895
518	822
740	898
784	941
772	823
268	795
240	962
174	608
876	880
518	943
633	893
270	841
793	882
77	675
297	944
913	947
113	894
154	895
770	898
756	1000
566	839
681	826
406	621
304	610
395	957
739	767
348	616
848	939
172	390
306	390
572	775
300	841
943	947
43	919
681	947
103	970
693	772
901	950
49	441
357	557
339	917
399	968
218	627
663	785
566	852
598	804
890	949
163	849
75	965
908	966
218	519
820	853
61	801
649	971
542	845
679	850
579	912
780	902
582	917
771	853
664	727
755	845
834	909
534	617
487	801
373	699
794	958
530	619
669	926
493	966
562	571
69	409
327	933
542	858
46	920
616	807
426	912
238	861
866	918
664	969
623	702
265	994
917	920
144	933
815	872
861	988
671	864
129	581
523	700
354	928
94	294
417	984
21	984
899	987
857	990
595	990
171	928
873	971
91	410
588	987
808	990
577	828
525	638
926	982
750	985
671	877
349	826
550	816
762	995
388	754
701	985
723	744
357	946
47	195
527	832
653	944
854	934
330	934
289	667
130	351
816	827
48	955
731	985
464	641
156	259
763	937
529	770
460	936
243	901
418	939
416	829
566	773
596	652
518	998
489	940
346	891
814	996
907	958
700	894
502	909
67	429
922	943
941	956
311	789
691	781
219	971
519	674
348	563
702	832
432	971
788	835
807	848
793	950
848	886
542	550
43	866
404	845
105	963
834	843
811	859
82	915
187	214
813	905
623	744
282	451
834	964
176	735
88	622
509	615
10	931
970	973
211	692
706	900
268	408
259	854
567	970
947	962
644	924
685	962
33	807
882	981
82	928
417	918
917	975
774	926
199	695
433	633
713	916
281	993
129	636
776	972
533	985
674	924
844	847
868	975
546	924
665	875
558	749
852	967
310	647
544	585
683	929
865	906
829	983
548	704
190	996
947	975
410	999
174	234
570	988
555	865
13	582
238	929
272	513
815	940
111	824
110	599
951	986
137	998
954	991
52	365
213	993
400	819
928	938
537	824
96	822
845	940
921	935
805	989
11	835
300	709
613	940
370	953
708	948
656	758
64	846
64	617
559	825
839	879
930	997
641	894
129	194
681	936
837	954
656	879
964	995
383	720
61	440
811	901
649	839
341	494
253	610
855	944
915	995
170	841
529	959
119	795
26	567
191	900
320	785
952	998
809	949
24	908
676	834
90	215
408	790
224	969
628	793
39	398
691	849
765	798
14	341
767	844
324	503
193	986
75	967
448	983
410	462
901	965
216	862
95	572
301	906
683	971
480	908
342	678
345	683
512	860
607	868
789	845
274	924
67	631
636	751
456	820
10	999
206	645
25	570
766	982
752	855
287	984
37	809
378	873
454	868
643	804
641	694
269	822
477	1000
141	822
232	940
534	982
787	933
685	922
256	479
32	1000
569	710
632	766
258	525
652	866
430	753
979	995
261	944
944	974
351	874
332	595
497	699
576	992
717	931
870	944
97	957
317	997
298	718
537	1000
705	813
724	826
710	928
173	952
550	710
816	829
879	885
867	996
564	995
127	957
22	675
550	831
13	892
641	949
709	824
179	366
874	891
934	942
772	880
1	737
469	842
427	845
427	616
499	721
256	963
719	724
765	840
209	659
489	942
700	896
629	952
469	734
133	785
61	616
682	963
319	911
470	555
594	850
709	837
387	786
275	316
127	152
337	965
827	829
255	603
353	909
241	439
788	837
256	976
570	614
786	912
827	950
371	670
499	855
77	866
383	909
37	272
345	388
616	622
841	969
739	958
829	851
39	466
787	854
424	802
514	732
753	977
799	864
389	966
623	867
604	625
877	905
588	802
560	969
68	995
238	918
343	971
764	964
141	985
475	861
494	874
535	912
917	977
856	967
873	907
699	983
509	630
734	977
357	990
585	625
664	918
750	921
194	703
884	921
259	869
212	757
699	875
435	765
761	935
780	985
141	998
824	991
870	878
336	944
592	641
160	947
448	596
486	888
250	877
742	814
184	523
15	714
39	842
507	947
157	834
27	724
902	924
340	662
689	816
983	997
331	842
721	997
738	937
383	709
319	953
830	940
225	537
698	986
760	817
531	994
839	881
402	843
930	999
682	897
355	539
901	941
612	838
610	994
376	827
106	966
395	840
964	997
399	959
614	884
355	889
704	777
281	445
594	905
786	846
552	679
546	605
629	899
193	975
394	736
163	840
705	894
218	510
672	717
765	908
608	961
559	961
218	631
256	923
512	849
897	956
547	843
855	959
533	908
808	847
271	908
574	680
450	910
436	975
790	978
91	977
567	677
732	744
589	961
262	566
597	785
602	900
676	849
454	736
10	988
762	852
385	865
753	803
903	976
359	849
264	760
303	688
198	931
808	860
671	976
845	863
430	621
321	863
701	855
128	993
403	932
824	925
199	873
667	978
768	801
859	919
437	930
146	983
32	881
622	683
819	968
678	992
815	997
975	986
419	768
69	884
279	465
454	991
220	824
150	994
291	704
62	881
549	999
309	758
722	927
185	951
169	189
138	647
625	994
826	984
784	987
421	935
481	949
555	935
104	999
608	761
833	879
599	712
819	981
442	994
194	663
469	831
796	997
496	705
694	949
735	987
81	197
293	376
158	417
278	482
335	787
696	766
723	869
217	997
948	987
376	532
826	997
316	895
839	936
985	990
522	1000
424	428
575	597
717	946
496	718
802	990
735	1000
807	839
894	993
176	713
869	936
973	993
285	390
758	839
307	903
7	382
475	487
922	947
153	207
503	963
635	890
459	664
161	970
101	690
758	960
78	972
237	965
889	891
94	916
751	957
28	562
594	973
160	452
929	963
748	888
244	860
230	962
315	740
581	896
653	735
369	747
225	739
662	740
393	552
290	868
780	961
752	899
783	966
535	901
158	914
447	788
829	853
667	791
446	563
248	807
253	922
454	912
349	630
528	632
233	455
352	406
398	522
141	866
655	858
336	812
845	918
164	705
634	856
234	922
481	762
847	856
384	866
805	859
870	988
166	643
657	880
247	982
608	695
646	987
79	351
81	949
750	815
180	928
376	574
942	985
182	708
247	874
407	826
508	878
935	982
632	944
571	934
502	834
823	926
248	954
509	995
946	996
710	985
233	831
756	872
186	490
198	544
406	722
621	647
712	765
142	649
777	931
152	842
160	962
932	953
99	952
98	727
832	951
730	940
804	889
420	899
901	943
87	726
307	958
691	840
140	966
556	652
809	832
654	958
869	883
206	273
290	910
152	976
931	943
460	540
92	144
157	502
19	568
482	972
429	853
919	946
831	833
505	848
720	736
563	789
69	402
690	749
65	697
660	843
109	740
945	975
306	988
391	803
732	867
257	988
458	978
189	295
722	795
488	628
667	859
135	998
248	875
215	698
382	875
965	967
530	746
562	927
823	968
245	991
861	994
979	986
877	975
104	988
197	950
558	929
444	827
213	931
464	513
359	985
796	986
870	935
353	645
671	991
724	817
495	994
798	803
335	776
701	870
219	830
122	897
731	978
782	943
23	891
9	993
513	755
537	883
242	935
531	809
583	999
624	1000
379	940
448	545
816	941
915	920
557	946
469	833
510	642
648	835
501	822
353	658
513	647
193	440
886	892
710	932
522	881
818	879
12	486
867	1000
70	427
311	553
452	492
556	586
943	995
272	827
580	943
681	995
478	895
934	946
276	946
381	962
260	443
61	728
314	679
682	846
635	1000
827	941
725	893
799	842
447	656
603	903
105	138
690	791
313	841
423	972
252	565
596	900
329	785
334	900
353	913
573	916
237	967
139	395
130	841
256	980
56	626
223	803
811	973
93	693
165	798
822	839
293	983
3	921
484	965
341	916
79	916
674	796
841	973
385	693
66	159
669	866
873	898
630	911
148	871
253	924
951	966
533	978
674	917
789	904
954	971
747	907
609	973
337	514
669	987
245	925
364	876
157	583
162	927
518	791
657	869
720	925
250	747
403	989
764	968
623	992
777	907
796	920
386	756
768	858
55	656
5	835
352	879
852	973
805	861
208	642
20	820
328	936
502	823
629	635
364	889
787	992
840	855
499	525
668	748
198	304
805	982
48	774
337	648
342	992
631	866
772	805
939	982
372	871
914	925
50	591
798	979
388	586
673	947
74	130
684	813
386	890
446	941
564	933
691	708
761	952
47	148
117	887
814	815
280	356
629	998
501	998
568	759
243	962
397	877
125	189
913	942
806	816
484	536
489	880
24	780
132	313
188	888
785	878
141	547
399	842
600	832
760	821
490	960
567	655
209	947
605	947
468	649
524	729
512	840
545	788
603	958
116	382
162	727
225	783
392	960
436	737
771	956
804	904
433	668
410	684
401	901
850	956
74	506
676	840
841	907
885	950
95	794
563	899
482	974
769	775
600	966
87	152
426	786
155	966
310	574
857	972
31	930
254	679
493	961
125	565
102	810
225	917
766	975
114	820
475	799
375	861
516	800
455	561
878	923
778	985
817	913
747	854
425	803
544	754
637	982
819	959
590	870
755	974
796	975
782	811
873	966
819	851
497	800
884	980
268	711
777	854
460	918
312	525
518	859
960	975
41	934
597	923
108	466
569	824
302	709
622	687
333	584
723	739
458	993
761	765
659	983
678	996
356	945
650	934
128	300
344	827
738	983
872	983
517	755
388	641
365	886
450	701
562	942
226	993
515	830
694	832
622	929
42	125
133	886
587	827
955	994
559	994
355	706
489	935
508	948
608	886
909	999
716	833
224	896
513	770
719	838
75	544
591	838
682	956
360	905
167	776
272	829
382	435
681	997
318	945
49	491
598	733
771	890
716	954
315	381
196	955
774	895
848	881
490	907
302	856
589	886
811	962
126	859
602	825
404	840
660	766
505	892
307	907
367	958
482	908
568	948
466	900
746	954
773	828
143	395
597	602
621	959
739	951
343	951
875	960
732	911
88	846
473	687
115	979
753	970
558	731
829	965
166	392
176	851
864	959
74	803
415	867
905	960
924	973
32	806
63	910
711	865
623	981
77	993
850	916
528	865
514	967
546	919
824	863
306	937
101	239
245	927
297	565
844	963
882	989
898	970
139	652
815	935
418	976
124	529
60	773
453	704
310	884
714	745
249	645
543	863
870	992
499	527
666	704
46	996
333	989
99	822
76	838
907	995
689	809
386	1000
501	987
386	771
418	989
545	764
858	995
159	994
295	589
756	984
85	779
379	997
613	935
162	245
695	708
323	836
557	774
854	997
647	933
375	474
270	946
388	938
930	992
117	889
814	817
93	266
146	358
846	998
235	844
758	885
86	492
839	995
770	895
602	759
179	427
151	328
505	826
679	713
6	913
656	995
250	307
931	934
573	960
110	970
3	844
72	449
94	733
162	608
341	839
19	559
184	892
506	906
304	957
901	947
230	779
366	788
457	906
341	960
897	949
79	960
313	898
561	734
299	734
683	845
12	677
103	270
94	975
350	901
765	914
892	955
167	965
401	903
406	981
486	681
885	952
711	799
595	624
787	794
644	974
148	578
660	955
794	955
301	793
442	503
815	977
741	799
861	864
454	971
583	627
715	746
238	858
343	911
477	874
81	874
857	866
58	927
364	933
325	453
454	863
187	748
729	802
500	979
439	740
530	858
203	463
464	504
414	912
175	401
309	630
975	979
336	992
220	817
863	923
66	350
200	579
175	751
361	941
576	866
708	985
858	929
622	918
80	369
720	995
902	972
33	294
34	933
409	810
249	592
823	864
587	816
754	993
974	996
303	828
826	869
867	870
913	986
932	999
508	708
351	990
948	980
82	536
529	996
340	831
763	934
568	695
606	987
408	477
388	993
154	826
402	662
305	995
30	790
434	880
902	985
700	999
309	885
918	929
601	993
279	942
867	883
435	960
476	998
295	428
415	722
373	725
767	881
992	999
224	898
821	888
547	999
580	947
19	385
203	960
423	963
101	912
665	725
347	601
600	781
22	804
718	773
9	313
112	963
762	779
725	897
31	974
366	735
584	894
603	907
732	792
778	908
415	856
396	614
924	962
602	948
588	784
445	964
940	943
558	612
174	915
255	611
62	445
375	905
101	107
438	961
372	607
551	838
373	980
546	908
417	794
72	988
148	754
776	848
165	923
225	974
244	987
674	800
899	918
582	982
282	690
340	402
639	964
878	980
65	877
775	973
393	679
52	349
458	808
444	873
604	862
254	749
428	636
870	981
166	636
111	700
419	816
653	983
353	462
647	680
905	975
456	883
743	913
65	998
132	759
882	991
123	939
646	980
319	585
269	993
351	803
444	765
623	996
590	819
92	579
661	699
859	980
316	701
338	985
370	937
571	927
700	812
805	865
483	585
92	929
562	878
735	806
124	652
41	883
242	873
710	978
435	773
200	876
489	750
847	983
580	639
122	956
805	986
137	298
821	930
413	876
721	992
600	702
830	935
80	437
816	1000
976	989
714	989
915	979
934	992
848	925
886	951
30	966
888	997
423	897
323	959
409	999
813	823
55	915
319	961
96	135
607	610
524	841
49	319
477	500
802	822
136	207
31	679
251	948
526	887
806	941
369	903
892	944
23	37
181	623
869	997
943	946
827	1000
519	847
813	836
73	797
661	967
17	902
3	738
655	664
938	952
396	669
377	390
431	626
852	885
315	680
153	618
342	554
603	854
167	967
850	960
65	919
406	983
560	898
238	847
926	955
475	790
62	392
494	803
686	973
644	976
437	683
98	988
82	980
357	919
868	906
618	731
56	927
842	853
391	917
336	981
732	981
933	971
191	334
845	858
371	975
882	925
200	339
461	868
576	855
667	973
254	575
768	796
465	987
803	982
877	968
481	702
357	932
613	629
678	987
326	801
501	802
914	971
28	878
353	409
523	820
724	810
187	871
624	872
803	874
863	925
508	697
632	992
613	750
185	946
564	979
117	933
673	885
392	643
290	595
749	880
143	841
537	997
740	831
349	946
526	579
90	951
272	928
112	710
309	995
340	833
326	935
446	1000
881	928
344	952
564	992
600	649
88	474
635	872
2	959
855	875
693	813
105	828
834	937
867	885
746	824
302	847
272	941
855	996
767	883
739	821
799	835
141	606
325	952
619	904
779	893
190	498
737	896
124	144
552	850
436	904
16	318
656	944
802	998
664	768
572	950
746	837
765	850
597	714
327	853
487	842
506	855
762	781
748	883
514	716
1	868
491	961
524	909
112	147
348	683
12	734
227	622
263	316
650	725
507	676
584	896
556	834
487	963
101	927
618	894
119	981
595	910
498	977
372	609
685	840
322	788
437	738
421	730
63	793
187	334
627	835
871	966
236	455
829	969
158	801
468	963
487	976
743	902
836	864
527	752
35	815
540	987
474	633
592	854
22	243
954	977
95	987
766	926
365	582
7	874
315	990
24	289
122	824
332	405
714	736
865	905
777	792
452	995
171	982
680	859
754	808
569	991
949	983
195	292
324	931
902	908
520	577
208	985
263	692
442	923
502	937
39	947
92	810
942	980
534	926
446	813
614	626
696	924
352	885
742	811
93	136
851	983
870	996
298	770
705	865
946	991
261	888
56	190
116	241
470	473
728	768
920	938
670	763
923	980
983	994
12	534
707	830
347	524
600	704
209	590
233	947
715	950
107	542
38	708
217	939
511	891
571	942
739	755
937	999
730	935
909	937
438	763
751	994
737	830
30	968
9	128
888	999
103	958
15	845
753	774
362	889
205	942
427	789
320	663
292	830
382	494
595	723
278	787
19	792
473	733
354	553
627	648
422	953
405	491
396	900
275	610
602	776
695	967
373	916
478	969
310	567
366	913
653	677
295	969
368	959
720	852
665	916
819	831
678	855
576	844
667	962
455	554
861	976
537	852
778	978
638	675
817	906
354	916
660	959
692	911
117	680
857	978
356	696
671	973
690	986
504	567
421	798
467	914
849	979
632	752
291	459
258	282
717	796
842	976
553	873
298	583
960	968
456	940
671	865
44	932
118	881
720	986
921	976
632	873
420	465
879	979
461	991
717	917
854	922
451	983
740	820
541	876
824	935
189	424
328	997
502	884
823	976
501	925
568	686
243	889
224	647
721	928
784	984
402	653
379	935
594	823
398	948
962	990
833	876
425	822
175	647
510	866
68	484
54	586
513	871
413	933
936	974
490	887
705	812
448	890
30	902
613	994
189	895
645	946
239	258
441	887
501	938
587	941
848	982
433	474
682	949
594	836
943	990
217	886
82	661
445	484
670	831
744	780
802	987
554	885
91	895
719	952
6	33
429	890
230	946
519	783
376	1000
973	990
73	962
307	900
931	993
755	767
526	944
405	654
658	834
140	908
737	898
520	900
198	849
771	896
507	557
572	952
281	739
358	434
225	844
206	565
230	959
868	950
156	744
665	850
202	860
637	788
549	904
843	893
903	907
488	665
498	858
658	847
129	503
597	608
514	839
178	624
838	899
339	986
958	964
419	686
951	961
250	850
692	966
389	965
530	904
103	571
53	979
686	922
782	859
350	973
83	629
229	683
745	977
671	799
627	958
560	968
269	984
398	869
286	399
659	910
141	984
359	914
680	969
620	689
859	971
148	879
110	358
275	691
316	463
574	987
715	926
847	853
777	794
708	923
386	872
601	797
325	633
886	929
349	990
196	519
509	979
564	915
527	996
646	984
304	695
617	926
923	969
97	890
694	880
317	930
754	931
881	972
275	933
872	923
696	926
682	762
76	952
272	635
313	636
590	944
483	818
937	988
928	939
969	977
707	940
559	813
449	941
927	980
127	890
163	584
490	713
388	931
751	754
85	893
608	934
700	937
617	939
109	469
59	877
436	598
721	996
738	936
779	937
894	924
696	939
737	940
679	706
397	993
531	993
42	536
350	652
462	893
355	767
911	985
503	665
668	998
308	655
579	889
560	647
610	993
515	904
788	999
461	604
755	822
719	899
471	834
853	899
676	943
115	906
321	486
192	372
461	496
732	959
556	999
63	837
68	915
288	955
799	905
274	791
604	666
642	958
760	950
919	943
574	679
646	784
85	222
155	961
857	967
774	969
378	969
226	612
584	845
551	668
644	859
308	910
242	556
440	800
775	790
945	972
530	730
260	869
783	910
424	977
231	811
699	916
465	749
63	971
775	911
849	860
511	572
461	980
497	674
650	916
194	636
433	918
455	677
226	625
264	880
83	805
377	757
671	975
349	924
638	798
743	851
32	988
393	967
907	922
678	870
356	819
763	914
689	736
823	965
500	985
393	859
164	999
879	981
165	177
337	698
914	975
793	914
339	478
150	993
948	973
640	820
967	986
227	947
268	948
142	580
83	939
606	980
41	942
682	938
448	771
902	978
640	712
442	993
483	994
571	878
559	989
277	781
786	887
772	989
846	938
441	889
45	889
205	878
386	953
867	997
779	884
580	940
24	951
506	954
547	763
538	943
395	894
716	949
716	720
339	733
595	659
378	661
531	940
112	956
234	424
547	884
160	209
244	846
786	900
202	849
482	903
783	831
922	946
163	894
806	1000
534	541
211	790
734	831
142	956
496	959
408	846
535	887
898	939
339	975
919	998
706	890
188	964
347	957
526	959
653	734
518	546
528	968
882	971
940	949
582	975
650	850
741	968
634	842
138	446
836	976
435	632
514	962
266	860
197	760
508	622
67	916
222	524
824	858
446	683
262	862
644	927
905	968
330	508
863	971
314	463
233	575
183	983
398	871
613	796
458	922
879	915
796	917
859	973
456	997
504	745
872	912
522	799
338	978
35	940
379	750
761	815
833	920
444	879
953	985
865	909
20	817
465	938
275	814
206	943
247	981
930	974
486	997
539	860
425	987
122	949
392	581
736	879
722	981
532	820
518	922
283	759
932	939
696	928
641	992
756	979
401	751
337	995
222	779
953	998
937	990
532	941
251	928
927	982
182	828
724	882
402	831
825	934
668	987
712	764
285	431
255	296
535	579
31	551
55	908
880	991
767	821
827	872
105	887
50	951
573	955
587	890
661	839
867	944
952	988
167	947
883	888
332	785
786	955
827	993
598	904
384	652
458	601
752	819
169	498
293	793
843	937
737	955
14	560
167	839
24	790
506	793
662	781
748	821
192	603
679	950
385	503
560	770
832	963
288	836
174	963
530	598
790	966
452	907
649	963
327	912
621	901
505	955
852	999
885	947
213	783
600	963
856	889
383	965
527	569
403	799
838	956
394	979
553	972
135	984
639	783
47	871
430	609
412	969
11	396
180	848
903	977
840	894
248	982
418	905
616	920
743	961
108	450
51	882
558	915
527	582
310	813
590	867
548	870
317	974
914	964
513	620
14	936
148	936
160	990
522	625
747	972
318	566
865	964
717	800
507	990
708	980
648	700
334	510
284	918
701	977
544	993
681	739
777	972
796	985
279	695
974	991
265	531
495	993
522	867
319	767
29	705
593	747
175	759
698	800
502	888
925	991
909	983
389	459
108	934
278	591
531	808
219	950
714	929
356	955
610	808
744	771
301	467
545	827
490	891
746	817
66	829
811	946
503	601
682	832
468	580
55	145
170	886
693	698
786	889
906	991
890	983
427	956
471	999
526	706
724	950
24	953
57	901
681	994
767	997
901	997
235	907
395	896
832	897
535	876
110	912
383	778
691	894
214	969
644	782
649	897
533	951
329	663
769	935
843	884
600	897
262	838
102	620
470	787
965	995
184	955
748	997
734	833
579	959
202	972
95	846
535	889
81	453
287	558
378	905
636	675
498	970
294	682
51	695
868	954
954	957
183	851
375	792
89	923
207	390
551	954
162	913
468	956
19	864
179	853
127	397
266	741
252	806
939	955
540	980
755	905
787	857
859	962
666	796
597	962
569	863
789	903
197	991
935	957
250	854
733	742
623	870
507	924
455	734
782	863
735	788
410	991
587	624
261	868
756	847
324	924
539	849
761	925
444	989
208	978
634	857
446	806
611	873
638	976
242	747
599	984
48	881
516	986
731	911
53	996
376	683
708	927
515	761
229	929
418	865
191	408
485	626
41	878
723	912
429	465
6	776
501	984
413	871
592	873
900	989
559	696
812	876
853	877
673	946
497	986
612	936
244	540
698	976
953	1000
906	925
104	237
455	989
656	979
210	892
228	946
517	820
333	999
462	884
28	363
267	645
758	882
155	589
587	1000
983	1000
922	990
369	777
140	954
575	653
709	882
786	836
908	947
892	939
952	990
864	877
671	711
593	828
371	715
472	767
90	207
255	540
205	948
274	782
752	821
802	938
34	541
875	891
672	828
42	661
658	893
676	947
132	554
478	962
660	939
390	849
813	952
324	495
637	955
711	904
857	958
631	652
573	970
172	626
15	154
669	678
908	960
586	909
759	837
690	966
643	891
505	957
926	950
155	844
764	888
322	957
919	947
611	794
418	665
652	832
762	963
775	902
461	971
782	797
312	619
685	901
845	853
93	989
233	740
544	632
664	963
433	801
221	393
840	896
45	396
201	909
289	756
674	863
407	748
720	979
921	969
425	802
516	920
956	963
721	800
550	918
187	866
333	691
613	974
604	925
731	966
733	810
906	967
207	700
54	229
735	856
826	974
325	463
261	936
784	977
99	874
333	812
16	876
668	802
962	983
714	918
43	713
497	920
777	974
328	882
763	810
367	810
289	890
302	829
489	921
508	934
687	936
525	874
907	939
332	708
906	980
802	859
922	924
449	1000
144	364
258	880
382	421
855	870
87	998
51	321
431	542
422	988
788	816
306	547
591	945
718	757
9	297
47	552
140	780
387	886
129	133
519	776
290	953
610	931
992	996
274	716
862	886
1	971
276	947
16	313
637	660
790	902
977	994
980	999
345	488
591	958
691	896
792	948
709	950
109	662
482	907
586	964
4	316
195	850
685	943
644	676
506	971
762	897
519	910
394	915
89	804
281	974
88	845
592	607
546	905
213	961
680	841
745	970
201	843
924	972
445	974
747	787
315	864
722	959
815	921
606	784
652	900
891	916
657	749
536	688
613	908
66	281
107	282
687	857
516	975
750	913
721	855
229	918
946	973
335	819
151	998
407	924
949	978
387	457
326	743
160	939
638	978
481	994
434	690
613	921
117	754
733	986
497	975
906	914
524	583
708	929
969	970
391	993
485	628
946	986
729	988
608	927
761	940
420	647
640	650
846	984
326	985
386	999
441	706
64	719
531	865
435	891
278	419
756	983
281	424
241	244
853	1000
911	978
663	876
971	992
423	894
846	997
17	886
320	658
614	876
3	722
283	776
80	676
679	712
197	443
746	887
46	661
404	894
674	718
841	895
744	962
336	615
556	884
181	741
998	1000
253	846
720	726
940	995
86	854
810	885
78	212
602	892
560	895
783	903
287	965
903	968
856	893
317	844
616	911
531	544
643	785
622	662
789	839
7	803
535	959
529	619
768	901
64	290
671	968
178	806
26	937
796	855
226	739
465	984
501	678
817	914
150	865
733	920
893	909
636	987
870	925
529	632
702	789
270	866
430	855
311	638
523	817
872	971
891	984
223	525
932	985
321	868
674	986
508	923
236	989
673	990
318	799
967	979
590	992
230	686
865	968
839	915
751	802
324	994
673	882
464	745
772	861
274	584
955	982
375	407
974	995
779	985
476	984
517	756
696	987
374	936
38	758
654	990
404	815
92	994
510	753
207	944
568	923
348	425
86	654
532	1000
614	810
471	990
66	941
401	931
98	893
43	957
487	705
423	949
257	657
188	823
343	468
499	944
619	780
806	872
589	874
112	949
415	721
929	942
5	557
115	954
450	944
524	893
973	985
785	934
477	552
287	428
693	823
142	949
370	547
512	896
42	718
176	718
451	657
776	942
850	891
762	778
734	945
868	945
558	719
408	960
70	672
861	905
625	894
616	845
780	953
857	907
213	842
433	845
185	743
726	838
638	725
743	778
729	843
156	981
164	805
379	730
747	897
488	902
452	979
842	905
97	751
606	894
653	740
946	962
65	984
780	966
384	966
332	510
84	445
958	972
273	869
674	920
30	818
668	846
733	975
62	807
184	504
571	913
731	902
953	978
851	967
548	929
823	905
592	972
330	972
757	810
13	807
844	964
756	851
88	163
219	646
401	623
62	928
406	701
544	931
268	996
818	911
460	974
534	923
680	977
36	875
757	931
495	931
536	932
536	703
830	921
775	985
915	965
120	761
455	980
648	880
367	867
496	752
707	935
605	924
839	862
825	927
520	816
687	993
179	523
280	346
901	922
543	985
763	988
656	862
399	711
182	942
347	521
581	688
457	881
894	919
737	935
200	996
797	986
396	642
57	947
131	896
318	988
79	477
693	865
915	978
529	942
193	956
375	704
251	934
807	886
466	593
366	655
471	937
39	260
658	763
663	878
109	706
579	655
904	940
637	825
282	368
705	996
267	999
644	720
864	989
277	963
41	198
500	712
712	891
832	956
563	768
301	768
614	999
172	617
908	951
820	838
649	956
202	910
100	899
600	956
433	550
727	768
644	962
127	443
982	994
192	609
44	445
475	897
359	951
787	903
473	972
546	962
847	890
169	975
384	900
824	906
507	970
254	561
553	857
551	784
666	734
275	849
236	857
580	667
678	973
826	844
745	919
523	806
5	880
32	983
674	975
775	798
805	906
590	752
925	971
548	984
763	909
45	400
564	965
60	937
3	403
715	868
305	970
893	911
411	642
675	688
666	868
573	640
652	970
160	996
757	986
70	285
710	911
302	820
677	734
159	808
420	812
236	991
478	753
906	971
69	999
826	978
344	938
688	748
707	761
283	699
355	575
520	642
920	990
15	655
661	995
811	939
737	761
346	876
814	981
888	930
373	713
175	994
500	525
216	766
702	925
867	992
545	941
443	930
168	725
388	994
195	599
883	936
470	538
84	997
901	990
813	877
178	366
670	828
730	879
876	933
821	997
788	820
75	884
586	834
894	987
517	1000
795	944
368	648
492	943
170	892
40	782
931	990
788	941
336	780
575	833
883	949
234	540
51	796
660	877
885	995
637	893
310	498
521	718
106	210
28	785
556	941
528	842
445	844
664	888
722	829
171	726
861	907
410	742
845	899
778	909
93	806
817	837
822	952
467	724
646	726
799	968
439	662
40	916
169	801
43	396
810	834
405	785
284	724
454	906
743	780
836	971
462	501
641	732
775	961
30	578
66	272
296	963
711	976
733	735
631	953
184	264
750	904
634	958
667	906
763	843
782	856
190	981
528	976
294	809
352	979
310	753
604	971
543	961
791	797
777	899
359	911
741	976
83	976
279	393
265	458
817	971
429	566
35	935
52	350
673	926
134	914
284	858
886	926
710	966
911	956
847	971
444	995
566	692
161	643
782	990
730	800
152	823
83	989
941	983
504	753
512	577
144	181
121	463
800	980
915	967
934	980
263	812
299	469
736	995
684	805
918	972
703	818
730	921
515	767
251	923
886	939
490	939
705	864
691	700
621	870
29	995
511	998
712	988
524	937
18	836
78	887
64	952
403	418
12	533
485	982
913	934
264	488
489	872
809	813
580	990
602	749
855	929
496	996
86	603
210	898
246	592
614	988
628	657
848	926
751	993
514	757
257	835
598	899
147	963
683	714
485	995
600	945
414	526
526	767
424	719
778	951
864	991
470	606
382	722
327	786
468	762
776	878
896	943
679	945
813	945
11	257
54	893
697	999
790	961
287	835
669	900
34	426
177	963
650	658
908	953
5	627
588	719
285	681
439	596
40	850
442	601
405	948
451	835
836	905
299	966
32	851
151	802
385	969
794	945
282	504
359	953
452	915
873	945
551	894
638	782
113	668
462	556
324	851
169	977
145	391
57	507
411	510
194	741
903	972
97	808
479	910
23	630
601	607
495	625
407	741
701	959
775	908
35	869
558	910
217	617
879	965
511	569
631	900
51	59
636	749
815	980
446	854
757	975
153	982
782	924
842	975
413	798
36	811
960	967
564	967
60	939
944	959
291	808
276	685
474	929
615	639
40	408
587	806
696	978
715	991
434	749
291	929
310	942
874	984
590	996
114	249
119	593
666	991
721	927
719	817
77	596
223	650
462	932
102	360
305	985
742	986
186	768
492	811
450	814
381	943
785	804
790	882
719	938
256	948
612	997
106	896
725	874
59	821
568	927
862	879
163	878
908	995
345	360
262	591
739	930
563	704
125	478
218	669
572	938
662	831
156	959
142	832
403	836
347	941
650	713
350	946
264	677
671	772
965	990
776	825
280	887
753	841
183	954
835	880
576	656
961	992
470	903
795	959
211	908
412	898
706	887
389	951
494	967
884	893
727	946
801	895
377	796
93	808
159	610
665	970
453	562
236	793
764	949
34	844
958	963
139	631
768	839
262	967
77	167
453	683
120	510
507	919
636	804
171	970
638	850
22	581
467	968
816	856
453	804
434	562
29	742
43	411
782	979
231	876
418	968
196	626
798	960
440	986
333	860
715	925
814	904
376	449
587	861
666	925
559	799
886	928
545	635
605	686
784	917
407	930
742	920
888	974
599	871
511	987
714	858
805	976
395	812
524	697
703	928
124	992
821	920
471	807
853	872
261	997
913	923
434	925
594	877
538	982
249	879
188	869
403	528
205	809
721	874
447	571
302	890
668	984
346	933
291	997
869	974
192	466
87	938
519	595
601	930
730	815
582	651
603	939
797	990
695	942
855	931
60	202
82	715
697	988
62	477
848	928
406	960
868	991
505	939
439	585
771	829
265	957
540	896
922	998
778	953
542	942
781	995
16	603
343	769
558	657
713	945
556	998
231	447
454	950
692	778
945	958
764	883
549	729
810	999
409	426
639	888
358	609
275	840
421	665
32	624
766	848
282	735
469	561
40	155
570	909
467	902
57	509
604	907
590	972
516	794
20	856
534	848
881	892
321	969
214	577
902	951
668	784
814	838
879	967
235	407
97	931
138	969
212	689
738	964
891	977
397	442
710	902
932	978
151	938
164	877
814	959
562	923
482	634
624	983
742	975
860	967
20	990
529	867
293	590
532	872
27	885
217	982
65	588
791	988
739	798
670	698
274	698
436	531
950	981
334	520
89	652
751	808
4	56
797	924
360	657
184	926
795	814
547	749
962	991
146	176
404	700
483	993
579	701
918	921
279	934
587	821
96	998
727	801
171	354
825	878
811	943
916	996
286	829
635	983
179	703
387	881
712	937
813	989
71	123
804	940
26	380
210	955
672	986
204	652
723	988
748	752
290	840
904	999
86	781
58	948
614	937
760	991
18	88
264	558
542	768
289	322
662	833
505	886
706	876
632	661
752	992
384	596
549	892
931	994
340	489
385	905
574	841
439	653
747	769
856	941
553	903
229	550
468	832
776	948
46	843
729	836
533	961
338	951
109	899
706	889
444	852
409	602
717	718
224	556
726	952
269	972
103	451
345	967
638	960
440	975
674	913
715	914
352	862
410	988
666	914
363	913
2	870
585	962
631	849
290	519
634	854
680	970
432	868
812	860
775	978
916	917
98	470
791	922
485	852
67	110
619	815
80	537
649	694
29	986
621	632
640	874
325	984
705	976
292	578
672	799
691	812
420	763
566	817
371	578
538	755
717	986
491	643
656	976
790	939
499	992
573	712
374	997
391	412
318	873
552	774
54	763
744	944
843	923
447	694
941	1000
545	1000
177	604
705	989
760	925
718	928
140	951
214	900
33	825
355	876
737	941
792	877
382	713
277	956
538	997
417	936
832	949
596	938
250	301
58	774
397	994
259	764
746	882
952	987
551	643
649	949
597	759
271	774
664	705
609	769
600	949
479	659
759	942
822	998
753	898
899	952
857	955
361	788
254	662
774	957
166	549
553	958
565	783
410	909
611	670
321	837
627	880
775	778
852	998
125	898
474	786
460	888
143	686
303	675
671	842
168	221
431	860
838	955
557	676
543	778
713	960
914	950
726	899
211	978
687	907
761	856
747	958
645	910
865	950
557	797
328	974
617	848
39	871
884	963
625	968
696	848
481	694
902	953
117	912
511	802
516	917
423	689
390	512
464	498
777	958
166	804
367	794
231	933
702	784
435	699
383	509
302	584
186	638
888	910
626	910
731	963
161	581
326	914
928	982
735	853
647	969
499	576
85	936
723	964
902	966
594	813
497	917
717	920
617	982
703	756
735	974
642	746
936	964
573	875
96	987
738	979
89	533
204	520
591	929
677	969
696	982
677	740
913	980
869	910
814	974
14	130
184	807
84	869
368	628
888	923
791	990
684	864
54	697
221	874
348	649
8	995
283	934
517	872
649	762
915	918
304	993
698	920
758	934
252	308
818	985
22	785
517	993
603	996
751	931
24	831
73	952
288	877
100	826
227	372
168	960
725	999
21	654
577	606
637	886
697	937
623	722
438	942
457	955
410	843
699	717
919	986
877	989
662	835
486	609
725	891
766	892
628	958
414	706
801	886
746	950
37	490
787	951
181	912
745	954
602	942
555	830
558	835
122	682
309	545
111	789
534	892
331	792
193	333
597	948
454	899
734	953
228	327
331	684
377	800
132	969
113	727
149	155
178	856
866	964
198	276
678	913
796	905
161	394
856	956
812	849
397	607
574	977
338	966
35	928
687	854
510	669
362	505
708	913
391	977
726	967
44	869
562	980
818	906
386	983
380	680
941	976
201	974
839	965
756	967
286	523
833	921
392	919
827	847
323	819
404	515
717	975
890	903
432	991
760	793
853	984
605	919
512	691
672	680
779	806
911	962
693	739
763	983
124	996
494	529
36	883
633	873
760	914
724	991
913	927
83	177
561	704
800	986
132	298
464	808
698	975
178	185
466	817
581	804
311	714
572	984
619	830
971	989
360	835
308	645
795	992
695	825
393	460
147	956
307	945
422	932
904	935
964	986
227	427
72	553
22	961
820	941
372	522
919	920
883	997
822	987
588	820
660	696
959	992
398	430
771	941
241	712
917	995
177	956
889	933
746	884
33	948
126	910
60	556
767	943
706	933
744	959
241	833
203	312
590	721
466	951
180	365
152	266
762	949
734	887
527	557
217	368
576	944
567	895
548	616
133	374
391	898
303	785
454	954
789	944
808	957
541	842
882	906
439	831
86	972
213	784
856	890
386	675
861	968
625	957
284	664
611	793
720	965
296	903
819	944
442	957
414	895
543	780
378	972
548	858
51	991
863	906
145	855
747	960
2	577
824	914
120	798
216	506
436	509
842	968
666	971
416	567
715	863
28	162
164	989
341	393
492	791
733	917
678	981
239	345
411	866
413	912
432	925
721	799
872	968
335	992
624	866
263	860
612	748
925	979
818	853
675	804
532	984
578	871
825	977
484	684
520	866
74	291
814	855
607	754
252	297
17	925
50	873
466	522
779	982
536	995
28	296
673	1000
404	812
422	866
804	931
353	995
264	657
773	800
792	813
322	635
468	689
566	995
703	1000
21	643
802	979
655	929
383	995
355	933
811	947
415	947
850	875
41	477
348	664
521	821
292	998
862	885
479	595
295	774
685	700
883	944
546	770
463	772
636	663
961	985
322	998
518	644
592	593
533	952
472	942
752	996
865	873
810	937
595	783
686	901
639	826
322	890
437	611
563	952
942	948
553	907
456	974
55	630
951	953
849	905
150	904
833	897
296	958
525	552
488	899
745	969
523	856
151	984
844	948
385	922
756	835
486	974
26	989
208	966
731	778
538	612
139	866
450	499
923	948
437	974
523	977
204	214
453	918
613	907
497	961
502	810
675	738
559	792
710	961
261	869
911	951
365	926
772	792
818	908
367	972
293	528
881	964
55	885
839	967
816	983
492	859
621	744
800	975
656	967
4	812
532	931
144	526
204	577
173	998
770	988
407	936
365	939
700	929
552	765
901	919
483	931
744	935
568	746
619	940
503	994
429	816
286	996
448	829
542	693
280	693
712	875
385	480
436	940
959	981
293	891
57	126
769	857
792	989
971	991
327	889
709	991
492	993
583	586
786	945
450	996
651	986
202	894
651	757
686	943
410	779
919	922
695	948
877	925
280	706
238	709
887	889
85	201
852	868
697	994
458	483
306	843
655	768
834	999
70	603
92	362
451	709
52	963
759	825
602	878
170	955
863	882
954	1000
348	961
134	709
796	828
19	907
229	488
437	666
743	938
63	950
835	941
711	905
530	830
764	997
549	843
623	792
543	769
870	898
70	845
856	1000
56	910
653	900
611	903
657	790
247	892
266	905
402	500
467	666
197	805
866	900
544	849
585	887
315	797
626	659
741	905
826	949
284	666
657	911
720	967
305	725
921	957
95	915
126	228
414	897
359	961
216	387
395	618
615	621
823	836
854	903
914	954
432	914
91	621
36	685
74	977
724	793
236	746
351	733
309	965
648	690
331	983
680	908
564	962
724	914
316	860
803	978
663	675
527	814
557	922
20	983
617	973
395	860
157	988
559	968
793	906
311	637
457	691
710	908
173	932
66	806
830	973
682	809
520	747
948	965
277	760
48	937
222	824
772	968
529	981
446	983
807	925
270	986
448	992
608	981
663	917
219	940
580	919
478	642
161	935
502	999
491	581
837	989
760	971
61	704
603	758
420	822
552	712
211	419
431	651
609	694
554	758
311	1000
984	985
684	989
885	979
381	951
862	995
17	940
755	869
232	599
961	974
512	882
980	987
746	820
116	653
938	990
79	1000
676	990
855	992
156	725
899	998
780	818
149	951
438	825
820	890
630	995
924	947
984	998
539	584
665	723
926	993
53	839
42	946
312	541
919	990
611	837
421	713
789	880
824	837
361	847
194	441
405	890
826	883
182	323
624	668
844	937
863	950
646	952
136	850
141	965
898	944
474	845
721	722
265	442
812	840
745	850
509	839
836	968
659	783
411	681
268	632
854	958
119	280
927	948
583	909
757	796
784	899
844	950
816	851
728	738
733	853
860	894
282	917
731	780
824	971
194	804
125	970
317	911
757	917
555	968
47	232
137	391
736	979
502	812
64	586
707	921
223	579
173	987
825	913
911	953
682	864
286	635
186	697
365	928
353	810
628	749
633	864
600	687
751	856
737	921
374	869
594	872
635	681
640	988
781	964
538	748
279	982
790	932
499	985
480	743
158	463
108	871
779	810
765	875
911	966
718	800
621	867
249	995
538	869
629	987
188	756
485	979
755	803
512	816
443	982
732	819
429	818
883	988
420	998
547	810
277	949
216	939
439	459
480	985
609	870
917	986
394	716
788	872
834	988
795	996
156	780
104	590
202	896
521	878
815	830
919	924
690	835
822	991
959	996
631	642
364	786
465	838
993	994
387	955
473	958
762	832
335	499
632	722
530	940
945	953
136	555
447	942
359	829
166	663
405	945
639	883
284	655
759	948
308	783
5	974
165	963
613	830
273	910
914	943
49	909
646	899
184	545
134	724
969	1000
565	910
743	953
476	838
539	894
203	679
323	744
620	967
284	789
449	856
550	908
784	846
622	784
71	910
346	620
368	379
805	905
309	967
818	844
606	961
344	924
297	849
259	328
709	793
654	857
962	973
62	982
258	628
514	554
411	870
426	441
138	977
413	916
96	980
578	983
292	397
335	996
13	982
806	847
709	914
258	749
571	980
309	980
785	909
278	583
283	927
350	688
797	919
828	986
943	973
781	911
519	645
221	988
818	978
515	940
119	711
862	984
788	806
251	867
172	308
572	922
374	937
855	981
99	180
887	933
149	711
880	930
984	987
257	887
725	992
480	932
820	1000
23	427
938	992
303	481
5	787
440	715
390	894
118	435
868	933
417	768
771	1000
102	841
165	897
357	838
472	825
365	433
535	881
72	854
493	884
438	948
474	605
708	772
220	954
25	486
412	895
849	896
370	898
865	877
199	787
452	967
523	847
456	857
564	656
882	965
159	607
761	904
673	791
370	790
502	680
4	440
471	549
476	893
574	970
35	921
324	795
370	911
912	965
953	966
750	903
240	801
656	716
391	970
349	973
297	783
113	962
44	862
90	978
585	957
860	896
571	793
240	922
881	955
432	863
853	856
335	930
569	868
830	909
121	449
742	796
131	871
851	968
133	688
463	563
50	919
69	932
89	581
724	863
135	468
489	737
527	992
575	740
742	917
511	984
533	743
1	882
837	925
496	632
807	982
707	815
85	997
195	640
295	578
420	987
827	853
216	928
147	828
246	807
769	848
366	872
213	401
256	1000
834	977
737	815
809	920
728	995
506	882
373	538
846	987
725	926
147	949
885	915
381	887
384	633
205	927
246	928
111	474
517	933
286	1000
470	592
104	471
178	420
758	995
618	692
250	296
917	988
521	759
688	936
135	952
419	482
699	765
253	944
561	831
46	651
748	923
767	936
188	1000
664	929
315	546
347	993
516	536
650	765
667	934
903	945
686	947
493	818
1	90
116	831
713	821
822	993
789	816
808	829
794	931
389	882
342	770
245	837
873	931
570	893
131	442
291	431
989	998
289	735
578	609
242	660
275	608
385	968
627	996
300	372
548	622
601	714
537	958
440	796
425	902
296	788
216	499
9	960
212	794
532	735
220	914
360	628
458	971
511	797
139	925
273	925
307	738
620	969
531	897
242	794
416	681
264	287
728	916
48	928
304	625
909	964
193	757
661	862
279	568
666	977
270	977
784	969
75	509
591	803
828	975
902	961
943	962
800	913
497	912
612	862
240	990
629	802
615	867
408	803
605	859
176	453
286	813
186	875
728	929
832	986
312	987
568	913
642	862
655	801
792	806
107	703
828	988
841	927
299	644
464	977
445	698
598	940
235	888
482	994
76	306
779	988
572	924
957	994
288	872
16	413
145	298
871	927
329	644
637	760
950	991
653	704
283	942
479	588
121	880
589	985
506	950
547	988
588	760
357	598
324	421
463	994
637	881
898	922
15	309
961	978
553	887
157	658
699	712
181	786
239	956
896	997
233	653
472	935
472	706
169	668
282	545
447	878
669	954
861	895
369	958
933	1000
583	658
882	954
26	969
843	999
521	948
254	833
363	776
745	841
583	779
473	907
173	615
472	948
692	951
819	992
120	725
361	851
400	779
754	782
432	731
349	962
289	682
187	900
440	851
352	967
467	954
863	954
646	956
623	972
356	857
342	959
400	900
55	865
149	271
338	961
714	952
673	685
937	960
391	972
647	898
605	901
132	977
517	788
527	981
626	960
837	914
418	967
504	970
265	459
523	983
779	909
894	896
682	747
5	239
367	857
749	922
804	858
265	580
556	729
448	701
709	971
492	973
29	983
404	860
533	745
721	981
344	994
688	804
39	358
195	871
484	745
663	976
792	861
115	878
612	930
109	575
210	886
672	917
289	361
27	132
68	658
362	876
343	634
904	930
174	825
716	879
922	984
378	591
498	656
314	835
93	836
621	992
151	548
898	977
273	659
732	944
773	982
484	879
437	767
253	946
611	654
561	833
299	833
693	989
197	785
764	869
116	833
498	898
565	659
685	990
537	826
514	879
646	998
417	946
899	949
477	960
329	833
208	543
158	951
464	469
829	890
125	774
856	993
625	831
592	654
564	821
330	654
583	834
426	887
720	839
766	955
852	995
351	713
361	906
521	895
722	885
574	906
195	321
659	950
276	431
534	955
532	845
518	947
377	971
932	964
310	917
7	916
507	973
331	976
501	899
413	786
27	979
797	897
453	858
483	737
851	904
276	673
469	573
515	918
702	781
793	899
215	922
605	848
495	976
569	925
154	683
728	918
2	814
689	963
348	633
331	989
210	928
848	956
399	864
886	982
517	856
25	919
677	845
262	337
20	989
101	648
237	694
457	926
490	874
853	926
135	646
314	648
487	805
654	982
277	995
593	972
8	53
87	871
684	861
384	569
394	762
880	921
300	871
200	933
429	756
883	926
744	996
457	939
330	346
10	893
555	693
720	760
843	867
361	827
452	716
364	832
168	957
474	475
861	884
570	937
621	939
8	187
808	994
560	929
627	690
780	932
81	665
843	988
480	936
172	783
776	934
198	957
368	880
261	488
285	845
114	963
287	891
4	539
449	660
528	953
844	930
500	891
664	999
865	989
713	891
201	945
252	910
775	951
935	940
525	776
425	838
870	959
419	794
675	720
441	553
292	430
397	483
163	316
402	561
250	958
604	961
92	786
37	850
455	609
900	959
380	435
220	971
16	912
668	838
337	967
953	970
290	626
937	962
596	669
793	954
292	443
770	970
687	972
291	972
761	921
428	977
106	926
49	392
326	966
242	972
85	988
429	569
38	913
406	814
758	973
496	744
251	913
111	115
104	341
21	572
329	688
427	765
922	973
619	935
438	631
462	988
864	968
445	755
436	935
480	978
339	773
36	183
373	771
426	634
560	634
785	981
903	936
177	832
378	593
586	771
479	645
966	992
157	594
418	635
822	984
238	704
899	938
40	948
114	897
852	863
563	760
755	930
180	470
204	827
713	933
162	830
588	938
211	951
574	774
604	882
246	945
829	1000
567	1000
727	989
243	381
798	869
165	956
354	892
574	895
577	900
38	363
692	887
260	964
678	723
639	997
336	959
745	898
497	769
428	898
447	948
925	950
736	785
144	910
185	911
648	672
782	901
928	955
152	505
215	790
191	204
757	844
803	960
617	955
161	675
837	958
289	860
633	670
932	966
696	955
770	904
122	868
208	908
846	899
906	950
212	798
100	328
462	909
281	339
594	799
728	799
120	916
161	688
837	971
494	568
394	630
377	986
110	871
932	979
536	979
489	904
429	624
423	809
670	686
601	852
463	622
730	737
69	991
204	627
457	807
195	578
219	935
566	979
607	751
876	912
573	874
559	976
507	520
619	761
727	789
374	930
131	943
146	514
230	922
772	976
615	992
293	941
769	907
788	920
672	974
448	1000
167	758
607	993
192	522
505	982
257	880
362	933
128	766
381	946
472	576
790	885
86	769
17	935
48	248
172	543
878	934
776	923
500	759
183	823
651	928
554	995
287	880
493	985
526	933
405	643
65	952
354	826
734	818
987	998
12	833
130	825
185	495
284	474
938	998
206	783
495	657
388	531
467	824
808	888
338	710
71	595
539	700
95	952
752	993
460	821
914	991
465	899
644	901
831	993
146	890
449	662
641	832
104	893
7	960
332	491
6	735
185	966
815	904
212	611
859	947
275	896
817	950
775	953
541	786
539	942
351	891
819	996
392	663
805	832
750	896
221	781
548	910
826	891
89	332
247	955
550	727
266	968
508	730
673	797
543	953
721	959
724	964
476	899
775	966
415	623
527	864
613	904
599	969
673	918
728	854
277	689
307	797
812	969
416	969
139	166
930	961
121	563
888	964
640	862
106	928
221	915
188	738
105	969
802	897
922	962
297	910
443	964
2	992
258	918
148	292
87	807
853	983
911	961
374	985
811	986
608	923
809	913
869	964
203	874
640	875
49	636
904	921
790	819
344	998
732	814
456	650
473	819
643	742
841	986
115	882
230	869
285	768
978	991
408	875
31	888
769	854
614	980
774	932
908	932
170	939
230	990
206	367
431	714
439	575
53	539
177	834
526	988
199	593
144	657
746	991
644	943
47	724
303	650
401	993
146	703
621	996
651	875
301	991
494	891
595	943
359	932
378	945
493	932
658	999
773	986
556	988
607	953
68	904
651	996
692	997
112	422
530	935
764	873
884	938
34	539
194	491
364	902
400	596
336	840
358	599
666	715
762	948
113	539
495	604
863	1000
981	992
525	712
678	954
34	889
153	840
43	214
227	789
750	830
617	715
328	612
378	958
708	833
367	540
465	846
248	848
671	951
251	365
872	941
192	953
522	599
169	969
893	1000
483	607
620	841
102	915
504	895
839	885
622	887
775	900
902	941
687	787
79	150
879	957
552	562
328	854
419	972
124	795
377	975
537	964
449	851
435	916
916	960
731	951
46	94
326	902
367	903
133	736
763	903
174	508
821	844
476	846
335	870
61	338
797	901
107	454
415	570
2	926
728	801
962	968
29	800
337	916
340	921
802	952
399	976
955	965
172	290
894	955
770	919
9	269
723	844
308	565
602	783
313	680
123	519
183	570
436	750
615	981
513	970
950	971
320	804
260	524
532	983
647	970
619	871
94	986
209	973
605	973
691	976
37	223
603	634
682	927
341	634
693	793
524	984
106	996
885	963
21	629
35	298
515	935
862	979
399	989
154	929
718	742
10	884
786	876
651	917
466	871
581	858
746	925
589	978
181	887
883	930
547	981
294	535
304	994
500	640
579	933
216	881
145	412
491	820
904	989
301	925
683	990
438	930
149	827
773	920
938	987
468	809
542	758
220	707
486	826
274	943
637	766
549	882
889	987
741	823
537	764
426	933
968	987
720	885
67	1000
67	771
370	543
653	831
639	933
743	990
239	962
528	836
90	610
360	434
838	998
337	716
414	936
829	949
142	248
171	949
534	772
873	992
738	767
872	996
757	780
352	960
285	970
145	667
923	934
400	664
102	970
699	960
344	503
435	850
228	557
233	901
236	906
934	948
356	971
953	961
53	970
650	960
340	734
23	798
246	318
949	963
305	898
203	850
478	560
15	570
18	804
721	732
504	963
44	978
589	778
830	904
379	968
937	966
895	969
592	968
297	791
591	972
228	920
173	984
374	974
346	912
566	915
249	979
268	992
629	971
133	804
441	920
205	909
344	987
941	977
383	915
171	278
503	751
797	969
811	867
387	576
538	974
147	823
582	751
191	866
793	971
457	985
825	923
551	620
484	630
52	936
128	931
582	872
320	643
614	861
366	759
966	983
778	932
437	639
258	933
693	861
628	880
719	998
875	986
493	692
773	975
498	770
892	926
83	528
776	980
19	772
863	868
389	985
549	937
461	824
667	929
801	929
924	999
220	883
660	926
252	835
627	749
618	929
857	945
461	945
685	875
412	945
186	373
26	909
626	645
84	362
342	886
516	773
10	147
549	950
750	940
543	647
770	774
357	901
585	994
111	845
317	950
537	953
215	902
624	841
641	781
439	832
370	961
134	950
805	889
1	569
657	910
407	964
11	735
300	609
921	956
497	894
772	833
101	628
791	846
331	861
449	853
228	854
314	628
11	627
742	846
571	964
700	849
731	953
689	956
702	895
193	523
210	921
848	949
77	577
237	566
536	862
696	851
511	805
901	960
211	513
221	972
381	924
620	977
243	990
769	777
182	980
811	922
57	985
487	798
76	998
855	965
293	703
716	806
366	693
414	441
773	788
608	980
23	61
170	754
593	857
901	973
920	986
598	935
235	883
885	965
582	698
265	991
306	763
256	942
135	881
138	169
98	999
899	984
398	473
40	765
615	996
540	822
889	976
471	988
801	863
6	134
181	889
588	984
371	986
968	976
154	234
577	596
259	930
188	232
372	578
718	986
938	989
776	927
63	991
27	314
357	943
30	548
114	956
389	932
838	987
549	884
31	958
829	938
259	822
842	877
861	890
14	725
924	946
330	473
968	989
646	938
136	836
516	828
516	599
699	949
336	897
437	949
233	661
747	882
255	945
492	592
172	910
562	836
823	877
419	787
446	890
694	726
363	892
946	947
844	936
228	667
123	910
434	772
425	952
604	954
511	726
860	880
409	715
455	831
823	998
881	939
380	428
817	954
715	906
791	901
736	965
703	788
343	482
417	431
155	431
578	793
705	834
886	909
383	554
723	888
668	952
626	955
263	903
189	688
428	970
510	780
240	919
59	844
782	973
50	795
190	280
728	858
221	798
78	978
730	904
515	750
153	334
691	912
809	904
828	917
702	963
862	915
325	976
485	965
182	927
705	968
267	742
883	974
781	963
222	999
841	977
390	812
598	761
496	979
895	984
494	640
466	578
630	915
371	920
271	753
412	692
716	874
227	417
801	918
584	920
718	920
602	974
560	977
959	982
496	992
193	954
716	995
810	859
540	998
452	885
639	748
892	928
685	864
437	762
795	995
220	535
660	807
491	998
375	823
42	879
787	996
484	995
644	947
759	934
864	987
745	770
165	949
863	991
660	928
558	880
585	754
750	821
516	654
755	936
655	998
284	762
638	765
743	818
481	781
926	939
736	778
694	781
551	998
988	999
60	909
798	875
321	950
902	932
71	546
814	819
981	996
231	912
13	955
729	896
333	896
844	883
481	794
420	784
425	899
659	837
865	942
235	738
881	886
518	834
858	902
350	432
797	892
379	904
103	969
659	958
818	951
348	507
876	892
532	853
691	846
932	972
677	719
190	335
897	951
76	987
712	905
249	915
612	738
510	956
408	679
702	897
707	975
283	913
765	916
517	851
809	959
365	982
561	628
781	897
901	962
304	743
920	975
285	464
670	800
802	956
633	918
140	985
503	808
146	278
827	905
150	397
296	451
807	926
719	813
713	739
825	980
864	908
187	400
885	967
301	687
584	746
718	975
878	927
470	873
231	362
938	978
649	875
635	977
794	970
596	985
384	577
871	924
461	760
669	709
493	978
975	981
209	990
302	363
734	811
329	991
945	994
227	714
278	945
400	642
438	934
18	311
358	645
432	594
597	927
690	889
638	699
71	588
274	947
208	593
441	535
671	997
270	424
416	478
223	312
541	887
398	609
733	828
180	881
330	825
456	964
160	673
891	892
79	196
912	951
411	669
631	938
810	940
851	941
254	722
812	949
872	1000
206	910
99	784
116	199
486	964
444	967
202	387
381	618
620	900
45	669
730	772
298	620
113	840
402	677
319	908
575	605
2	743
934	952
464	774
538	723
736	967
513	895
511	970
519	565
326	961
185	985
554	559
320	392
237	852
347	495
575	847
580	962
673	924
222	988
915	952
593	672
59	738
255	384
697	729
228	924
369	634
676	791
299	575
137	513
362	860
422	911
205	913
642	914
210	991
91	811
485	967
573	814
127	993
797	973
27	237
329	804
496	981
232	871
889	912
834	976
600	809
56	645
811	992
377	471
456	764
206	589
541	579
342	406
567	753
947	974
924	990
63	927
271	876
753	879
618	691
389	868
609	871
199	707
166	530
460	748
606	802
773	979
102	774
630	930
253	943
850	933
951	985
99	476
343	873
852	979
618	812
926	928
912	993
342	648
521	879
551	987
262	884
570	1000
234	822
555	877
674	828
729	764
300	358
981	985
175	363
870	888
534	939
680	993
58	192
13	944
729	885
25	769
34	774
111	728
754	834
784	942
108	430
701	944
219	904
164	968
324	957
525	947
332	552
122	742
137	313
414	887
749	840
812	896
913	948
932	961
383	490
869	878
134	954
700	840
409	893
557	791
226	957
312	960
615	732
909	950
821	837
158	493
397	775
738	839
751	778
525	960
368	488
626	783
579	671
818	953
601	955
255	318
320	676
394	396
424	504
126	581
459	727
404	791
832	972
45	858
370	389
380	619
163	850
545	915
605	966
943	961
795	797
422	966
380	969
218	412
157	173
303	456
695	980
99	168
475	684
807	928
75	979
369	931
503	931
322	856
748	964
681	974
596	866
334	866
683	754
769	794
347	805
438	923
162	759
267	812
616	929
561	993
957	993
330	343
789	857
156	944
794	972
771	988
67	872
516	698
873	972
116	764
732	996
229	412
500	875
81	891
576	870
521	934
650	819
961	977
878	942
836	945
555	932
896	996
472	934
766	886
460	816
138	765
787	945
740	833
234	998
757	773
643	937
729	940
352	953
467	940
541	889
68	965
926	996
819	870
884	999
777	873
923	927
823	989
565	953
532	776
859	942
960	994
197	971
835	999
305	770
411	900
953	954
227	850
450	599
629	830
376	421
501	830
215	732
949	956
756	827
888	946
263	894
721	954
301	368
504	727
200	730
415	618
684	779
548	918
50	907
17	730
707	911
853	965
710	953
806	890
709	957
98	803
561	564
907	972
552	744
153	217
204	448
591	857
797	962
748	777
739	957
918	959
697	731
591	978
572	736
484	852
792	968
508	980
415	752
649	690
561	806
506	870
695	806
758	862
697	852
105	977
880	973
360	937
506	991
288	805
766	807
582	986
978	986
57	118
582	757
3	821
493	914
14	650
179	983
54	988
389	978
752	801
568	980
58	878
667	922
741	871
199	588
484	986
699	874
267	988
459	929
407	473
958	990
708	815
787	879
680	753
396	994
430	578
60	779
178	771
379	761
131	430
764	868
444	661
356	777
213	994
180	817
347	994
689	694
757	828
756	869
981	987
838	938
750	825
139	900
942	995
611	895
745	895
673	726
7	902
222	790
909	939
78	553
606	938
821	826
647	710
886	955
27	736
321	954
930	998
76	857
367	777
754	957
840	997
432	906
215	908
22	742
705	772
168	567
319	965
687	903
814	944
175	957
323	855
703	847
689	949
675	785
105	898
143	924
504	903
499	559
96	849
8	965
707	737
8	736
388	957
145	970
828	963
120	913
601	957
152	865
224	970
36	919
375	385
311	858
402	976
476	962
572	899
317	380
319	978
635	726
299	740
332	688
593	958
791	973
848	955
540	802
655	789
267	909
809	963
506	925
676	848
800	914
901	966
684	968
758	917
582	920
515	930
711	805
568	793
452	581
479	684
520	981
492	919
832	987
651	912
398	466
150	401
554	979
179	809
98	884
244	938
706	740
257	648
100	930
521	923
862	987
3	997
686	990
961	966
658	928
773	915
690	880
108	232
354	702
472	923
539	684
114	949
329	874
852	915
190	944
892	987
151	952
808	993
701	867
183	941
186	421
117	587
246	997
884	988
667	990
259	936
562	708
625	993
91	305
743	985
440	947
833	878
72	965
488	880
50	654
886	889
344	606
196	479
247	939
729	942
443	585
569	724
803	891
314	434
687	945
272	703
764	936
689	762
317	890
12	254
182	665
490	552
728	838
510	652
710	942
668	945
687	958
263	896
203	616
318	603
923	942
381	622
325	727
242	958
421	960
154	845
56	273
641	963
770	848
136	976
