557	969
529	907
312	909
191	619
719	738
930	958
401	843
649	679
184	845
786	913
221	912
719	859
603	913
66	974
327	749
795	854
841	970
230	853
739	959
276	969
832	921
296	389
609	849
256	990
168	877
811	983
929	975
868	965
679	800
610	966
684	915
236	459
17	866
807	985
1	67
56	528
625	685
630	800
753	870
390	818
257	932
274	872
917	978
31	885
540	991
498	994
873	908
773	970
892	921
262	754
198	998
671	693
387	934
225	872
970	989
753	991
954	981
651	980
725	929
329	700
337	524
884	922
273	768
713	811
484	988
69	480
643	981
574	881
522	691
579	996
403	999
315	886
857	940
461	940
199	940
451	932
570	883
592	642
611	655
220	999
523	771
454	937
632	714
659	817
805	871
925	936
185	897
782	887
509	994
523	663
564	701
500	945
35	845
733	887
585	760
879	941
208	773
254	889
636	954
796	943
218	966
754	946
900	1000
597	999
638	1000
726	884
550	887
583	835
435	671
627	878
324	840
925	949
513	712
105	658
721	890
196	776
886	957
927	995
160	853
321	956
622	884
682	898
324	961
365	962
131	795
617	954
39	977
395	841
730	831
358	959
605	836
913	952
468	538
277	970
222	805
122	867
529	962
251	954
96	851
719	793
825	960
533	788
137	330
661	973
642	731
936	949
853	914
457	914
916	970
76	993
473	629
767	847
478	744
691	973
484	909
737	860
65	696
464	967
593	852
901	968
579	688
744	984
59	918
441	983
582	922
857	861
661	986
163	975
875	915
672	852
792	917
341	981
456	702
449	514
528	807
542	742
795	922
115	934
711	928
164	301
573	994
158	752
488	627
584	860
336	758
850	979
743	853
132	699
968	971
343	919
68	714
348	997
945	987
497	568
600	989
741	928
138	635
658	930
759	982
396	930
93	892
449	527
220	704
574	936
646	812
183	822
348	889
871	930
549	879
494	943
423	474
595	995
254	702
543	576
726	926
891	993
528	941
743	866
206	890
187	648
541	880
715	767
257	892
379	589
747	985
747	756
750	990
139	607
322	994
597	933
542	997
146	997
550	821
756	926
195	364
233	656
849	888
650	944
469	603
413	708
7	20
527	958
351	998
645	950
356	847
617	888
328	785
326	941
837	891
675	829
606	995
41	957
430	769
232	259
638	947
605	770
44	962
178	962
379	952
874	894
455	947
936	991
55	976
289	914
927	942
531	713
407	906
30	919
489	716
702	716
559	896
112	850
420	966
98	686
514	601
640	740
290	856
101	691
188	845
408	848
702	837
573	915
67	326
380	786
633	966
723	896
809	899
272	960
828	912
728	974
547	899
929	964
189	925
472	496
255	498
353	804
535	781
457	861
658	851
66	976
355	850
864	956
506	982
800	971
593	907
321	448
538	971
563	735
119	987
70	573
400	448
42	740
704	859
253	923
148	641
676	797
188	979
788	974
683	692
595	808
686	926
553	811
479	633
281	877
368	802
506	995
836	870
473	818
239	651
145	464
799	988
463	810
898	967
636	701
144	764
875	983
523	531
951	978
651	982
200	292
255	982
725	931
852	972
733	755
172	947
246	933
829	988
474	760
754	814
88	990
94	246
140	362
398	886
780	988
736	881
175	356
101	141
942	986
331	832
699	999
666	822
817	991
349	657
569	889
261	544
393	929
935	983
646	880
558	996
525	819
7	893
475	998
708	940
185	670
675	763
740	892
583	945
247	996
13	829
335	843
701	937
324	950
150	834
981	991
296	888
764	993
406	494
645	776
276	650
359	944
455	652
391	896
532	835
413	655
499	658
55	910
129	896
215	899
793	876
638	773
402	725
677	701
608	830
107	319
761	843
310	907
593	707
906	938
925	951
596	712
185	912
147	391
141	317
449	958
3	612
724	897
311	499
118	858
770	784
140	617
502	969
6	802
694	910
265	733
330	899
435	915
118	979
511	910
772	951
758	787
147	862
703	851
804	903
807	908
89	628
242	907
28	389
415	798
327	685
179	558
841	906
552	803
510	843
260	631
688	849
22	988
452	572
80	929
603	741
374	918
184	794
519	747
469	926
725	852
398	457
744	865
152	990
790	981
783	793
672	733
704	914
822	906
662	688
799	922
255	795
381	934
458	629
477	871
596	859
771	860
204	978
619	991
451	626
360	996
836	925
799	814
618	739
790	994
394	994
650	691
311	996
264	884
652	737
349	699
299	878
321	637
660	857
775	807
926	976
86	999
287	760
455	573
498	943
341	996
776	924
5	781
51	897
899	994
829	935
290	361
787	938
873	978
891	995
266	943
756	807
80	258
720	884
967	990
444	720
664	989
516	825
805	928
447	991
534	879
606	984
377	895
900	936
60	959
51	92
956	989
245	897
45	543
812	944
509	943
659	887
106	674
648	728
133	548
606	997
60	972
536	901
756	941
319	903
663	713
398	967
401	484
516	959
596	659
694	965
86	557
812	957
286	847
566	901
626	952
337	849
557	852
307	906
596	780
763	957
260	565
807	963
573	796
941	963
517	901
580	957
217	905
346	790
934	960
739	950
772	898
598	745
18	924
716	966
26	519
655	727
471	906
545	855
429	909
508	973
406	925
693	955
626	965
276	852
904	909
210	986
807	976
581	899
22	935
121	914
732	802
102	635
773	840
385	694
202	758
174	925
114	645
320	979
683	802
688	917
405	794
792	974
778	810
929	979
467	625
651	971
188	981
306	936
521	861
259	632
369	992
584	917
289	474
836	872
822	974
882	988
679	925
665	990
959	979
604	751
433	869
636	703
161	181
171	640
231	654
831	915
112	410
329	933
692	756
585	630
306	949
856	864
455	520
947	982
418	867
611	767
96	587
924	998
256	539
674	823
300	353
33	238
52	251
563	992
604	993
824	996
631	867
4	705
427	542
891	942
710	867
830	932
641	767
269	895
525	592
543	875
507	952
111	952
969	983
625	944
86	370
284	651
726	996
839	873
784	937
710	759
536	835
816	889
324	952
461	957
395	603
243	734
229	836
578	953
770	894
407	842
522	829
370	960
506	555
818	827
499	781
573	730
56	211
489	773
781	881
547	714
115	791
538	894
610	770
601	950
463	491
578	966
471	840
550	904
434	958
396	437
709	897
700	848
827	889
846	902
890	945
749	969
237	794
880	900
369	684
264	402
360	864
84	966
681	956
304	969
478	856
288	961
799	911
744	975
265	977
17	912
48	225
536	982
695	975
354	682
392	974
868	903
417	738
408	918
45	866
53	690
774	975
429	977
162	862
143	354
299	867
307	987
563	913
86	988
466	980
655	916
586	816
768	793
121	982
93	883
896	978
753	929
49	813
539	677
672	977
534	747
470	991
90	706
361	940
581	980
861	997
413	578
652	860
701	981
104	762
95	942
359	988
142	236
763	812
391	940
625	878
201	816
528	945
627	924
85	604
775	822
816	823
731	981
141	950
865	981
1	381
842	997
531	812
127	722
817	940
159	940
591	597
508	599
673	895
571	884
700	769
501	825
661	777
12	368
124	609
614	702
793	933
738	768
187	894
379	835
453	784
594	723
782	959
386	959
279	833
427	731
821	887
724	954
8	784
944	994
268	859
524	556
529	900
100	494
605	895
228	908
346	900
869	941
888	954
423	854
459	548
598	626
615	795
790	796
210	975
380	898
774	788
765	968
10	806
767	785
758	965
119	978
339	981
788	844
433	616
765	860
892	901
410	632
272	964
616	737
728	978
607	917
113	382
371	677
469	983
417	793
598	868
692	732
686	917
89	698
396	855
79	919
795	860
82	924
271	860
519	696
665	750
436	927
563	968
375	688
810	845
361	753
185	527
658	747
363	799
662	866
371	919
320	873
801	917
176	865
570	755
297	337
734	863
687	751
403	992
563	981
347	868
336	938
625	812
597	979
261	535
789	920
808	933
849	934
49	881
319	476
398	769
35	717
631	748
139	774
309	697
567	992
905	987
729	990
624	708
412	825
521	997
636	947
111	833
942	990
914	928
611	890
74	951
597	992
462	767
756	985
393	933
976	988
103	834
791	942
909	934
95	192
518	820
522	939
300	597
599	893
81	967
939	998
323	729
777	936
362	657
648	785
763	772
367	772
666	839
108	777
833	952
681	824
409	890
207	904
477	499
463	601
515	791
928	960
707	961
25	900
302	683
448	966
522	952
883	894
365	968
217	841
368	485
15	855
132	208
739	886
904	953
422	721
408	786
298	914
677	947
508	909
712	904
423	801
739	778
505	611
832	969
931	948
769	886
471	963
94	976
672	724
635	842
822	897
431	746
235	871
450	796
334	850
177	866
567	792
718	961
737	974
938	964
776	902
602	786
560	789
646	792
780	792
725	856
147	879
458	741
353	984
31	933
387	982
547	971
555	795
734	797
725	977
744	990
664	967
697	915
857	867
667	972
686	985
856	908
438	920
584	974
295	871
570	810
518	620
597	913
919	964
938	977
597	684
835	970
472	918
868	918
40	995
577	705
912	924
722	800
815	991
653	929
479	813
597	805
891	986
127	590
113	692
662	934
803	873
539	800
632	762
57	531
466	995
326	692
534	870
768	808
498	947
625	988
840	913
861	999
666	760
504	698
979	991
443	459
136	945
833	873
530	872
842	878
907	943
948	981
530	993
750	996
483	652
488	996
185	958
408	478
699	950
960	991
564	991
963	996
481	956
118	904
742	997
236	896
733	948
273	963
474	953
749	892
515	725
735	994
64	789
587	830
476	999
742	889
869	930
888	943
640	841
268	969
483	894
823	999
587	722
944	996
443	714
300	894
47	448
520	897
800	951
32	325
276	722
637	664
215	971
311	679
30	925
712	730
257	564
499	851
278	623
503	970
584	666
556	833
864	949
160	338
454	556
436	916
670	854
563	728
119	980
716	970
282	449
366	857
908	911
171	618
154	974
732	914
809	905
456	521
547	905
189	931
271	970
390	921
371	679
505	908
841	857
868	960
480	851
361	634
655	852
245	688
369	983
424	690
468	962
690	809
98	934
244	988
674	801
305	446
477	930
348	816
339	996
72	652
774	924
567	860
190	873
792	978
47	824
308	865
294	701
646	860
54	985
766	925
389	975
604	863
81	593
769	967
53	760
884	917
254	521
37	752
190	994
405	919
363	922
303	642
537	580
316	352
660	916
197	889
357	878
85	419
766	817
240	707
278	999
245	822
326	518
699	992
652	917
363	814
454	932
863	871
541	820
530	927
139	776
708	933
531	748
421	876
949	995
756	866
775	879
420	651
351	817
502	949
576	935
562	1000
722	989
777	925
923	979
171	886
255	291
372	876
127	779
509	881
891	946
261	779
421	768
784	820
90	897
613	938
687	887
544	838
93	148
571	941
846	880
543	879
689	933
854	1000
260	261
740	898
330	1000
504	887
559	594
927	990
187	951
803	954
696	828
503	662
902	933
236	843
313	538
122	970
670	775
601	941
362	430
105	774
413	890
661	726
215	905
297	944
765	783
228	844
173	908
350	541
916	952
511	903
101	739
785	883
730	947
867	952
471	952
397	774
94	736
737	842
30	980
9	140
943	947
654	844
601	954
114	570
642	955
675	903
806	834
916	965
28	274
649	850
313	672
598	804
422	844
293	922
8	975
116	737
445	912
706	724
174	863
293	814
535	842
614	906
419	630
593	968
11	283
436	984
549	861
554	976
213	683
526	914
433	686
534	738
264	648
102	586
349	692
643	910
244	935
412	748
178	581
357	812
202	938
692	802
582	930
783	920
158	868
70	984
347	804
89	997
581	971
133	286
264	769
597	915
220	928
454	866
674	869
132	586
137	930
808	869
899	987
972	977
755	979
488	864
245	877
787	931
933	985
643	923
321	872
44	823
967	983
764	920
304	410
6	716
68	133
759	990
14	836
456	952
146	992
963	985
674	882
16	882
558	936
492	582
838	990
156	367
433	941
689	867
124	829
504	821
803	888
467	939
76	788
444	955
967	996
879	883
20	893
629	708
565	952
331	785
606	990
757	893
839	932
944	985
374	832
723	757
76	909
728	835
654	657
538	711
428	839
78	955
936	986
224	780
91	665
204	313
135	442
355	482
291	955
610	937
587	953
119	619
821	891
600	663
811	846
162	437
167	781
556	593
184	950
561	671
235	915
123	445
549	553
848	886
834	951
911	942
770	966
484	609
828	907
621	843
220	499
511	971
431	682
637	787
582	851
348	684
482	913
246	902
788	956
526	956
773	833
635	899
758	969
109	560
408	856
876	961
829	849
414	607
149	861
369	864
314	928
429	915
792	967
759	790
220	741
115	984
808	911
720	798
486	631
260	813
549	687
89	702
286	987
616	862
514	851
841	980
835	906
706	792
403	983
747	793
100	982
263	451
856	965
386	521
745	868
270	346
844	847
574	986
365	583
403	875
713	808
129	757
201	862
96	580
393	803
39	948
543	747
840	970
914	919
680	752
671	932
578	704
13	932
836	999
954	991
35	950
527	658
296	991
24	303
645	879
227	891
650	994
865	919
925	933
125	880
648	884
353	478
757	827
643	991
209	470
668	755
342	999
684	699
923	981
326	762
513	817
914	932
513	588
196	881
344	779
812	884
495	948
261	781
333	886
715	951
131	900
814	930
263	827
249	892
32	140
763	884
8	951
710	994
462	892
99	840
640	898
681	936
612	836
717	889
524	723
381	674
735	943
517	720
14	328
869	879
814	943
874	957
511	905
698	997
54	666
480	545
108	902
572	777
503	906
797	895
52	741
681	949
786	965
832	852
568	779
380	957
287	500
774	847
77	690
603	965
612	970
376	959
706	834
343	782
324	503
251	964
650	673
600	852
809	962
387	973
547	962
406	986
762	850
192	505
445	685
780	904
799	917
307	980
213	564
237	921
686	976
685	788
473	868
459	970
899	976
475	685
669	928
567	917
686	868
746	919
873	960
933	974
495	748
426	914
882	928
21	865
90	470
926	971
664	971
260	881
26	714
884	974
815	874
919	968
960	969
831	855
275	637
613	861
558	925
637	989
461	992
851	918
796	982
667	868
975	984
161	242
190	943
606	858
694	705
652	974
891	990
22	312
421	812
393	979
467	928
62	879
544	882
26	956
153	997
549	997
824	936
717	810
488	987
212	823
50	761
647	751
699	941
421	933
668	810
893	928
576	992
689	869
726	936
275	1000
605	875
182	543
132	951
44	838
43	613
122	906
483	885
824	949
515	837
909	993
191	484
96	890
196	828
347	472
779	883
443	705
589	759
305	1000
351	887
459	649
698	702
491	601
215	962
853	953
677	993
527	968
290	732
545	958
691	783
677	885
203	965
800	955
918	947
119	971
771	897
531	952
168	863
892	894
437	499
170	909
799	851
384	609
496	850
427	979
499	855
922	958
158	562
378	794
171	501
773	835
126	987
360	925
781	955
206	458
151	522
216	917
940	948
463	794
604	733
535	899
628	861
493	902
498	751
129	625
253	920
970	975
607	923
693	963
868	964
766	916
618	789
389	966
494	982
623	867
576	792
669	983
158	804
755	794
788	971
262	861
671	800
487	979
285	993
541	690
183	982
899	923
259	977
856	967
699	983
231	649
64	243
55	423
285	885
808	926
420	521
711	993
852	969
67	928
511	639
34	751
516	754
125	869
787	988
391	759
905	980
256	534
844	970
921	924
301	987
235	596
400	929
450	521
479	993
650	996
870	999
23	834
501	873
289	953
430	700
110	493
946	994
77	316
522	932
797	871
453	832
2	896
464	698
419	955
207	547
532	832
344	781
539	993
654	943
566	830
422	822
675	773
279	773
928	953
499	776
825	946
902	937
709	771
712	776
598	903
675	894
661	959
702	997
821	948
485	999
793	886
677	940
184	778
621	779
230	894
175	958
323	856
266	322
744	849
702	889
301	545
554	725
994	997
8	966
336	502
630	720
38	845
276	902
697	895
265	972
301	666
894	951
402	977
591	913
982	1000
426	782
436	975
274	913
241	736
623	801
394	978
29	328
764	777
783	790
347	903
366	916
429	972
181	870
19	808
542	849
285	927
660	841
841	916
539	551
945	973
783	911
375	857
306	986
359	849
234	854
745	804
435	578
533	921
519	986
371	859
123	757
711	927
752	965
57	174
394	991
461	752
801	857
372	680
933	976
201	569
607	991
467	688
546	981
824	925
865	963
639	916
840	906
644	994
437	930
963	976
715	874
90	822
431	886
472	924
114	950
678	992
893	917
648	820
157	768
652	976
726	925
826	863
46	937
495	992
729	930
393	981
634	814
675	815
611	830
325	473
944	976
963	989
481	949
11	771
370	889
328	892
469	602
432	949
830	995
693	697
860	874
510	761
782	954
909	995
212	838
513	766
578	895
641	951
797	939
57	900
308	482
874	893
640	726
934	944
65	266
818	998
513	887
413	949
532	900
573	901
793	941
677	995
765	842
911	933
594	731
700	898
426	595
579	837
973	993
862	896
380	664
163	895
259	374
603	901
154	846
424	670
167	785
43	978
588	778
491	845
18	921
515	973
114	629
554	901
554	672
834	955
512	675
792	958
778	794
929	963
421	493
427	981
669	743
760	898
204	680
322	901
924	969
79	914
313	852
127	167
546	794
389	847
75	916
498	982
910	963
280	796
753	979
651	968
669	985
722	848
130	973
37	745
787	977
553	810
584	914
468	968
266	982
514	855
882	985
458	923
590	813
172	825
634	856
713	920
859	974
317	691
878	987
588	925
335	479
319	471
711	995
315	995
296	753
829	987
39	831
529	695
405	925
647	687
284	635
537	815
946	983
757	818
817	869
476	576
44	882
426	984
696	808
617	929
791	816
782	996
638	759
613	931
742	816
912	998
731	923
48	664
409	872
502	834
488	936
358	826
726	993
522	934
333	769
71	998
429	706
902	926
888	991
579	650
942	998
983	999
513	821
416	888
556	639
539	995
934	999
15	729
918	991
501	888
69	965
237	778
182	842
297	829
332	786
392	837
901	943
832	843
904	948
293	794
463	717
802	937
688	835
719	902
314	853
915	999
169	391
311	969
490	971
820	846
226	373
484	897
176	552
676	838
695	851
560	892
679	843
642	961
278	684
746	789
424	738
574	682
216	974
637	967
857	970
573	982
788	907
53	458
347	676
908	972
625	849
47	872
762	854
197	816
725	972
885	961
444	693
172	759
204	977
856	903
405	738
919	959
938	972
729	798
835	965
899	980
21	977
577	929
40	990
155	977
599	688
315	700
768	911
873	964
680	798
60	824
65	939
808	983
352	703
109	982
835	857
687	693
291	693
530	975
783	926
884	978
70	990
226	749
759	983
224	410
380	398
660	977
310	827
590	881
851	922
796	986
553	999
367	580
157	999
647	863
451	988
652	978
377	773
745	940
146	877
481	830
159	816
104	880
233	765
486	945
833	989
370	999
967	989
819	862
557	825
381	599
928	997
408	473
587	704
569	835
131	838
626	817
645	830
590	894
216	653
937	938
193	440
284	824
360	782
520	771
742	884
828	887
103	897
225	594
731	991
772	992
846	941
610	701
596	766
243	907
75	542
677	876
228	784
184	943
258	663
464	997
596	887
615	900
790	901
427	849
788	828
848	879
306	559
256	967
22	800
168	854
88	602
635	1000
327	618
230	951
464	889
290	965
409	953
505	890
307	905
716	844
81	333
361	616
443	951
682	967
712	846
615	913
334	900
876	954
283	854
355	959
561	798
385	801
230	964
371	903
552	978
799	855
577	742
785	957
861	915
391	737
322	903
570	739
286	980
415	865
877	896
165	690
266	742
388	439
579	973
750	791
339	991
540	981
655	968
873	898
369	870
451	909
685	847
759	796
363	796
616	976
239	760
748	903
156	991
51	709
753	981
711	984
7	868
609	973
650	974
433	976
350	978
625	688
905	971
19	878
803	923
440	871
729	745
674	809
678	699
939	969
395	576
345	984
754	923
251	568
891	928
187	812
836	992
118	712
577	997
346	576
263	807
604	871
442	809
400	812
171	989
460	863
318	635
392	584
851	869
529	818
212	882
284	987
317	935
358	936
881	977
160	951
858	993
572	636
388	815
830	931
849	944
539	984
976	985
250	881
632	946
673	947
934	988
120	1000
698	748
854	995
279	764
432	777
793	985
177	487
858	885
844	987
622	874
401	646
506	662
920	945
395	831
348	490
284	1000
191	772
614	875
738	941
536	955
715	957
594	896
272	882
571	949
918	993
890	931
909	944
587	893
397	998
719	783
765	899
589	710
203	903
712	780
450	780
744	961
730	834
130	775
517	955
644	730
938	948
695	961
506	796
277	973
513	957
950	958
209	960
140	860
487	904
748	945
104	385
692	784
637	848
783	902
193	871
664	722
760	955
875	905
140	981
957	974
836	913
10	871
151	810
794	953
293	930
790	982
70	858
451	964
658	799
368	966
440	805
99	512
173	232
613	733
766	975
926	964
81	872
585	671
678	862
246	976
801	969
279	335
242	453
440	697
678	983
604	805
912	921
460	797
680	800
50	633
41	584
657	816
808	985
431	998
109	984
379	808
646	923
370	988
153	990
576	864
199	877
741	931
532	757
432	819
859	923
421	926
803	991
944	967
252	888
300	636
150	877
365	765
420	701
650	934
870	937
138	988
754	991
143	837
320	470
476	983
206	893
333	934
135	424
104	882
324	885
520	531
530	990
497	813
750	993
865	980
909	986
193	550
622	929
85	724
439	993
525	996
599	945
874	884
934	935
557	948
188	593
372	939
325	827
503	833
718	758
589	644
415	720
291	950
728	951
84	886
827	930
698	816
848	989
66	953
589	994
392	894
276	948
918	940
413	953
936	994
980	1000
166	258
910	941
929	954
767	892
249	966
593	776
524	905
64	920
320	617
36	40
258	907
238	669
857	906
917	957
232	854
540	970
287	561
419	451
594	977
313	964
561	800
211	916
290	980
664	898
246	910
232	746
452	749
746	967
639	841
773	841
864	959
129	510
643	960
662	973
256	285
841	975
123	924
271	859
250	736
752	903
475	854
375	916
158	918
144	983
295	923
729	855
555	739
868	970
338	741
434	449
444	642
567	978
653	981
479	865
565	639
826	909
229	690
146	921
803	925
481	645
257	937
112	519
364	999
653	873
78	642
421	981
836	994
555	981
233	930
159	752
935	973
558	986
539	744
425	871
492	632
733	758
122	833
805	863
750	927
912	989
328	938
777	801
870	992
969	971
784	925
247	986
333	989
439	927
819	919
404	640
675	874
138	935
91	594
160	953
812	879
858	995
932	944
696	933
322	463
164	843
346	820
196	997
614	756
707	718
27	959
149	656
737	826
617	946
964	990
134	240
793	879
853	893
696	946
809	823
38	717
626	887
251	946
12	435
199	490
490	962
586	670
56	441
200	900
827	998
901	947
221	959
862	955
595	611
223	968
297	954
42	664
98	973
271	672
665	791
887	904
329	613
908	963
493	721
438	785
732	966
765	914
630	955
212	213
390	973
579	909
475	788
683	966
554	852
595	853
862	968
428	447
360	986
794	955
868	904
899	971
470	979
745	918
77	230
151	933
34	799
631	789
516	573
581	968
245	982
102	933
396	922
60	936
674	866
16	866
687	805
310	818
516	923
153	871
411	641
363	866
872	972
206	882
209	399
627	912
849	988
35	1000
687	697
329	989
328	764
837	870
364	946
537	874
60	949
11	764
599	934
136	944
879	988
511	592
870	939
515	711
532	880
270	880
738	985
399	536
757	998
605	870
242	818
770	937
830	988
214	719
723	862
888	929
409	931
750	995
925	996
1	611
376	525
689	985
909	988
721	937
480	582
110	783
325	708
89	431
388	993
858	942
462	713
902	985
943	986
626	821
408	598
913	999
724	834
911	926
503	835
489	937
809	878
318	826
189	904
992	999
703	896
656	821
774	776
302	966
116	318
682	958
277	909
577	612
609	830
936	996
499	958
792	951
575	953
229	316
248	329
216	791
491	730
348	910
12	732
457	853
864	948
781	950
10	807
343	953
202	977
899	905
596	904
618	663
480	958
746	848
690	916
951	957
706	897
711	975
348	923
507	916
567	967
308	972
905	962
569	747
555	620
159	620
197	875
131	292
254	628
534	911
391	862
878	980
129	862
836	983
51	942
627	846
393	679
338	743
250	859
546	921
486	870
420	516
893	965
525	569
120	749
810	967
323	354
446	919
653	754
518	795
344	642
509	975
5	947
16	813
489	508
665	993
668	739
585	970
805	973
645	755
497	628
824	986
796	924
226	808
171	872
362	403
191	521
275	929
430	574
858	984
715	935
338	985
849	935
558	988
833	927
103	822
629	868
562	878
312	932
358	819
726	986
858	876
434	814
920	936
423	655
502	948
128	478
983	992
21	123
36	660
330	878
638	994
853	882
457	653
495	945
751	871
830	935
520	709
621	761
29	886
48	899
175	940
827	866
846	879
455	994
221	827
648	894
909	935
251	935
628	656
325	655
27	961
366	427
383	825
545	658
751	992
622	878
253	486
332	779
514	527
827	987
543	999
702	992
26	443
600	715
746	769
405	476
262	427
649	836
181	502
382	492
915	992
832	957
656	997
802	822
567	659
52	967
38	840
828	959
84	956
189	972
384	659
637	839
655	893
600	957
402	972
572	895
214	921
938	952
575	900
93	631
387	849
63	725
727	890
264	863
83	559
470	739
602	895
662	909
170	972
27	398
882	912
252	516
683	968
144	690
667	731
498	922
350	795
372	554
570	798
817	904
280	736
868	906
200	218
306	873
870	915
262	803
470	981
327	932
368	970
5	881
151	935
431	989
109	975
544	866
819	842
172	994
461	868
507	984
543	678
660	970
668	794
375	986
290	353
474	928
515	700
553	992
377	766
252	1000
219	823
948	969
566	638
34	814
818	859
235	538
782	936
405	986
446	987
694	823
842	987
960	979
187	763
751	805
696	869
775	933
2	717
557	939
469	826
837	993
37	940
763	815
735	982
895	934
913	988
622	812
467	938
126	379
258	764
506	600
222	841
529	998
730	759
23	897
446	1000
224	887
284	938
619	891
99	892
514	582
934	939
818	993
436	662
205	995
312	892
936	985
705	823
135	670
302	847
709	942
24	839
547	651
767	883
450	947
524	896
973	988
288	885
73	731
362	605
427	963
765	958
209	777
737	896
709	834
579	953
390	788
290	850
54	839
472	598
582	958
744	791
293	855
394	907
719	963
961	991
746	837
685	827
97	162
267	839
382	789
401	839
616	727
542	549
748	883
233	437
147	922
389	721
755	778
221	319
765	971
354	619
500	902
651	842
136	625
351	550
917	961
774	912
667	786
586	861
377	687
704	853
514	958
280	791
808	910
954	964
433	969
903	918
190	982
787	972
386	628
966	974
519	928
701	905
183	979
525	679
444	754
576	910
331	813
757	921
316	690
333	630
357	987
236	697
153	928
282	813
631	738
870	983
37	982
372	972
303	872
201	861
550	749
803	929
949	983
238	928
902	908
150	815
819	910
497	859
626	744
763	978
837	927
68	187
441	469
421	985
932	935
333	872
608	811
747	926
346	582
750	931
340	767
224	821
946	991
624	940
839	865
930	983
517	585
949	996
698	862
68	429
450	531
837	940
964	981
501	991
312	826
36	662
144	424
182	716
913	935
668	875
492	649
610	870
739	755
341	601
492	999
693	760
376	824
4	952
205	942
702	994
210	791
688	830
806	822
38	950
63	714
137	663
931	938
205	834
807	902
149	902
228	966
864	884
299	846
404	899
472	545
375	841
265	969
719	910
834	897
875	898
383	961
584	722
47	746
748	830
211	854
679	959
734	895
390	856
290	918
899	962
72	924
507	623
873	946
424	854
429	969
107	918
528	911
329	967
618	841
623	919
590	742
722	898
204	972
815	860
745	801
509	790
588	854
835	960
185	814
570	921
437	806
349	693
882	927
306	996
45	403
960	968
41	927
17	341
979	981
187	752
71	577
819	965
893	914
815	994
823	855
694	933
40	180
224	526
740	820
738	976
148	945
872	976
292	401
531	683
486	940
654	753
117	814
506	589
906	974
488	986
105	696
275	878
550	817
944	973
145	997
902	976
365	1000
222	951
392	874
103	771
733	938
918	920
851	930
837	995
601	755
298	946
694	946
647	871
913	990
388	876
718	751
393	991
145	889
739	810
510	758
648	951
818	874
462	946
295	540
811	834
151	495
381	957
205	997
683	770
691	890
806	877
402	787
728	957
552	960
593	998
890	992
45	900
563	597
788	944
669	727
880	947
286	962
253	785
49	726
238	433
114	855
320	731
256	975
961	993
6	46
418	485
602	831
676	780
929	960
822	834
445	847
660	772
541	555
706	888
301	839
884	894
59	259
229	670
652	773
169	804
783	963
958	964
460	724
878	971
110	345
747	902
673	687
392	445
777	781
685	963
432	517
454	801
660	906
720	920
665	984
241	922
370	807
544	694
783	976
364	992
262	981
380	448
354	984
951	974
954	979
566	574
309	689
59	514
480	507
845	928
58	289
132	992
643	979
742	921
902	910
310	998
939	977
361	1000
557	646
722	979
763	980
647	805
108	756
798	974
32	946
302	770
696	926
178	1000
314	595
663	749
715	939
756	977
258	700
411	713
969	977
353	708
293	428
27	952
710	982
737	819
420	654
846	991
920	940
837	942
4	941
496	649
513	818
503	773
107	544
915	983
497	995
304	829
505	819
832	948
670	886
559	826
911	985
718	819
663	883
520	834
561	606
841	889
247	416
904	945
535	590
402	963
355	888
468	765
277	968
32	383
706	822
436	961
389	657
394	964
134	367
589	947
448	971
341	845
248	617
79	845
607	964
128	737
356	564
194	273
42	670
878	905
456	916
690	854
473	856
82	971
808	846
269	797
398	682
651	899
348	861
678	736
315	684
158	966
713	959
873	948
336	972
4	270
743	838
607	977
660	840
835	841
725	969
926	959
540	923
875	913
372	787
919	956
775	911
577	926
764	789
956	959
111	867
553	983
207	346
537	975
905	913
569	698
481	814
622	790
720	867
267	333
164	649
342	921
386	698
565	929
960	970
738	857
743	972
803	986
756	911
85	706
123	998
775	924
439	975
296	926
442	980
590	878
703	755
837	984
207	588
620	757
358	986
205	515
826	862
349	937
705	801
13	988
617	873
87	644
133	760
601	865
174	532
449	996
215	829
707	766
839	922
99	883
203	940
712	817
617	994
592	937
485	811
397	927
913	992
302	838
47	548
489	701
112	714
299	540
404	593
629	940
427	954
462	948
131	848
313	825
533	828
294	317
684	997
100	717
977	990
342	479
110	910
853	954
586	610
718	995
382	551
234	424
855	1000
651	941
417	774
442	538
77	854
765	962
776	828
640	967
660	882
54	843
637	898
227	505
292	900
507	559
267	843
46	844
288	902
766	904
274	967
366	970
686	911
83	618
759	901
602	954
477	922
692	847
521	965
259	965
815	917
875	968
42	967
472	965
805	845
361	868
829	973
326	847
768	963
88	975
905	968
946	969
135	232
608	681
197	881
403	986
199	927
450	509
510	560
460	968
212	866
639	970
275	922
421	976
891	925
296	981
953	985
571	691
648	874
529	694
768	976
23	822
28	937
266	994
173	766
219	882
198	530
327	415
621	633
805	979
524	700
340	879
942	984
694	882
740	998
270	820
724	990
858	990
13	935
622	750
272	866
566	589
254	997
763	874
477	480
298	774
927	982
30	959
580	874
728	772
203	887
184	645
454	469
304	939
423	890
566	710
249	774
340	892
482	716
298	895
270	833
452	544
61	659
696	941
575	880
470	598
934	998
772	936
890	928
876	993
193	734
29	74
359	474
223	842
705	882
61	780
506	901
487	659
332	785
60	326
252	496
491	778
155	829
67	716
876	885
609	770
447	479
586	786
718	942
864	996
112	903
129	318
487	780
473	845
257	732
269	557
744	850
752	940
482	850
265	852
466	842
595	727
586	907
864	888
17	198
664	719
394	858
442	606
378	850
639	891
373	920
541	733
794	950
417	963
255	901
153	853
394	979
664	840
631	663
213	675
9	616
532	620
432	682
592	671
93	987
385	866
530	961
595	861
644	982
201	907
830	849
819	956
260	992
34	915
604	802
515	693
694	695
974	978
745	926
872	967
8	404
283	572
627	907
849	983
613	972
907	924
134	974
731	964
543	913
120	581
736	813
240	646
23	877
446	980
548	762
606	969
842	980
143	942
110	536
283	464
536	644
775	926
453	875
833	867
184	458
34	928
610	795
707	876
22	773
467	931
869	911
371	405
610	687
689	980
501	929
620	880
155	292
179	585
409	818
758	935
1	727
876	927
210	837
435	955
167	881
376	991
730	994
804	943
656	816
35	203
941	948
605	999
591	835
635	878
943	994
41	368
588	766
684	999
758	948
73	845
384	478
339	964
306	787
448	907
272	947
588	887
753	954
579	838
477	790
463	892
494	730
889	1000
820	900
66	963
33	786
864	943
253	789
968	1000
142	958
202	972
706	771
458	669
512	905
878	962
354	962
662	849
627	828
352	623
16	674
525	551
623	857
301	843
884	898
543	605
345	849
419	798
4	556
474	505
966	967
396	851
817	844
762	908
211	805
425	734
287	800
364	983
354	975
467	852
352	636
357	980
546	916
208	857
650	973
777	785
634	965
6	642
157	811
840	841
666	917
132	983
108	397
605	678
11	693
701	911
816	861
117	860
714	850
211	229
851	855
923	960
178	991
934	974
165	234
101	478
127	881
261	881
569	997
911	963
622	860
168	424
415	530
888	979
62	937
621	635
860	917
175	814
777	919
763	984
615	820
386	997
707	823
471	583
550	876
897	920
434	930
814	922
800	987
43	779
640	769
538	987
571	935
953	1000
832	939
276	758
207	887
496	761
697	751
86	597
927	984
154	768
198	774
365	951
712	766
763	997
269	425
334	820
661	949
241	363
922	990
834	877
853	890
457	890
718	931
140	954
649	831
676	705
566	833
538	1000
712	887
486	544
257	721
202	785
582	777
688	944
586	667
603	836
98	849
607	955
87	956
692	770
771	834
383	954
451	829
214	916
102	446
616	896
957	960
299	960
519	963
99	148
618	713
764	767
931	944
366	906
37	667
221	259
364	796
746	898
382	850
403	909
945	963
549	734
861	969
201	667
660	952
335	401
519	976
899	968
394	981
282	511
180	729
829	909
815	974
116	973
914	953
437	799
844	894
486	920
701	845
35	755
926	963
342	912
461	863
483	622
768	791
729	799
756	902
701	966
164	761
442	971
612	628
851	910
273	933
359	973
298	697
974	980
368	389
263	861
268	939
161	584
749	754
386	702
606	971
900	923
118	887
715	877
314	533
728	816
2	712
356	944
34	930
631	920
502	998
879	985
340	936
312	874
163	751
572	690
295	412
508	934
453	998
57	769
272	694
392	988
24	592
948	977
731	979
323	888
670	703
656	805
837	880
124	944
243	895
825	991
222	957
337	944
712	821
918	926
205	990
802	980
568	813
848	867
707	891
663	821
869	926
602	811
814	990
781	813
459	762
560	585
293	958
265	896
383	888
410	496
883	945
24	955
547	767
681	996
790	902
301	711
876	942
366	840
138	195
643	825
852	935
785	945
40	791
667	889
718	891
286	968
65	969
385	910
519	910
799	964
582	966
339	979
774	907
542	786
674	905
574	967
912	962
277	451
361	859
562	620
727	953
551	956
456	867
743	897
877	897
613	787
659	903
442	905
645	739
461	918
199	918
636	690
534	908
553	921
14	872
430	787
354	977
440	751
173	636
178	980
747	908
833	911
72	998
708	916
735	790
513	677
231	762
754	803
528	985
710	962
118	821
715	811
310	991
791	806
340	641
782	986
840	964
699	988
872	916
149	521
784	803
849	932
360	704
791	927
344	881
237	755
523	883
608	927
508	989
797	863
434	811
599	878
244	650
543	983
49	411
386	999
97	896
138	934
721	989
894	917
536	943
816	997
179	642
676	694
695	707
772	927
477	484
876	984
909	932
270	945
526	871
820	823
586	656
952	979
971	992
52	722
382	597
542	586
98	838
566	943
827	984
505	704
629	999
582	658
623	659
661	951
177	838
774	828
218	610
691	830
121	943
797	997
360	959
874	951
753	890
730	943
568	881
573	959
53	435
311	959
672	938
801	823
639	761
107	900
189	969
13	255
257	844
651	1000
903	955
989	995
655	890
135	854
732	844
759	947
919	936
795	900
871	895
337	436
683	844
378	962
350	900
295	964
181	862
165	854
170	969
371	959
725	962
375	849
223	980
919	949
564	721
352	572
472	903
420	447
365	511
650	909
534	963
548	632
873	954
451	965
74	978
32	981
151	932
747	963
717	791
221	624
842	971
446	971
625	973
377	871
437	922
784	966
944	955
803	979
305	968
617	745
9	862
721	802
891	984
729	922
742	861
194	992
142	573
526	684
321	989
159	927
283	468
200	699
117	930
860	974
832	875
400	989
482	762
633	931
848	856
531	920
751	923
580	812
791	995
31	718
430	989
589	982
608	995
828	998
962	998
43	957
874	885
170	769
285	490
758	939
292	880
347	587
466	538
416	946
779	998
575	939
137	713
27	87
362	831
348	667
427	960
380	885
452	495
589	995
357	837
885	993
810	819
760	998
526	831
195	960
355	949
14	619
522	537
505	893
54	957
255	947
725	896
711	961
425	604
141	845
664	886
213	721
3	911
176	839
704	958
831	999
449	668
965	999
574	848
49	734
544	676
7	737
764	945
556	952
468	839
113	611
588	904
357	971
558	961
35	920
546	907
714	720
7	858
318	491
306	925
414	724
741	853
842	905
861	918
606	665
377	805
726	959
745	972
397	491
523	630
435	517
407	684
123	925
486	748
599	625
783	971
731	781
879	908
39	931
736	859
102	987
160	928
192	917
453	921
539	961
200	512
48	872
736	980
180	799
216	456
870	980
708	918
372	969
91	461
710	735
467	977
126	418
227	995
263	689
342	982
409	743
939	972
736	872
923	964
633	865
163	687
872	918
481	996
462	754
906	916
804	868
969	972
661	819
25	874
971	981
401	865
902	918
681	919
473	475
818	924
881	980
894	919
622	985
654	937
478	940
607	825
15	950
772	929
978	997
288	587
279	996
749	945
31	665
196	998
633	999
688	935
314	953
350	647
355	762
406	956
189	958
323	958
288	937
725	938
885	927
422	937
964	991
568	991
345	424
792	884
214	907
429	832
897	937
896	941
247	532
15	963
445	776
876	999
554	948
614	999
889	938
433	658
512	951
383	837
873	930
993	995
126	915
841	897
426	655
371	719
142	896
183	897
780	887
926	941
945	954
540	905
347	776
479	666
19	910
542	951
198	912
454	838
46	784
982	994
734	892
679	956
89	861
741	787
801	838
933	957
160	741
206	628
660	835
477	862
241	851
623	916
764	892
884	957
507	970
204	969
460	895
726	785
197	929
541	739
150	854
131	575
155	969
819	949
442	962
571	847
851	901
815	978
111	633
537	970
671	970
831	959
564	844
583	857
5	880
784	847
151	934
321	857
624	629
305	849
948	955
967	968
208	916
645	688
824	919
240	868
548	984
345	921
837	858
647	734
592	798
710	790
803	981
434	855
217	857
728	807
673	871
893	911
879	976
516	924
510	621
601	739
955	971
614	678
913	974
710	911
932	987
696	976
715	989
85	822
71	924
682	812
869	904
134	980
312	986
601	860
105	922
606	975
578	876
608	984
962	987
277	884
299	643
423	709
557	938
441	992
894	974
668	927
294	420
846	933
301	581
807	941
908	993
820	880
811	831
809	987
575	820
547	987
962	1000
406	782
392	884
478	887
161	951
684	992
311	895
718	990
897	992
280	535
500	767
780	821
992	1000
744	898
293	962
484	944
864	936
809	1000
253	782
547	1000
192	772
841	952
113	250
598	965
885	995
169	559
783	947
609	831
339	970
961	990
149	846
331	557
410	850
308	839
468	828
789	883
753	960
197	742
852	939
711	963
563	836
475	952
31	975
298	501
93	806
564	657
546	788
26	981
375	906
939	948
111	796
639	952
840	942
773	952
231	632
281	978
878	968
592	611
757	907
168	283
893	953
153	914
282	799
347	965
636	802
625	909
55	756
946	964
528	976
440	863
238	914
16	801
673	805
444	982
29	740
879	910
34	855
390	453
534	912
229	801
710	845
197	997
733	977
315	989
337	748
516	979
227	876
629	856
823	907
441	576
465	933
430	912
517	800
844	966
214	533
816	867
365	931
244	641
617	923
562	987
629	977
837	926
133	581
353	813
638	982
591	870
932	934
517	692
527	885
575	633
742	810
194	941
309	928
483	815
450	638
568	859
793	977
330	987
760	800
779	813
724	877
765	878
825	929
542	577
313	754
781	859
332	767
907	998
786	937
698	861
485	982
380	700
438	641
186	834
542	698
387	824
332	888
582	770
716	770
17	998
526	875
586	889
619	837
672	929
443	877
869	985
566	947
679	824
87	949
431	722
752	814
628	778
438	883
341	950
938	940
79	950
896	943
352	550
25	192
725	832
213	657
70	837
447	595
75	952
493	711
892	945
88	891
547	947
146	603
206	617
885	942
95	786
269	673
303	671
558	897
150	843
439	717
141	794
342	784
521	786
933	959
532	615
327	920
528	910
440	797
863	900
541	620
250	673
81	864
67	966
172	982
199	856
842	962
699	913
50	504
335	865
51	877
338	907
747	846
659	962
411	631
216	392
400	967
891	975
624	860
22	297
715	978
393	964
355	443
761	865
833	970
612	742
925	973
430	967
320	341
316	636
569	816
159	918
608	744
62	985
296	923
356	937
194	875
235	647
675	690
821	973
196	921
793	911
42	225
481	824
2	826
184	803
925	986
224	875
334	518
490	765
116	524
11	767
816	935
709	809
700	989
860	978
235	889
510	865
785	804
152	891
936	973
158	642
209	873
911	916
487	817
552	946
607	653
612	997
596	760
890	978
325	940
922	930
779	881
383	881
462	945
864	925
984	990
423	953
885	984
68	496
71	242
100	943
145	191
463	766
241	653
790	895
843	987
72	615
58	717
366	833
256	961
6	32
718	992
253	892
198	956
165	779
896	998
929	946
660	758
389	938
482	900
655	828
801	882
223	905
121	894
336	782
646	715
766	780
917	949
581	1000
636	670
512	900
873	879
262	954
195	964
212	379
644	790
685	828
280	779
357	962
357	733
351	659
86	913
172	916
466	905
507	906
144	854
567	957
653	960
686	908
639	833
528	965
127	621
743	890
351	780
76	575
796	901
218	924
680	955
83	736
5	816
316	449
775	963
49	859
742	786
95	975
544	801
304	560
851	958
290	396
364	870
248	924
96	796
219	866
599	858
167	218
282	922
92	798
694	866
735	904
229	803
738	909
232	283
490	807
132	870
333	860
775	976
508	632
687	863
425	863
198	406
571	917
139	994
906	907
488	919
675	974
155	450
97	768
735	796
358	809
559	799
867	915
946	979
310	997
640	872
222	884
502	938
59	634
501	979
932	936
429	810
756	976
897	915
272	863
846	869
612	702
105	871
573	710
705	866
429	931
723	920
368	692
561	592
147	723
77	893
839	987
438	643
267	761
709	877
695	942
876	990
554	939
672	931
691	944
107	893
186	957
233	480
445	659
725	942
260	842
480	882
788	998
498	899
878	891
561	955
216	957
560	767
431	616
169	845
81	732
62	490
475	888
494	901
931	939
595	953
122	275
889	942
493	942
713	945
484	893
205	246
778	845
487	898
387	960
294	732
146	605
275	490
330	426
426	888
657	784
137	785
128	965
21	839
986	996
764	883
903	961
722	886
433	783
584	952
447	839
273	686
873	947
551	896
933	961
344	566
321	848
250	904
835	840
384	904
458	853
530	958
241	855
497	781
750	961
244	335
175	501
400	848
345	912
47	989
303	915
699	915
349	802
523	689
657	918
476	614
775	910
687	797
777	956
400	740
708	856
735	959
9	855
336	984
465	869
74	984
99	748
613	969
580	792
907	921
566	628
373	462
328	985
309	743
358	864
867	970
430	740
724	921
70	168
168	703
814	851
684	741
735	972
275	987
853	927
228	646
448	878
869	908
695	755
948	972
6	947
744	876
441	875
615	762
624	996
209	754
283	703
295	757
517	870
663	695
420	937
943	978
478	649
684	983
703	996
436	652
399	999
297	988
894	978
792	930
300	993
897	983
508	942
957	997
346	880
332	945
827	924
593	757
376	759
73	950
804	940
512	768
880	935
79	886
244	953
901	994
813	881
197	612
237	950
727	814
457	953
176	940
341	778
676	997
552	961
329	889
623	841
889	997
634	707
474	489
73	145
190	730
518	532
776	827
882	957
82	904
385	676
546	779
370	553
898	938
917	951
287	784
540	964
177	912
438	953
713	892
88	840
456	970
308	843
528	846
753	964
315	967
12	966
686	910
639	835
845	903
745	965
65	977
762	905
252	803
104	676
439	895
650	849
400	674
565	970
639	956
102	980
565	741
28	802
418	728
657	973
872	898
443	492
16	913
833	906
483	564
83	859
583	916
134	797
225	390
194	811
483	685
722	967
92	800
821	909
413	855
143	994
358	919
738	911
638	973
757	924
490	809
495	924
531	618
44	988
696	914
30	824
117	749
610	847
307	809
689	911
226	921
763	860
422	567
485	852
526	624
705	855
946	981
839	855
407	932
949	986
869	963
902	911
728	758
179	287
598	648
702	742
432	881
416	873
622	978
751	863
186	825
599	994
337	994
101	717
918	976
978	990
890	914
493	689
971	987
492	989
170	938
681	925
304	938
734	751
920	941
82	596
813	815
221	940
596	817
114	777
95	535
191	997
755	810
39	374
350	532
446	469
897	930
635	930
5	497
459	704
758	1000
257	718
651	874
959	990
771	939
790	952
191	889
686	831
691	946
295	946
971	1000
470	718
487	887
676	823
822	877
373	785
412	713
494	782
567	772
498	901
561	957
113	309
285	793
375	952
268	560
342	546
372	654
470	960
146	836
473	965
569	673
926	947
444	678
645	668
466	962
777	824
419	850
9	723
551	777
181	978
449	729
196	320
632	850
208	788
245	855
933	963
509	901
435	686
32	747
44	801
252	979
169	981
826	958
41	917
523	920
44	922
369	453
902	953
81	989
442	968
469	576
708	858
317	973
754	974
914	963
955	964
113	914
335	761
154	686
314	409
571	974
122	882
698	786
15	527
543	912
390	404
455	799
212	812
886	985
779	859
619	641
407	987
481	936
517	630
589	735
737	862
751	797
640	700
497	917
505	741
139	943
491	577
432	936
471	635
797	805
520	756
869	910
888	923
700	872
464	861
846	926
791	990
482	649
535	741
788	921
848	972
691	988
624	998
116	528
407	1000
608	990
809	980
520	877
594	826
649	762
681	980
874	880
230	815
885	975
100	705
716	937
633	939
366	824
378	649
894	980
300	995
74	652
368	870
445	824
307	890
744	891
771	994
804	942
908	999
883	942
695	891
987	999
780	935
114	845
100	947
58	950
254	367
713	881
551	819
484	829
396	945
919	986
794	991
868	940
68	850
414	706
873	991
64	327
704	953
481	615
560	945
665	961
780	948
315	848
549	786
262	958
396	958
358	437
93	920
578	669
261	733
294	681
338	953
627	827
558	956
544	792
7	853
347	958
699	851
845	905
265	330
437	851
46	966
266	969
555	843
949	962
775	846
678	913
923	946
942	959
226	789
353	564
532	795
270	795
580	728
736	975
273	985
465	926
377	813
867	906
438	500
332	518
227	990
39	939
642	680
941	976
462	978
28	228
33	572
90	877
277	932
934	973
10	588
953	986
254	985
906	911
918	965
529	924
59	746
909	916
372	977
867	919
130	626
930	975
630	683
186	935
186	706
552	763
730	806
94	824
286	765
855	922
459	693
189	832
120	998
445	529
832	938
684	811
188	873
353	940
91	940
908	933
378	704
691	935
281	771
570	645
179	760
506	889
450	994
670	997
73	778
964	986
697	871
265	948
788	989
540	658
223	951
553	597
773	866
300	942
258	945
299	946
387	830
15	958
739	989
183	771
494	663
669	893
429	948
630	938
607	954
588	712
109	714
769	989
600	951
317	599
822	1000
574	898
238	720
571	600
447	830
722	769
418	772
671	952
743	828
239	800
242	546
371	956
222	567
260	859
576	836
125	900
249	441
903	965
648	675
264	978
565	906
421	898
495	618
407	734
25	440
835	952
169	862
507	857
78	680
303	798
416	446
541	855
701	844
525	847
654	732
766	973
907	912
152	750
842	968
69	752
471	503
335	871
624	745
613	852
217	623
700	740
791	858
702	786
537	978
559	737
812	917
872	968
608	858
268	938
106	876
390	406
469	699
763	917
152	992
367	917
804	918
331	994
388	976
181	646
723	737
272	801
566	982
728	815
814	855
82	640
423	704
505	743
703	987
772	858
202	705
813	859
78	935
802	966
614	915
619	993
94	879
677	971
751	920
71	932
286	820
308	579
500	520
832	993
730	982
931	972
64	892
105	930
716	818
163	871
619	885
883	931
828	995
382	649
943	982
579	934
307	1000
436	885
394	888
26	492
512	880
853	944
226	523
677	984
556	923
635	987
850	875
910	926
607	888
533	710
519	775
156	723
494	947
292	769
644	662
456	840
487	944
343	936
885	990
119	962
232	839
787	832
78	143
537	657
831	875
583	773
128	903
563	831
692	716
465	902
391	724
583	894
242	372
57	555
269	734
599	609
669	853
326	716
768	832
270	555
836	966
393	891
398	740
475	960
43	283
557	733
810	950
268	630
501	838
446	902
726	956
75	208
285	984
117	619
678	915
942	961
740	746
261	977
297	442
682	741
575	615
673	692
714	730
653	979
782	864
485	614
173	985
911	951
847	966
332	749
511	980
800	854
772	792
502	931
469	754
656	846
735	910
476	915
503	752
131	880
76	944
106	823
3	816
438	515
603	811
508	988
415	760
401	633
621	865
676	801
640	878
115	993
929	981
362	870
491	755
818	921
188	754
311	824
259	634
383	929
316	939
264	483
101	950
477	483
790	943
614	983
807	883
273	424
345	529
591	999
503	886
248	596
389	986
596	821
871	989
771	822
774	827
778	946
864	986
239	668
940	981
357	660
31	904
834	999
746	886
933	941
468	878
8	368
607	956
767	945
651	999
725	948
145	373
852	989
38	247
678	836
447	940
667	943
686	956
452	789
534	828
61	904
317	830
479	663
537	833
905	1000
602	999
817	887
674	838
775	890
981	995
558	663
669	908
273	908
470	964
745	903
583	841
863	895
33	145
865	941
590	736
273	800
740	909
418	666
762	964
517	608
555	900
467	787
627	776
921	957
33	266
626	780
777	949
414	897
617	731
326	784
441	734
231	924
336	977
471	613
173	690
527	922
43	580
731	954
373	455
356	811
180	851
27	986
379	916
962	971
833	857
194	870
601	965
62	162
243	991
353	634
413	914
666	865
275	980
724	806
42	220
830	973
126	591
19	465
239	468
571	978
689	970
207	930
188	688
909	973
886	989
605	976
187	988
765	928
825	979
883	920
217	867
337	932
323	997
1	717
334	863
315	355
399	992
559	981
719	933
619	995
218	422
897	976
11	883
508	935
440	471
785	920
568	922
427	946
581	632
70	416
625	638
795	820
514	807
285	718
758	938
637	877
771	877
480	930
862	995
208	242
493	869
980	987
195	946
537	646
743	751
552	954
500	764
794	982
450	943
12	946
727	928
19	841
676	882
142	948
706	990
780	939
885	992
764	931
141	952
174	900
475	828
595	893
227	497
130	830
97	616
102	731
410	847
308	836
789	880
627	818
585	592
227	847
509	947
344	385
743	885
440	847
51	806
865	996
411	560
278	970
419	680
657	966
178	968
954	960
117	729
287	911
37	965
601	778
647	665
826	896
564	896
476	783
585	955
659	904
717	845
562	971
689	783
364	986
367	732
840	952
798	955
550	853
25	968
144	165
858	969
322	437
668	845
217	909
203	745
640	746
557	977
367	624
325	856
330	971
812	974
927	961
56	173
71	976
888	969
425	979
282	930
404	627
846	972
763	974
367	974
721	977
922	967
320	404
578	928
584	679
350	512
200	982
489	856
811	870
580	974
621	746
276	977
791	928
147	826
381	764
515	993
549	577
177	705
760	797
438	746
971	980
112	761
170	931
304	931
211	703
846	985
629	987
656	861
619	942
552	888
560	749
524	826
688	934
908	937
176	759
80	785
19	775
795	996
514	754
271	996
128	947
472	757
632	709
563	875
535	813
856	868
457	893
185	434
28	716
685	757
940	983
959	996
494	896
452	899
672	939
873	929
745	892
831	932
500	832
463	950
530	711
736	779
947	999
551	999
322	947
878	899
835	943
219	674
431	853
525	717
241	958
755	950
562	784
754	954
933	956
504	550
291	671
733	787
764	891
488	956
562	905
636	854
345	907
331	972
969	1000
565	910
248	974
449	735
743	953
476	609
355	548
318	666
428	797
870	913
620	967
823	838
193	634
932	973
76	988
411	749
791	970
758	793
390	397
606	961
210	695
407	980
462	687
641	918
738	972
495	985
765	809
300	975
395	983
906	970
68	359
804	922
64	883
587	924
447	621
559	862
108	926
619	876
278	583
825	981
83	344
214	827
57	880
709	806
795	809
404	924
693	798
464	975
395	875
598	709
380	981
191	816
72	599
677	975
190	591
281	709
448	886
561	763
55	137
848	978
801	866
84	996
681	986
183	709
214	961
294	661
753	946
376	996
899	1000
30	322
269	604
683	887
581	876
975	995
92	419
699	831
850	1000
835	877
458	890
838	882
535	881
664	766
58	956
166	489
135	910
787	836
50	543
671	890
271	956
558	949
852	938
411	441
180	545
262	843
537	782
905	949
65	972
321	898
495	785
990	993
618	892
865	998
488	782
400	898
166	731
40	97
262	964
349	852
724	729
462	500
849	909
136	973
171	967
565	857
551	959
430	898
228	683
797	840
439	903
74	216
395	796
735	901
298	863
721	966
821	904
119	403
96	914
41	978
624	804
603	681
830	909
492	850
142	737
309	914
428	865
804	856
749	920
413	971
587	858
69	932
793	963
182	809
292	452
154	976
154	747
369	635
203	868
818	912
496	632
807	982
767	802
772	917
395	930
832	931
515	995
769	848
895	987
793	976
278	759
154	989
388	927
161	884
412	466
496	874
804	990
964	979
771	813
727	743
864	977
602	977
528	533
767	815
82	712
155	931
637	934
978	998
790	947
595	708
581	810
166	302
806	928
603	828
162	826
387	944
910	985
533	998
808	937
734	759
233	477
183	885
343	874
725	939
794	810
788	995
72	788
653	770
460	641
820	947
778	950
938	939
638	647
165	723
385	726
500	713
477	958
577	667
477	729
898	988
394	960
9	826
107	903
776	998
863	886
371	949
546	950
257	847
287	955
736	781
722	883
559	596
622	652
613	832
269	793
277	617
659	719
857	963
750	837
464	480
309	606
634	891
345	788
782	789
666	843
798	999
891	961
489	658
7	914
425	673
225	319
309	727
925	959
886	967
201	901
58	327
457	561
319	856
398	920
401	666
860	951
893	899
461	976
502	977
629	789
518	958
196	907
55	931
71	912
310	928
222	815
392	738
846	908
717	794
721	913
490	980
305	971
575	795
814	848
411	872
879	977
20	987
408	803
482	752
936	959
399	983
807	808
77	703
416	923
932	988
84	864
203	815
115	931
225	574
681	854
106	882
18	998
535	736
848	967
485	915
359	510
603	870
693	800
115	823
799	930
307	993
615	880
802	972
661	996
399	996
36	944
600	986
130	579
556	916
635	980
679	986
612	996
973	975
147	896
12	937
843	865
447	865
466	878
75	993
484	932
901	991
436	891
334	880
857	884
653	825
281	724
789	871
766	887
530	876
549	889
282	545
278	840
801	881
570	948
294	784
968	994
546	776
414	822
128	199
179	955
192	894
150	897
516	954
750	892
669	967
823	882
479	843
465	908
726	949
745	962
509	951
352	967
426	953
990	995
332	500
464	656
562	962
340	849
97	862
157	913
402	680
770	847
233	908
541	795
314	338
296	964
29	849
318	723
370	913
455	728
207	626
620	795
721	847
485	836
210	631
710	954
305	905
608	677
761	919
888	960
323	922
846	963
879	911
629	965
648	978
417	557
923	954
23	926
260	344
614	842
53	280
738	908
545	742
481	986
517	680
696	911
489	847
453	924
833	916
538	968
689	908
515	984
212	983
408	629
86	578
432	986
812	978
374	752
556	729
520	806
654	806
712	976
846	976
698	849
510	798
661	930
284	980
292	575
20	116
672	796
765	987
682	989
186	822
360	709
456	646
239	419
376	919
499	989
227	530
416	991
853	992
572	979
591	992
892	920
658	753
454	694
189	948
299	591
249	999
343	863
288	927
549	702
399	943
655	869
149	997
512	820
820	936
402	948
966	990
308	761
855	930
417	933
546	818
21	704
752	923
384	527
766	821
917	990
628	887
774	941
908	941
149	889
170	948
569	657
463	941
861	950
162	720
418	646
220	890
160	610
555	880
982	984
49	779
319	374
539	643
857	952
356	670
810	877
414	877
787	893
224	487
234	946
173	670
321	605
164	621
351	713
645	665
576	831
405	949
465	963
840	877
644	965
377	621
627	998
541	729
720	960
439	718
461	965
923	996
548	853
317	957
386	562
465	855
311	388
388	608
134	957
791	961
488	960
610	657
185	922
248	978
377	863
504	904
177	509
900	904
407	971
90	806
962	964
728	797
263	963
307	511
568	781
513	845
69	868
110	869
55	933
710	901
420	802
814	958
731	960
46	103
20	868
689	963
455	796
890	953
730	735
661	864
545	689
281	350
98	643
423	928
712	802
716	921
719	926
3	756
182	987
397	912
696	979
781	794
772	974
672	972
388	984
47	425
883	926
943	977
695	875
101	890
574	585
758	931
885	972
381	944
174	880
334	869
193	893
136	359
535	859
182	1000
773	916
776	921
373	945
720	760
950	993
829	932
18	195
732	770
685	924
281	834
456	835
109	993
585	693
339	960
686	775
727	813
553	660
718	993
759	994
415	955
831	870
393	644
183	834
491	950
972	994
829	945
956	986
259	829
787	948
565	835
570	950
162	896
205	300
410	732
831	991
110	211
354	837
51	799
539	590
444	730
898	937
180	886
741	953
856	940
534	889
537	894
919	996
817	948
46	842
16	899
112	378
428	843
240	792
441	553
243	797
946	954
624	903
710	943
536	790
522	892
715	792
252	802
668	717
442	899
502	684
534	902
652	894
622	951
355	378
272	838
681	777
409	843
139	982
97	985
3	569
825	906
467	969
2	869
758	852
64	929
661	919
124	980
628	742
707	806
738	910
94	808
858	975
167	798
505	793
529	921
36	988
707	927
867	916
176	510
630	680
828	924
10	706
142	862
279	867
108	985
820	925
195	873
584	685
797	978
396	634
234	572
456	648
506	994
580	980
15	942
156	652
730	924
366	876
347	634
223	827
691	932
746	868
910	976
304	937
128	940
255	752
67	701
628	997
746	989
586	771
61	886
80	899
588	817
192	817
734	871
156	894
343	986
236	594
274	886
158	940
628	889
768	869
878	1000
385	838
808	941
202	902
255	994
866	882
926	933
678	831
884	936
567	1000
42	886
157	836
780	1000
40	961
155	948
370	836
544	723
585	761
898	992
414	650
507	841
815	957
83	779
91	374
5	859
522	826
104	838
324	841
604	895
590	960
488	949
92	720
364	913
133	492
740	904
726	777
476	831
52	274
444	798
650	903
735	947
754	960
265	274
705	775
75	379
219	801
164	865
492	667
1	578
763	901
708	965
78	798
501	901
565	916
465	978
583	970
944	949
715	860
723	950
236	862
673	863
103	747
63	382
18	868
4	970
157	983
974	976
125	213
591	915
765	802
217	970
874	974
786	861
483	860
832	977
615	979
890	955
716	802
374	809
445	689
45	984
821	976
466	748
834	915
600	748
383	979
457	928
874	987
827	912
931	969
251	981
554	753
807	933
908	985
281	823
248	646
542	864
809	979
602	915
43	951
495	523
662	700
734	805
500	638
901	982
637	872
193	895
623	708
53	592
361	708
614	925
719	941
322	982
938	985
294	654
753	939
711	942
692	700
972	983
172	664
774	998
493	985
190	947
616	826
643	929
984	993
440	829
767	995
109	995
706	985
447	761
278	952
92	533
658	944
840	921
65	844
588	885
271	949
491	952
706	877
852	931
153	893
53	955
609	944
226	883
50	428
486	958
351	770
24	375
134	772
782	956
548	789
474	611
397	593
872	886
539	942
594	612
819	996
673	676
571	894
208	842
631	945
953	959
648	848
422	542
842	899
446	899
465	912
666	902
215	966
363	901
927	943
729	958
126	399
654	784
585	950
673	797
907	964
879	902
268	977
428	966
610	714
54	267
251	552
757	912
816	967
351	904
733	969
120	971
328	920
851	961
166	858
854	966
14	989
793	956
289	928
624	918
839	843
911	948
99	804
369	399
527	985
888	964
175	799
763	969
672	787
589	789
88	507
434	915
381	988
804	862
642	800
232	636
591	983
682	872
115	990
220	289
552	991
846	980
384	626
771	806
246	692
545	988
402	939
498	647
314	826
167	813
165	703
753	873
799	989
651	862
711	876
320	991
161	180
691	934
570	873
811	999
186	947
929	991
822	865
744	945
516	529
130	988
378	824
414	518
245	709
644	943
602	983
247	755
404	998
577	889
291	303
172	840
554	942
359	932
405	819
451	935
504	532
486	663
169	956
604	655
769	988
1	96
460	647
947	994
859	881
905	997
349	779
668	761
365	494
530	827
395	602
83	781
537	951
435	674
830	944
687	895
425	895
714	769
84	602
631	1000
884	951
689	941
364	915
784	949
816	901
214	338
921	954
492	548
631	892
37	907
111	856
648	795
749	847
559	723
449	851
378	382
228	852
168	572
388	841
295	384
90	918
310	921
346	615
48	921
263	846
373	452
906	952
422	610
721	906
740	919
219	924
682	685
761	978
962	968
291	800
387	508
860	957
496	909
141	223
591	917
135	637
417	737
802	844
91	752
485	908
448	989
809	968
547	968
478	868
794	845
54	806
885	963
381	935
17	924
535	621
254	342
894	968
89	534
536	994
897	973
360	997
162	524
13	401
252	417
563	804
329	637
771	982
950	984
554	984
91	994
328	412
773	799
704	928
506	943
676	866
566	994
786	997
87	996
431	769
164	425
604	697
380	989
856	918
567	815
121	994
454	874
239	720
10	897
156	951
852	920
857	998
972	985
595	998
125	820
975	990
873	979
652	751
418	584
984	995
662	944
968	987
987	1000
412	769
546	998
866	939
398	605
819	864
623	952
783	941
540	954
961	984
61	956
657	721
473	900
622	700
425	829
750	885
829	949
914	993
331	672
178	844
434	770
11	438
269	962
461	903
361	965
483	662
199	903
240	675
56	854
349	847
817	952
550	608
443	482
935	944
659	780
717	950
166	847
152	683
592	955
504	842
182	791
770	961
682	848
668	950
20	914
562	968
4	906
143	984
677	891
159	965
286	511
14	52
411	920
263	793
170	565
937	966
395	683
529	912
513	904
193	697
587	853
895	969
36	979
600	792
526	614
125	270
457	743
806	897
508	974
630	671
668	963
580	850
48	989
818	907
298	871
913	915
25	978
630	792
704	741
175	922
774	921
719	985
655	741
125	512
719	756
452	641
639	733
314	936
825	923
551	620
341	810
308	633
79	810
84	925
29	989
841	867
249	992
552	764
450	982
807	990
177	823
415	880
695	934
822	975
579	988
711	878
857	932
554	931
452	883
746	872
732	937
952	977
363	582
280	813
748	918
137	764
463	934
609	988
683	937
843	926
540	888
204	939
634	752
639	867
840	857
773	867
704	996
762	937
588	821
574	886
30	493
155	939
678	714
276	411
226	819
171	883
667	821
875	999
565	773
680	760
9	592
514	993
108	305
412	945
632	948
549	950
153	950
356	784
884	940
245	724
424	955
317	829
551	996
644	958
458	953
497	881
626	766
523	789
789	945
352	907
522	830
613	948
750	953
340	789
331	969
881	884
363	958
80	340
525	956
502	972
180	958
441	733
615	620
821	954
854	902
647	838
751	895
916	962
453	972
351	961
249	913
92	966
703	854
367	676
867	962
663	903
434	851
580	905
703	975
837	975
334	620
719	919
306	521
256	929
894	957
825	857
635	962
277	988
473	634
533	685
21	510
152	993
670	690
749	983
399	870
311	986
908	976
66	926
883	919
828	983
795	806
781	908
244	932
524	986
288	975
656	913
582	698
769	790
194	293
667	742
471	867
278	701
658	922
80	945
792	922
561	760
788	924
433	696
562	581
727	914
732	992
658	814
107	940
864	919
154	234
271	819
200	350
665	709
838	866
768	807
778	1000
74	884
148	833
284	465
215	594
776	927
583	761
63	991
63	762
445	827
560	814
808	879
384	817
912	936
623	833
609	935
356	489
562	823
218	784
787	941
873	981
280	881
555	820
150	771
664	992
475	827
667	997
653	833
231	844
620	656
358	656
481	726
701	995
439	995
921	998
824	836
653	954
768	941
432	726
657	844
643	946
949	952
604	954
736	844
334	541
680	949
237	608
127	736
163	430
858	955
555	954
352	854
338	956
558	959
291	844
594	616
525	782
291	615
893	949
120	962
736	965
87	556
400	787
708	903
485	831
485	602
946	960
247	959
302	858
536	796
696	785
219	860
594	737
2	862
511	968
501	960
124	973
284	962
518	900
793	839
452	509
622	957
379	970
76	932
337	973
103	806
59	965
152	927
77	753
120	157
908	910
121	796
591	745
267	621
79	570
478	804
464	906
323	930
739	845
241	339
719	866
724	981
149	750
498	638
682	984
360	933
198	871
593	912
156	874
230	860
895	984
209	922
498	759
313	979
486	641
417	807
904	925
174	820
130	750
80	892
181	715
662	988
160	363
836	875
560	748
362	992
752	918
755	923
366	882
636	706
732	939
551	864
148	888
234	699
354	993
509	638
674	705
651	987
852	977
783	877
428	649
466	941
526	992
548	714
842	932
625	934
644	947
468	987
349	770
643	988
454	823
319	598
136	662
455	644
350	887
611	891
831	931
41	775
935	988
467	654
613	708
731	929
414	993
741	893
138	829
685	998
826	937
845	950
468	1000
564	937
803	953
569	786
720	955
305	713
439	942
525	716
309	603
923	991
386	786
298	673
289	853
671	955
812	894
118	971
233	958
536	730
627	885
374	439
444	912
925	956
680	896
803	966
176	316
668	778
621	666
879	961
645	794
656	889
289	866
600	728
476	958
624	856
715	974
712	905
249	915
459	496
376	727
106	866
601	845
707	975
589	727
410	459
28	165
681	959
304	972
901	962
483	974
73	810
568	789
339	929
936	956
760	959
811	924
448	872
167	859
957	978
258	748
552	929
161	815
251	974
237	810
264	418
520	869
406	996
258	869
781	910
244	934
21	633
174	875
26	482
175	282
144	703
493	857
820	986
402	998
336	644
50	287
616	927
299	991
385	765
247	343
156	713
669	938
378	762
410	714
778	881
924	935
965	973
506	947
206	655
206	426
288	990
414	806
755	870
961	975
373	953
679	996
85	486
250	590
972	989
750	876
669	951
956	981
823	866
106	316
312	650
435	720
803	887
302	376
95	837
222	612
783	945
590	779
782	949
856	935
708	771
842	1000
116	896
14	848
738	879
330	825
495	892
715	895
833	887
824	838
656	702
513	653
886	898
541	900
948	995
62	902
805	946
824	959
906	998
240	679
419	910
620	900
633	839
3	443
770	844
589	769
52	335
516	964
675	957
647	895
69	918
243	805
256	744
261	859
911	941
29	967
598	629
343	376
100	618
922	955
600	675
696	908
489	844
186	806
346	795
519	686
279	970
614	960
848	898
383	798
691	914
825	914
267	623
179	739
487	626
249	983
161	870
20	113
209	803
512	575
415	642
98	935
640	989
896	915
697	742
876	973
917	974
369	876
811	992
759	802
267	865
313	981
674	694
472	745
238	578
274	989
871	979
697	863
72	774
774	817
815	818
460	627
861	934
121	932
391	756
225	989
192	812
665	995
403	995
618	920
544	705
479	761
19	776
148	661
327	892
533	997
607	946
357	1000
522	579
678	826
783	879
264	957
281	897
919	925
578	595
743	928
624	711
384	766
585	756
342	998
235	377
942	993
190	900
592	880
611	893
210	549
531	641
569	667
252	960
627	874
38	479
852	992
236	723
714	762
631	993
810	995
139	790
548	729
504	659
397	533
858	891
104	954
250	779
819	936
923	993
548	850
23	965
331	852
138	723
50	839
482	496
504	780
531	883
435	680
641	785
520	724
409	893
268	917
124	909
573	735
397	775
407	968
536	853
159	903
379	906
324	970
318	896
122	984
640	681
455	901
18	863
133	850
474	914
642	727
480	665
518	957
182	971
237	678
691	848
811	913
503	568
556	660
654	966
406	864
626	904
832	972
312	973
568	899
297	850
39	60
374	804
561	630
404	912
612	861
422	966
545	807
33	861
551	558
10	877
230	917
827	907
665	808
739	794
697	797
554	977
31	707
540	813
526	915
163	863
493	738
553	752
295	753
280	859
63	632
598	939
202	939
577	816
744	993
45	992
375	867
177	882
163	984
218	654
254	348
768	798
961	964
61	707
181	772
267	812
382	762
695	993
151	829
178	703
417	985
408	936
931	977
67	643
213	697
975	983
231	714
336	767
685	921
229	641
396	818
105	117
690	999
373	834
968	980
82	887
519	888
665	942
475	818
840	916
878	942
960	981
239	955
550	588
412	883
687	822
169	896
384	821
692	937
497	698
669	953
796	994
844	927
687	943
599	830
2	611
838	883
645	717
497	590
590	781
87	426
694	838
243	673
12	23
638	943
305	770
296	950
62	783
48	848
488	891
433	955
956	996
386	843
768	945
661	782
432	959
812	951
94	671
949	956
365	905
217	778
888	946
547	653
268	972
166	732
73	504
207	504
735	889
647	776
740	967
416	843
619	677
38	668
580	722
827	828
45	563
315	387
344	859
22	808
416	964
705	838
219	864
561	564
693	720
804	965
422	671
17	851
325	967
894	895
594	862
57	923
211	572
628	860
853	978
605	913
443	851
78	164
85	877
828	921
188	975
362	862
711	750
540	639
484	973
66	985
792	860
126	999
253	811
695	927
538	980
574	637
679	919
876	975
438	749
195	991
952	970
556	970
734	976
271	986
734	747
123	593
324	583
362	875
494	994
301	865
526	983
586	997
369	999
27	481
808	817
527	538
959	986
370	591
507	825
359	698
56	889
856	979
460	750
875	992
148	892
253	945
150	709
24	75
460	871
988	990
248	951
143	669
418	874
757	828
523	661
13	825
756	869
563	999
819	925
898	989
474	890
815	954
942	995
768	879
754	944
201	997
761	839
747	941
571	715
428	666
675	772
539	884
731	825
413	893
872	949
176	428
723	826
869	880
415	444
571	957
805	895
323	855
524	616
124	911
490	968
88	436
69	157
654	847
318	898
423	914
920	966
235	863
221	965
510	839
240	978
59	903
524	737
381	688
279	906
821	960
707	858
572	670
811	915
809	842
728	917
855	958
874	971
194	983
887	910
288	618
18	757
422	847
697	786
749	976
587	914
210	927
58	570
503	920
778	859
809	963
24	693
459	850
579	915
329	740
683	743
499	922
755	848
36	932
600	974
297	973
56	352
938	969
776	907
695	982
612	984
753	923
250	568
545	930
672	971
727	907
61	817
718	858
215	466
406	1000
514	799
63	634
285	710
744	995
246	984
3	997
223	1000
204	758
553	875
405	748
603	992
152	302
938	982
234	866
179	930
695	995
8	294
95	707
274	938
618	748
664	864
282	533
345	818
460	805
33	997
850	990
798	800
426	928
25	584
266	710
412	764
835	867
926	985
310	487
581	987
147	200
391	826
129	826
289	778
325	472
583	996
817	934
454	882
877	985
431	898
747	875
819	980
136	721
409	587
768	934
735	757
303	834
238	890
458	893
733	832
824	950
617	886
6	732
166	721
923	929
231	850
303	955
518	880
740	956
523	958
798	934
944	988
682	722
263	775
356	966
777	996
111	906
606	885
432	961
740	848
58	491
66	611
106	912
340	850
763	953
279	840
224	904
587	727
633	843
858	961
434	899
453	912
575	609
