139	981
656	948
35	335
191	619
807	851
256	977
619	800
300	791
797	843
304	910
178	276
670	738
922	959
724	974
792	849
57	925
459	905
404	969
800	969
373	636
753	857
739	959
524	805
68	525
73	869
362	743
381	985
480	964
573	926
466	571
168	877
751	969
971	972
143	295
709	972
65	641
343	851
384	623
463	916
427	993
67	687
452	757
498	644
107	988
231	300
360	939
583	688
640	993
822	970
202	996
100	985
375	695
17	987
292	926
116	700
312	346
88	867
451	919
795	988
643	860
693	977
252	480
342	639
223	947
966	991
537	814
196	292
403	999
563	988
678	709
535	926
857	940
914	922
537	706
349	884
473	950
789	927
371	939
646	878
954	994
384	878
585	868
912	997
562	884
143	671
297	586
643	994
847	989
33	247
580	645
585	989
634	881
900	1000
294	961
297	707
844	876
252	964
486	902
645	895
15	499
488	948
818	823
969	992
284	889
803	959
319	846
16	845
754	959
292	605
550	900
489	890
809	831
712	898
244	564
166	910
648	913
386	913
661	852
251	954
688	726
760	831
490	970
600	613
378	500
943	952
566	965
860	954
192	495
436	626
716	909
513	846
628	796
399	973
957	971
579	796
596	965
334	965
105	913
494	688
8	980
135	526
314	757
415	809
96	275
519	866
725	971
670	806
119	932
582	693
658	917
635	970
368	855
473	871
896	974
596	978
403	812
563	801
570	925
33	986
905	915
676	863
822	917
459	865
505	981
109	981
926	974
444	705
3	999
815	877
639	917
470	879
835	977
95	938
527	595
81	774
326	578
738	751
891	993
349	710
844	918
674	766
646	933
238	879
720	882
458	882
227	949
226	761
842	993
647	754
454	884
137	948
701	990
150	887
95	951
851	934
376	412
188	361
606	874
523	839
569	955
733	834
345	954
634	828
501	713
960	998
638	947
434	888
200	721
360	673
558	954
179	369
681	765
516	957
953	958
414	946
450	603
702	824
380	544
330	952
132	967
352	970
369	385
742	896
425	960
268	976
20	911
240	914
763	955
587	958
702	945
740	971
256	858
572	606
915	945
332	624
934	958
538	958
684	783
59	960
334	670
614	724
177	686
853	969
127	865
550	968
261	276
230	734
458	561
191	971
191	742
719	861
283	974
438	619
773	838
597	612
748	781
579	972
660	668
753	859
554	915
494	635
3	812
457	982
732	921
374	984
148	412
607	926
151	646
488	682
727	964
676	918
313	866
695	931
82	933
417	923
899	926
329	810
766	811
783	980
172	826
153	584
774	931
56	651
892	923
630	923
831	913
51	950
789	916
651	982
563	869
310	423
494	998
769	974
218	834
567	988
815	824
639	864
625	929
162	939
583	932
165	944
196	294
477	950
692	875
783	993
939	981
755	931
430	582
425	881
731	924
824	886
287	947
323	604
562	886
969	981
36	547
946	997
366	422
177	257
294	842
247	996
803	948
314	491
714	876
15	609
754	948
914	937
526	532
605	825
300	714
503	548
305	829
71	662
93	155
497	999
309	948
818	825
782	902
694	789
449	958
44	909
503	669
816	900
761	964
599	902
920	957
717	894
791	843
480	658
297	951
144	443
316	964
27	861
830	956
635	946
568	892
848	946
490	972
283	908
336	505
410	454
503	682
84	964
87	969
106	982
197	346
21	615
177	862
424	510
248	284
552	924
772	964
436	978
475	677
554	970
688	970
287	626
433	680
359	502
663	913
167	975
322	620
547	967
445	919
505	970
780	909
799	922
436	870
384	680
278	927
340	344
727	790
190	814
787	804
625	742
690	871
896	976
220	464
808	863
618	739
871	919
81	763
623	817
125	806
722	796
892	978
264	655
88	924
487	929
882	933
706	973
835	858
866	925
458	871
926	976
582	937
768	804
787	817
644	997
817	925
357	940
637	994
92	642
565	825
248	889
399	533
495	766
747	987
599	823
272	465
530	989
585	925
678	887
315	835
497	812
838	876
650	825
620	882
606	984
859	935
960	987
812	823
757	887
531	581
398	954
814	869
580	702
659	995
184	473
912	946
731	871
631	933
433	948
534	1000
708	887
729	946
25	830
407	895
351	1000
948	990
450	713
460	943
909	998
358	895
559	885
117	954
599	957
175	895
593	654
918	939
482	557
666	903
407	908
640	850
216	788
469	968
482	678
922	950
168	747
376	669
876	955
702	839
834	958
658	732
589	898
291	975
533	737
786	917
752	781
642	909
223	925
121	914
341	917
649	804
146	678
561	691
279	978
530	560
876	968
361	751
366	866
691	922
787	859
195	984
776	966
294	697
514	966
46	632
500	802
808	918
178	522
9	686
176	863
966	982
759	918
396	866
882	988
82	935
228	235
431	823
899	928
403	990
56	882
534	692
451	923
93	949
179	989
844	854
255	984
370	705
549	936
442	810
232	1000
139	543
842	929
446	700
251	461
416	528
756	862
159	643
150	823
365	482
392	585
103	482
939	983
273	893
722	756
133	361
317	936
69	605
812	878
330	646
60	785
275	710
302	547
833	937
34	998
6	670
854	996
969	983
83	890
988	996
5	970
531	757
458	952
492	765
208	777
881	991
141	198
113	890
388	829
687	896
117	780
791	953
763	891
367	891
193	738
446	955
707	959
724	899
911	991
162	378
828	956
188	781
876	889
746	779
214	689
520	961
772	953
846	902
832	967
288	840
147	864
436	738
785	892
16	152
496	789
353	740
825	964
83	327
184	904
84	966
106	984
142	678
164	400
145	158
670	797
241	620
7	453
619	980
686	741
536	982
737	972
676	962
855	964
127	225
436	980
306	870
22	882
349	459
607	983
13	510
390	985
725	975
898	903
862	980
466	980
111	523
658	921
732	870
97	359
671	860
17	107
151	824
67	867
755	975
433	924
889	975
498	824
933	981
224	292
745	930
143	367
662	932
882	935
49	705
835	860
819	852
460	690
960	976
19	947
55	604
500	991
720	994
613	868
747	868
310	830
120	477
648	825
101	198
975	991
419	773
364	837
47	901
652	981
363	878
671	994
743	870
808	999
85	604
733	825
819	865
356	838
750	994
428	943
488	994
777	868
667	996
288	411
446	997
231	843
262	947
743	991
858	941
701	994
937	941
97	735
518	994
191	599
129	953
559	766
94	666
14	148
888	941
511	954
203	609
906	995
782	959
501	946
565	961
606	999
881	938
900	951
600	659
16	904
217	894
112	612
635	653
728	844
934	949
717	951
791	900
832	901
598	734
155	430
298	967
224	789
325	841
633	728
256	741
677	1000
508	962
98	569
280	546
510	779
174	793
348	451
402	916
603	906
737	906
286	970
797	957
621	731
514	605
175	910
366	855
369	860
704	850
616	737
368	672
436	806
114	755
475	734
325	975
102	637
410	753
792	855
487	973
542	680
385	696
574	632
1	999
255	852
558	624
117	393
279	980
716	981
636	692
364	758
171	629
405	796
831	904
468	852
389	973
296	745
447	914
466	927
653	753
9	688
840	845
331	473
644	933
966	984
924	987
110	245
528	758
445	989
357	876
343	978
665	992
491	876
747	802
637	930
28	822
317	696
377	710
616	992
951	982
844	856
954	987
491	997
527	654
26	897
273	774
842	931
638	872
206	949
715	826
453	826
38	584
217	586
7	776
700	703
10	256
576	933
166	769
856	987
840	979
451	938
798	982
159	995
522	818
830	934
539	987
673	950
169	959
291	656
409	877
562	890
307	600
656	754
768	995
69	957
740	896
504	885
858	888
844	990
751	762
594	778
613	828
728	778
629	772
133	834
735	939
666	839
215	903
798	995
316	955
915	991
918	996
328	965
510	942
87	610
802	821
482	614
413	780
127	911
277	855
307	963
279	901
475	547
36	914
619	969
179	441
30	52
193	982
513	960
950	961
573	974
380	845
848	950
471	963
825	966
83	329
608	968
828	971
640	920
607	743
373	576
147	758
661	979
26	468
554	853
862	969
760	958
396	681
437	682
542	735
8	276
389	907
334	971
664	846
89	874
438	799
350	915
639	789
229	625
10	995
189	997
505	974
577	813
329	748
57	289
204	982
636	639
708	744
472	918
664	859
337	464
139	708
956	967
509	921
206	883
715	760
481	593
968	977
398	824
434	518
819	854
898	918
447	982
479	934
553	883
465	999
427	478
330	811
616	939
979	991
836	942
574	942
352	829
118	662
641	703
921	986
169	893
241	998
838	988
590	886
851	927
562	824
386	827
367	585
726	932
831	985
528	947
2	837
384	939
497	816
461	893
199	893
782	948
675	822
441	655
14	847
564	991
638	940
872	878
622	932
622	703
830	881
80	383
85	727
322	411
379	945
687	832
816	946
370	896
411	897
805	824
675	943
4	775
708	891
854	945
955	997
652	996
559	768
633	717
96	778
232	373
305	888
828	892
681	879
161	843
78	845
432	848
297	889
314	792
682	959
267	717
635	884
594	617
337	961
626	835
675	956
312	904
688	895
853	962
746	836
512	669
723	889
626	956
767	895
147	692
804	962
480	838
83	155
401	959
874	913
423	977
271	849
660	661
193	929
697	728
295	913
314	926
658	736
910	957
607	919
887	973
95	744
628	978
447	674
306	698
163	915
562	624
597	618
98	934
795	862
156	875
128	813
439	446
7	752
783	973
672	913
498	989
33	926
253	929
789	909
753	986
912	979
570	986
569	761
407	470
351	575
516	871
939	974
304	463
125	986
595	935
669	884
235	363
220	994
690	943
657	766
440	997
893	979
54	180
699	884
905	989
177	250
94	481
555	876
613	817
684	697
923	979
358	712
495	946
624	831
305	822
747	938
846	880
485	645
442	948
65	207
255	304
821	944
633	664
806	821
300	949
608	836
387	608
571	954
827	880
381	793
59	779
367	895
730	947
325	898
760	826
311	734
27	975
589	944
387	729
781	885
612	847
174	850
279	903
614	893
311	855
655	665
520	965
234	608
8	36
408	909
521	557
892	958
253	742
695	858
660	837
403	686
296	560
163	970
595	627
773	899
299	979
459	968
137	917
426	791
73	932
871	912
790	987
76	183
829	915
166	342
863	913
385	645
403	928
296	802
246	981
359	858
204	984
405	745
121	986
207	235
778	990
588	866
113	573
357	933
747	859
260	1000
414	915
823	854
768	918
157	764
284	576
485	566
611	705
762	874
849	991
968	979
668	687
733	816
838	869
392	523
447	984
650	818
634	810
708	759
138	872
583	993
756	921
357	946
62	769
912	939
203	479
464	520
543	813
796	993
124	829
537	998
826	872
550	937
435	721
589	636
847	931
948	983
310	726
909	991
67	187
60	965
198	606
277	899
48	847
34	949
244	493
524	776
937	945
430	885
536	786
310	968
566	894
800	832
208	957
249	958
428	960
422	657
587	953
210	966
545	956
471	778
462	958
696	896
723	999
231	271
272	834
695	900
728	848
82	673
385	445
18	917
133	904
50	906
793	950
770	966
684	899
90	160
389	722
642	902
843	892
545	969
396	846
258	912
244	748
579	967
739	956
711	857
174	918
614	961
719	977
889	900
691	915
892	905
470	916
473	921
506	869
533	972
230	971
362	861
347	967
829	970
433	741
262	859
183	980
491	867
90	523
131	295
442	682
917	975
153	579
553	927
97	647
415	993
201	741
472	975
398	760
365	583
871	980
530	687
884	919
433	983
741	870
350	985
212	755
515	527
947	975
229	695
55	542
60	657
863	981
577	883
678	935
258	349
24	182
898	975
722	978
161	416
856	978
854	868
878	996
17	408
160	716
724	758
817	986
674	937
51	958
803	822
849	938
16	937
34	991
590	943
731	919
865	919
207	653
988	989
946	992
710	981
839	866
866	999
932	949
696	709
85	784
527	900
761	838
167	365
425	889
717	997
906	933
937	1000
524	602
596	707
400	832
634	999
490	954
316	838
911	984
429	486
790	842
702	766
9	250
420	787
855	944
827	882
788	890
31	682
447	597
994	995
545	903
600	610
341	844
112	792
566	962
203	910
700	962
552	798
813	839
389	777
774	847
281	685
533	906
739	782
417	731
950	965
769	890
889	955
908	968
166	331
195	803
124	334
676	847
662	912
822	901
354	567
786	978
238	621
417	852
945	971
12	803
339	932
287	742
39	640
595	629
135	873
28	518
551	559
303	457
795	919
354	917
164	527
764	788
931	965
31	937
815	982
842	856
933	974
630	973
206	645
519	876
431	992
85	355
26	943
664	971
631	794
650	807
581	973
961	965
42	924
840	904
518	624
528	817
373	943
775	923
637	989
857	992
340	702
823	856
18	422
565	820
532	643
570	935
246	286
148	946
435	710
687	931
847	920
613	753
208	933
925	988
636	885
106	427
555	933
25	704
228	538
541	998
24	479
497	928
590	890
612	649
721	821
537	1000
740	834
44	838
668	931
236	779
800	821
612	770
906	988
502	898
543	936
92	1000
413	826
344	726
347	472
784	998
149	487
333	833
770	834
489	821
728	837
874	891
29	836
290	611
648	844
601	769
124	844
600	773
30	916
425	957
235	796
648	965
169	442
279	839
119	621
721	955
821	893
223	678
25	959
286	734
542	660
337	965
65	506
786	791
63	433
758	958
832	907
637	668
413	960
595	671
672	891
383	788
561	794
528	617
459	783
285	630
463	673
283	971
584	670
864	953
286	976
506	979
184	965
533	853
813	907
202	982
276	968
940	948
563	961
719	979
908	915
355	968
616	972
808	913
753	977
123	581
384	851
472	735
692	738
637	802
12	979
375	802
590	690
273	754
61	871
704	977
373	877
500	918
896	918
780	972
687	744
899	923
76	361
53	872
359	915
400	687
741	751
379	749
400	579
606	913
735	798
754	811
162	936
685	977
726	978
729	983
710	741
426	982
863	983
627	972
11	474
342	988
722	980
856	980
620	703
336	944
110	372
756	978
352	888
696	698
976	981
351	929
925	935
345	885
909	927
331	950
969	978
721	876
449	942
89	141
228	714
116	244
522	703
267	413
460	993
513	819
680	996
721	997
495	950
715	953
687	891
714	994
313	650
772	935
395	948
290	437
436	491
515	784
601	824
647	940
721	889
737	833
869	989
492	773
323	964
106	966
598	674
904	946
298	907
325	781
471	835
8	845
737	954
167	838
649	841
177	738
765	908
911	999
503	908
718	833
267	897
778	847
243	274
828	964
464	953
920	967
684	956
381	918
843	949
320	679
394	628
686	736
894	951
350	787
121	964
957	970
253	625
258	969
547	843
115	920
230	907
712	910
725	849
30	58
764	777
309	382
130	905
908	970
892	962
97	233
391	451
778	860
588	965
170	977
445	916
178	572
780	906
755	849
438	913
861	979
899	978
439	734
287	865
815	984
204	867
224	516
205	274
74	986
745	925
201	569
748	967
808	981
150	752
926	973
7	703
623	935
838	860
364	940
465	992
162	991
960	971
542	983
963	976
321	755
104	986
137	934
443	452
519	999
835	976
257	999
921	979
833	866
155	988
511	586
455	691
553	997
713	986
336	999
974	990
652	976
564	863
948	974
585	922
337	820
254	822
273	835
276	581
534	876
446	992
840	919
592	817
886	998
858	936
168	489
57	658
406	546
593	638
340	717
474	946
534	997
50	884
413	707
666	887
916	998
167	651
869	923
888	936
833	1000
585	935
582	600
587	715
499	831
826	997
839	936
985	990
522	1000
756	938
71	835
57	900
635	648
860	995
406	559
791	895
114	616
568	594
94	903
144	266
264	560
121	777
663	831
728	960
492	949
511	962
500	544
390	672
288	890
1	631
758	839
890	995
568	944
89	680
402	911
663	952
415	850
883	955
594	852
390	793
290	855
596	898
18	921
697	950
716	963
75	674
850	899
506	860
533	963
827	952
868	953
486	622
362	852
296	498
771	791
595	794
268	399
168	986
424	912
663	965
368	788
98	927
506	981
202	984
362	973
678	684
444	517
342	735
829	853
466	801
732	920
878	974
322	793
575	973
384	624
172	933
461	807
683	920
787	977
369	989
514	855
219	641
384	974
557	636
144	763
278	992
37	637
59	396
817	977
440	990
373	1000
951	977
393	915
30	597
491	992
73	186
685	979
845	931
146	930
729	985
803	934
440	882
426	984
544	939
525	697
139	890
777	918
722	982
782	996
532	592
124	538
418	756
757	939
509	874
858	991
132	887
168	544
674	941
756	980
44	774
541	826
250	879
62	828
912	998
207	657
969	980
988	993
229	941
573	714
724	883
803	947
522	934
305	936
571	826
879	942
617	942
109	472
529	829
418	998
894	927
70	251
691	827
103	842
712	886
804	889
688	714
624	958
302	907
517	832
751	770
608	950
742	950
883	889
192	483
323	966
394	617
75	837
457	673
772	950
367	901
90	98
950	956
908	959
493	717
880	897
355	783
214	807
267	670
681	953
660	830
716	910
760	953
214	928
919	946
520	971
676	959
734	900
579	797
463	851
857	970
609	905
554	969
3	866
295	974
484	910
341	861
850	967
211	980
706	959
197	587
885	961
884	965
70	977
861	981
391	803
123	759
417	977
899	980
766	865
852	905
912	919
375	980
722	795
185	590
873	964
914	965
231	706
745	927
657	814
65	939
440	816
445	931
701	857
141	934
288	395
28	993
699	932
284	690
592	806
201	921
165	998
453	647
692	929
893	919
604	816
268	601
455	693
782	822
518	978
509	929
454	993
316	763
550	701
192	993
803	881
756	806
80	257
384	934
819	862
645	938
571	760
620	881
881	922
432	830
325	475
798	924
3	424
178	950
439	991
962	995
455	935
111	896
152	897
749	887
427	607
955	992
614	699
738	994
325	596
927	930
476	994
378	422
569	956
654	1000
816	833
406	669
392	771
693	699
78	840
515	841
64	905
523	961
242	948
607	780
593	882
918	938
455	948
596	658
702	825
380	774
603	782
487	836
146	543
332	733
739	828
238	546
582	844
788	949
232	502
779	900
586	734
880	952
503	965
560	718
596	900
496	962
447	777
889	893
471	905
853	970
424	793
157	449
556	949
52	921
113	379
54	967
147	929
348	919
655	847
746	965
212	506
553	570
396	852
248	688
616	855
178	629
940	952
491	860
618	901
320	978
530	559
359	906
829	855
795	978
5	822
692	742
86	932
260	819
89	937
801	914
364	876
460	621
5	943
710	732
863	974
104	693
178	642
796	920
856	971
942	974
364	997
680	974
418	745
671	925
726	861
22	479
516	987
731	912
529	697
171	989
111	709
620	815
243	828
303	879
55	777
344	651
738	807
784	923
907	993
52	250
497	866
337	648
199	943
598	652
231	895
900	990
430	812
294	951
311	366
624	826
522	815
164	841
673	947
833	936
511	885
681	808
717	990
928	944
702	867
638	882
113	997
223	603
247	997
333	1000
844	987
71	771
593	816
846	996
194	841
758	883
221	944
4	946
133	831
964	988
881	990
614	875
196	887
705	993
839	993
27	849
103	844
15	731
846	888
918	993
749	955
380	829
39	270
911	990
47	390
547	713
681	942
700	955
841	894
87	957
161	906
427	796
17	898
628	786
297	952
894	942
42	662
591	904
795	899
693	888
794	940
665	789
73	914
307	852
615	968
790	969
301	778
609	894
461	501
171	668
479	555
220	560
40	858
381	922
269	452
697	899
204	966
686	969
603	971
140	981
181	982
630	845
154	327
899	969
241	740
375	969
56	694
831	956
382	864
225	917
775	795
357	807
835	846
692	797
447	966
553	867
449	746
616	923
676	974
393	851
530	856
956	964
708	862
553	988
713	977
74	990
46	928
402	526
756	795
44	589
217	746
549	990
507	993
708	983
534	867
928	986
83	702
418	921
509	810
136	942
296	931
585	805
282	996
442	985
710	921
228	652
291	937
700	876
318	582
648	945
675	819
928	999
606	985
413	819
523	950
374	827
30	788
714	932
700	997
221	999
106	783
207	835
515	951
848	868
490	894
531	932
416	716
401	822
800	827
700	889
249	953
216	776
906	994
992	997
922	938
182	899
462	953
654	894
681	768
767	771
557	961
340	963
147	797
656	940
876	943
19	504
822	828
785	946
862	900
581	887
655	836
149	964
166	379
302	977
778	906
602	946
313	843
519	911
719	972
961	1000
686	795
746	846
171	615
685	836
910	954
332	977
706	895
213	733
521	849
361	631
903	914
259	620
644	919
181	929
704	970
437	626
368	792
173	516
618	903
898	957
361	752
856	960
708	796
625	798
358	454
485	495
574	981
109	918
439	564
525	567
544	809
623	873
153	695
405	916
787	981
685	970
757	809
5	945
863	976
159	860
665	991
269	991
305	685
16	582
315	878
879	920
230	282
680	976
51	953
302	535
118	714
935	973
747	922
648	879
78	763
587	640
647	691
578	820
201	870
132	999
407	938
907	995
525	701
566	702
254	881
156	309
634	873
694	887
160	953
316	941
84	820
48	897
63	239
529	941
763	879
661	831
504	884
484	646
902	930
420	890
156	551
524	718
675	887
581	700
443	995
913	944
392	949
189	849
151	328
469	903
730	944
490	962
125	312
691	952
779	836
911	992
591	785
429	723
621	893
165	613
794	821
642	952
621	785
712	903
753	904
808	840
142	787
887	904
950	960
573	973
359	492
383	849
107	914
630	726
165	855
128	973
711	799
394	863
350	793
303	681
671	848
679	968
155	968
711	920
530	845
282	514
292	973
414	670
428	568
774	976
42	798
152	404
430	614
421	794
555	794
233	743
618	850
926	966
442	853
865	956
903	982
542	976
564	735
509	799
762	979
646	804
921	972
57	409
912	923
411	641
750	861
70	873
275	982
352	936
508	695
544	877
227	941
925	983
782	934
9	984
735	859
465	998
749	757
532	759
754	872
840	912
499	582
265	415
215	823
960	977
803	993
32	887
728	819
659	985
640	706
893	923
230	579
390	531
837	991
31	369
206	895
696	759
489	695
420	824
888	929
126	377
714	813
967	993
750	995
879	880
386	947
174	539
306	429
173	839
696	880
268	847
918	929
821	996
647	880
707	894
867	883
401	824
291	952
332	953
846	945
992	999
651	706
730	999
788	940
807	953
848	991
504	952
724	955
580	947
654	896
387	781
712	837
670	840
771	892
790	905
540	730
416	960
176	719
575	953
360	799
929	956
662	841
822	830
552	969
132	383
519	792
271	727
651	719
482	910
339	861
807	966
361	620
512	789
326	370
718	894
704	959
470	792
556	832
506	974
676	897
161	976
780	954
899	905
563	727
119	979
425	497
875	962
704	851
308	622
795	969
789	895
552	982
94	104
954	962
577	746
871	964
304	328
259	851
762	913
577	867
856	962
653	862
190	872
873	902
773	964
878	980
784	793
935	962
486	870
687	860
324	808
52	349
370	924
733	747
213	977
414	738
861	932
317	805
446	690
611	986
429	457
250	980
604	983
659	690
631	857
576	921
502	706
653	875
78	644
298	647
611	878
523	994
627	859
305	808
673	938
805	865
356	773
23	829
592	986
7	67
826	924
196	757
812	989
724	876
624	938
784	927
930	981
503	648
52	483
520	588
511	768
409	986
442	934
763	989
730	812
4	708
721	992
58	419
724	997
916	938
816	1000
33	362
112	655
309	940
634	996
895	1000
661	833
110	959
848	925
724	889
594	779
626	997
719	895
322	478
79	720
621	774
445	777
249	902
505	828
887	893
395	956
688	949
17	781
707	962
848	938
278	556
402	851
806	941
11	966
167	954
420	905
910	998
943	946
84	956
767	949
607	731
381	913
517	959
424	731
737	962
275	379
868	893
832	970
651	895
35	626
494	911
91	972
366	911
295	967
473	973
808	963
618	839
26	927
227	688
466	970
667	960
875	909
190	806
47	986
556	900
597	901
280	965
701	729
544	745
543	557
60	588
421	567
371	975
808	976
453	748
549	981
218	881
460	680
644	989
759	976
743	968
638	686
280	978
477	997
525	745
893	912
838	976
375	986
378	991
548	877
56	940
763	802
386	815
553	992
754	982
854	920
914	971
537	984
148	943
234	983
330	691
624	872
677	735
715	990
118	771
104	873
599	815
631	804
906	972
501	923
842	987
28	999
680	925
377	887
578	877
344	710
738	866
443	689
522	982
963	984
536	651
140	651
682	705
219	715
525	987
236	884
681	746
510	864
543	812
326	814
534	992
848	859
91	651
740	831
867	872
531	694
352	951
696	761
47	315
571	995
122	903
312	1000
523	954
405	410
770	831
200	944
902	987
230	823
610	815
376	648
832	891
293	842
735	995
408	600
647	882
163	769
20	195
545	834
677	990
911	928
374	952
811	953
608	890
602	816
552	958
249	957
64	911
265	901
862	891
922	942
526	713
127	967
171	485
644	668
277	911
813	891
758	955
711	843
48	270
91	906
633	960
471	898
961	991
873	878
80	976
776	945
850	894
662	843
505	896
679	783
412	439
408	963
345	614
419	563
512	791
372	488
360	922
299	912
588	786
40	917
521	732
396	966
363	789
652	663
456	751
850	907
951	959
481	515
954	964
549	915
736	741
264	931
102	869
363	910
518	555
196	504
5	936
225	976
836	864
426	966
574	864
393	789
519	928
541	687
21	917
618	907
766	805
222	641
258	335
461	923
604	743
815	926
176	976
336	928
410	877
513	561
740	752
657	983
844	846
393	910
252	705
342	864
768	972
513	682
308	987
905	977
784	916
817	864
252	826
687	983
728	755
623	998
273	885
326	977
488	810
708	813
749	814
243	942
251	574
798	972
220	995
397	628
572	629
44	998
916	927
179	405
170	585
791	932
684	806
925	932
18	487
331	947
661	822
735	808
91	706
286	652
126	434
217	818
411	832
758	876
421	998
173	896
200	999
508	886
934	994
598	779
785	871
496	768
705	878
75	711
383	827
911	983
608	945
828	948
423	899
758	889
904	943
964	994
315	548
661	956
554	830
397	883
259	424
677	937
575	889
363	481
456	672
561	725
695	725
244	789
698	996
670	897
771	949
122	274
66	904
404	899
841	900
51	515
753	787
744	967
172	741
718	951
198	915
371	843
290	918
609	900
669	914
452	916
94	979
639	779
649	972
382	857
196	209
766	968
563	905
26	929
67	967
549	970
89	985
634	785
364	924
331	747
234	851
270	508
239	929
449	510
294	636
13	623
660	959
857	978
870	917
685	908
36	462
368	972
539	790
236	752
819	844
678	868
405	975
597	916
280	980
3	177
421	919
558	924
10	301
157	765
248	883
592	693
495	989
412	991
627	916
700	869
590	997
689	976
501	925
418	927
270	763
839	920
522	984
756	922
88	234
122	784
777	981
818	982
851	930
49	242
474	943
307	537
432	946
31	373
589	866
281	484
272	930
448	661
365	892
888	933
610	925
739	810
862	880
319	897
448	782
593	877
538	941
684	995
340	956
343	702
117	130
895	949
633	949
297	1000
894	990
189	908
464	884
266	374
744	901
255	481
628	955
320	610
77	852
567	716
589	1000
459	890
26	742
429	903
603	790
239	742
868	950
852	942
370	444
284	377
643	724
142	967
439	665
810	837
741	966
264	812
732	917
396	968
674	683
173	401
398	748
348	927
829	971
823	897
405	909
312	681
625	912
303	861
327	989
542	914
757	802
924	979
22	353
836	866
123	930
269	755
477	933
342	974
939	964
364	992
386	751
565	982
803	810
352	874
641	748
701	799
539	737
577	992
766	928
10	356
650	982
414	971
111	933
501	859
592	977
504	635
729	982
710	740
104	930
107	410
659	923
557	875
900	985
96	931
531	630
355	404
814	918
38	468
161	767
290	652
703	821
937	988
240	831
381	770
205	581
707	940
113	992
282	949
221	939
240	952
6	785
367	993
702	983
881	985
578	947
705	759
476	936
302	783
897	929
135	377
673	955
846	883
596	937
124	898
399	837
70	598
66	893
668	998
272	998
869	988
406	961
684	942
119	904
224	957
876	883
144	668
894	937
572	886
468	765
19	673
258	955
662	779
574	666
596	950
375	722
265	850
366	902
994	996
586	676
239	797
588	722
371	953
786	966
412	725
417	840
945	959
669	795
727	773
792	902
919	943
151	805
178	679
417	961
219	222
86	861
139	687
727	894
713	959
842	844
570	910
551	668
674	967
789	954
285	926
766	970
269	689
903	975
801	964
78	340
592	790
625	738
878	918
280	969
836	921
838	967
79	161
263	736
419	983
493	969
667	856
88	920
211	990
720	867
766	983
664	972
865	962
221	631
245	988
207	467
532	752
206	767
481	935
641	924
715	873
123	998
467	808
236	875
455	690
708	870
661	758
872	978
402	763
696	981
300	523
126	370
640	820
645	935
226	988
303	942
215	829
556	570
102	134
921	991
855	866
43	722
874	879
772	868
818	984
744	769
183	244
513	873
573	887
559	989
191	593
688	874
807	825
867	876
853	941
591	941
709	933
19	486
459	758
626	935
786	887
598	836
579	594
689	991
785	928
909	994
150	188
867	997
586	718
572	820
420	951
368	761
781	930
874	892
860	994
802	989
716	720
292	887
526	825
213	365
218	672
980	995
42	483
792	944
66	840
410	613
167	892
778	780
73	964
804	954
545	959
402	910
713	772
372	479
621	954
132	497
780	947
766	783
535	887
499	964
378	903
875	955
61	738
919	998
308	844
387	908
533	962
720	788
725	903
389	954
149	972
116	795
639	836
754	786
308	736
385	690
835	896
477	922
764	952
301	962
521	965
667	790
639	957
185	521
551	844
129	855
93	932
399	450
891	912
13	680
385	811
271	975
130	972
185	871
259	857
768	963
680	850
754	799
468	967
729	971
541	691
21	921
659	912
24	401
678	925
263	683
838	914
879	915
170	226
942	971
226	801
653	868
50	804
699	984
154	632
99	696
622	737
467	863
650	984
450	630
331	938
418	863
550	982
798	855
536	818
930	974
527	998
921	925
310	1000
277	594
221	928
284	755
900	987
941	988
894	913
393	927
277	944
84	815
733	995
915	972
189	831
120	997
309	933
395	936
937	990
274	417
751	985
203	887
120	889
271	533
395	828
610	753
59	879
675	882
793	874
853	888
746	762
622	992
267	764
916	944
698	987
827	872
469	898
306	611
200	895
272	1000
126	680
614	885
834	888
89	734
383	952
102	444
341	726
957	958
198	906
467	542
109	834
725	837
691	960
820	845
314	973
644	848
759	835
649	963
734	778
697	896
820	966
335	628
21	963
174	976
103	278
282	509
33	973
891	967
236	514
218	874
689	725
245	748
157	864
424	979
333	797
627	786
539	902
857	982
213	917
736	921
870	921
391	923
336	987
914	964
13	977
132	928
407	867
863	918
387	400
865	964
736	813
636	875
845	985
784	975
803	988
770	811
816	927
543	805
157	998
55	950
232	354
872	980
770	932
632	998
814	975
525	872
689	980
708	993
837	878
647	983
388	988
267	698
131	837
962	994
464	983
390	539
329	529
138	998
432	950
506	835
29	947
546	648
730	994
890	983
513	996
191	945
260	550
339	843
848	986
922	935
163	883
237	832
512	771
985	991
723	991
38	888
709	827
781	932
101	907
885	989
472	591
197	386
568	824
614	940
850	887
827	940
871	946
403	612
265	907
862	897
107	964
965	995
239	854
478	907
734	833
142	958
1	982
739	948
389	835
475	609
572	956
498	741
231	626
878	962
616	962
192	900
247	607
445	851
519	800
753	967
145	559
706	892
585	602
824	847
759	903
877	895
435	513
536	565
665	975
257	921
269	975
563	964
241	913
320	977
595	916
570	859
289	580
8	338
398	752
315	983
631	960
194	693
515	519
47	939
611	981
449	919
206	932
844	960
435	526
641	860
352	757
486	986
720	924
117	860
351	798
203	405
548	817
388	801
729	865
401	511
501	863
485	855
578	817
144	296
710	973
508	987
38	809
291	989
439	924
2	886
136	886
824	994
675	871
983	987
592	873
306	479
812	876
724	992
374	650
346	817
772	925
730	928
568	866
909	930
793	984
213	409
283	882
663	874
668	989
368	697
602	635
146	355
483	943
697	872
241	363
325	1000
380	936
394	605
721	1000
75	825
880	993
168	787
468	527
404	1000
137	656
772	938
156	669
450	887
395	951
665	775
679	710
744	839
477	724
293	903
397	997
457	782
809	941
883	890
179	774
725	947
521	659
498	904
718	944
878	896
938	947
957	960
533	898
271	898
871	893
67	839
86	852
391	670
685	888
167	962
96	264
607	968
431	971
775	781
637	847
296	554
884	953
650	786
507	737
759	958
45	154
831	834
96	385
354	909
528	796
247	783
574	912
500	734
794	952
431	863
646	788
576	958
347	906
414	667
135	986
391	912
165	865
646	909
33	157
530	963
254	799
741	917
856	904
312	740
840	896
652	845
330	794
564	732
963	966
94	288
723	725
477	992
851	910
433	922
474	923
510	617
956	963
694	926
620	748
358	748
872	969
272	452
423	584
409	686
419	879
515	816
157	879
193	536
248	997
27	998
641	928
489	800
860	972
772	859
791	872
777	974
128	528
312	874
293	595
821	980
270	877
578	764
517	754
833	990
160	187
731	979
612	762
82	533
408	703
50	995
721	934
302	950
608	993
797	929
434	877
943	983
962	996
786	999
463	531
193	670
587	826
936	980
251	877
209	880
811	948
704	822
217	1000
814	990
910	927
93	439
280	531
552	953
535	757
182	898
493	531
880	940
405	418
243	319
594	842
943	996
318	944
376	885
646	709
334	888
875	946
168	855
369	845
795	953
32	671
660	765
82	788
290	966
973	996
744	907
494	961
246	896
191	960
704	956
46	727
1	984
398	620
810	830
42	958
787	846
859	951
446	553
50	324
363	784
435	623
131	397
72	985
20	566
667	902
130	963
877	897
49	974
560	961
164	695
241	915
227	980
516	854
345	972
498	985
625	797
45	222
234	912
32	926
11	345
525	795
689	903
666	919
858	860
844	962
541	924
346	456
860	906
134	802
824	983
939	970
736	870
307	693
638	978
812	865
817	980
622	741
11	816
319	703
453	932
640	758
194	937
428	875
270	932
449	934
531	973
462	873
508	989
511	994
805	983
712	755
371	462
579	640
923	975
587	760
394	594
922	979
705	981
641	996
448	830
916	935
318	986
5	260
758	992
610	865
505	583
739	750
832	941
918	981
848	922
812	999
908	936
691	709
864	866
304	943
610	986
703	948
788	992
213	532
719	892
773	869
528	543
123	494
730	943
274	663
790	957
513	945
769	871
535	704
447	820
876	997
848	935
908	949
695	841
665	669
40	846
783	890
237	902
37	548
672	830
52	856
836	901
896	952
651	892
477	968
931	946
571	603
755	949
892	954
933	955
630	954
528	906
280	841
934	956
403	911
89	980
460	893
658	908
210	223
211	862
76	408
571	616
172	870
158	972
708	850
349	917
96	508
643	906
558	798
21	859
865	955
306	991
629	678
842	971
55	820
858	915
44	927
517	622
379	917
599	920
819	960
617	974
736	925
791	861
703	748
749	864
64	761
274	342
476	971
108	575
25	806
682	810
888	915
612	751
865	968
221	866
185	943
823	971
622	917
200	928
902	971
879	987
254	935
777	976
455	925
804	813
656	686
100	468
471	640
913	985
346	874
654	990
580	812
833	992
51	202
596	756
441	882
587	936
633	823
806	980
443	928
809	985
401	931
327	716
10	780
662	706
464	987
538	936
221	1000
340	951
904	993
582	713
86	775
769	805
154	946
570	595
809	877
547	877
492	941
189	903
598	842
466	659
378	775
600	888
719	839
184	946
454	541
607	783
464	1000
350	834
61	731
429	898
850	891
788	952
755	775
3	911
340	496
262	842
126	981
676	896
266	732
393	773
202	976
100	965
711	853
318	370
875	961
512	909
671	902
745	851
638	725
720	794
458	794
664	899
870	967
653	969
391	969
379	622
819	894
783	971
680	735
726	851
550	854
242	509
674	920
66	512
319	692
747	910
833	913
893	964
356	988
367	625
7	53
845	923
738	797
624	924
481	875
696	800
305	915
250	979
709	739
131	762
483	921
192	220
923	964
647	800
619	701
608	808
524	585
496	523
554	693
289	947
742	929
112	762
186	711
654	816
425	993
454	462
450	757
213	521
941	994
858	996
69	247
654	937
79	706
566	824
1	786
496	994
413	996
688	935
820	825
484	876
911	980
718	814
952	981
649	943
520	829
129	190
693	986
274	773
53	545
237	891
397	880
438	652
341	719
635	937
695	951
115	901
417	943
940	984
628	897
442	478
586	900
567	658
864	881
354	779
65	676
151	679
868	1000
159	540
505	948
799	900
926	941
553	615
281	910
778	962
19	910
657	672
299	964
877	941
896	954
436	969
403	792
659	718
623	795
815	965
801	838
933	957
518	715
789	949
141	913
356	801
683	967
576	841
884	957
741	908
460	895
842	960
861	973
584	961
564	723
569	801
660	956
733	909
604	795
56	926
713	967
251	613
275	970
757	973
724	796
476	731
295	390
412	975
35	988
195	223
967	968
549	980
328	981
276	562
421	916
440	929
233	865
536	637
902	960
164	765
544	986
833	860
860	963
689	852
534	978
620	752
754	981
793	909
182	755
335	997
252	999
503	581
527	938
673	992
487	573
714	801
404	575
428	932
505	627
270	989
825	982
324	996
580	922
332	820
492	809
211	530
20	999
785	802
735	981
807	820
853	936
526	578
314	887
874	995
552	715
482	885
526	928
867	992
779	879
382	654
401	704
700	1000
683	767
91	892
287	538
779	1000
672	874
415	723
272	940
385	551
285	613
679	769
785	936
752	759
149	954
672	766
465	665
327	960
24	959
101	913
100	954
62	433
873	877
80	975
298	380
234	890
170	905
753	960
447	890
70	903
326	600
14	742
308	960
349	732
160	567
602	949
68	978
164	457
711	855
752	893
222	627
958	961
810	834
699	966
570	852
303	737
831	893
817	958
187	791
951	958
13	675
935	950
954	963
315	976
650	966
414	955
567	968
768	958
606	896
745	974
237	504
643	963
714	843
623	984
185	987
400	912
400	683
601	673
900	969
275	917
798	958
891	920
622	732
173	640
365	810
846	854
865	904
20	812
23	817
279	743
854	974
12	399
578	810
911	956
591	749
627	968
112	751
659	920
800	859
428	987
395	810
510	797
578	931
172	243
77	649
397	856
724	756
116	348
392	926
122	836
120	992
340	995
598	765
408	641
707	937
705	864
550	990
80	775
407	941
489	980
214	775
186	942
828	934
728	996
700	934
101	834
104	351
293	775
105	990
284	992
394	598
246	471
545	767
839	985
517	934
498	655
811	886
676	698
478	942
175	941
744	832
563	757
155	474
614	988
807	888
834	991
760	813
283	888
971	996
506	896
261	311
169	722
769	983
802	931
843	932
718	937
878	889
537	596
129	542
813	945
940	986
100	780
650	658
75	952
209	952
65	907
588	948
607	961
794	824
47	974
336	848
603	963
415	912
588	840
734	894
692	897
576	951
158	963
53	681
391	676
74	969
127	566
588	961
348	979
282	854
507	972
133	502
694	798
768	784
330	787
564	725
944	946
770	793
849	857
558	910
24	451
838	964
497	671
409	787
483	736
464	494
796	967
474	916
183	215
782	803
842	854
565	805
812	911
352	926
252	988
351	738
750	972
548	986
928	978
963	972
379	921
219	703
327	465
733	924
538	685
851	916
703	752
675	919
358	983
110	881
108	808
825	863
737	750
420	814
800	806
170	410
483	870
689	975
188	693
155	287
490	994
242	929
490	765
825	984
489	806
46	465
712	814
323	773
441	994
293	830
876	922
633	935
572	925
374	940
556	688
291	942
205	875
642	876
301	583
540	828
526	930
908	995
880	933
682	948
864	925
198	835
688	884
447	529
438	938
107	838
93	674
275	422
588	653
230	945
712	948
711	952
637	774
306	903
565	605
589	999
685	936
671	772
602	938
776	825
514	825
51	798
799	957
771	895
122	449
77	972
667	774
773	941
415	967
657	729
794	1000
665	849
255	951
549	903
347	954
667	895
451	782
289	683
798	826
421	839
500	903
252	801
68	980
62	677
444	742
419	914
875	965
19	980
437	739
344	511
537	677
113	844
951	960
830	899
357	975
222	750
273	981
763	845
823	896
601	783
611	976
726	963
143	642
729	968
517	560
200	624
847	960
310	984
425	971
678	922
854	855
446	801
641	976
190	286
402	465
338	975
407	809
346	799
558	978
733	979
62	811
497	739
328	930
937	974
358	809
210	645
158	226
388	917
536	815
599	871
299	579
629	979
684	686
501	979
138	927
224	930
499	869
344	995
705	974
770	874
200	987
420	990
57	938
253	355
698	971
786	818
918	974
499	761
793	979
853	993
575	756
318	871
46	412
15	833
348	484
480	869
380	931
834	872
258	941
390	831
276	995
87	830
510	933
918	987
656	987
444	542
480	990
848	928
397	992
466	597
806	931
704	883
809	936
10	960
767	939
261	313
868	991
843	934
86	726
287	487
194	259
378	834
727	988
331	493
137	893
660	934
577	670
40	731
898	991
287	608
70	610
116	955
176	777
451	945
644	845
993	999
500	837
99	264
664	945
287	729
461	616
70	731
713	837
47	976
643	778
632	848
185	802
152	625
745	910
160	745
275	732
722	899
6	692
648	684
928	967
601	609
162	976
900	905
265	394
41	915
380	381
335	867
858	908
944	948
902	951
102	107
632	861
544	977
461	979
717	905
423	458
199	979
432	921
64	525
545	569
784	851
888	908
48	931
645	921
731	961
906	962
529	975
386	926
188	453
293	469
298	813
201	917
321	982
176	335
300	630
761	988
198	353
277	646
175	635
101	420
615	870
45	754
119	703
601	743
807	811
793	913
215	936
316	988
932	991
30	890
580	805
184	805
406	652
101	770
469	937
353	762
182	880
438	577
407	998
751	808
682	937
723	975
360	886
520	875
816	937
308	467
408	819
688	873
531	926
457	711
498	712
322	752
704	817
828	883
561	768
728	945
692	699
540	830
584	644
181	897
643	699
748	752
1	966
766	769
58	719
484	827
811	956
575	945
704	830
382	779
850	884
332	958
855	999
555	707
13	424
868	938
123	784
972	995
889	997
268	384
503	961
126	974
248	671
660	881
302	382
238	892
329	781
838	887
53	617
829	838
815	903
452	851
42	953
713	892
685	830
476	656
569	618
75	83
734	951
43	279
717	718
262	848
148	975
140	333
324	908
379	615
291	502
699	970
427	511
647	780
141	154
740	742
859	959
27	806
237	387
335	693
541	798
761	801
577	980
590	919
571	677
810	959
763	847
474	744
768	962
41	862
77	290
819	900
34	859
763	968
578	693
715	927
181	239
786	807
642	799
81	237
677	793
508	755
728	987
365	935
179	516
249	760
717	865
422	917
188	750
443	976
916	930
593	920
786	820
519	705
320	532
485	865
633	992
971	987
728	1000
602	632
843	923
655	872
108	999
540	656
619	949
443	989
171	530
410	546
473	602
959	990
852	864
790	952
876	992
554	941
136	199
72	672
507	600
180	242
586	893
727	869
470	947
551	643
649	949
662	888
115	853
788	1000
521	885
526	1000
254	541
727	761
68	795
475	890
683	839
232	903
755	944
856	996
892	949
644	847
671	950
528	901
421	775
266	901
86	970
722	888
479	901
331	737
212	557
372	546
660	949
830	835
6	573
264	868
446	845
606	834
211	978
613	958
687	907
398	804
664	960
548	977
92	734
161	339
240	632
840	893
826	958
592	791
756	899
29	799
617	969
359	970
183	219
97	933
913	967
476	737
770	918
761	869
411	985
337	807
422	622
316	869
321	984
696	861
300	861
608	977
943	967
659	979
318	686
459	625
552	587
675	923
224	987
141	464
707	875
812	928
278	469
508	931
888	923
450	926
730	980
477	534
862	870
545	934
332	826
431	539
389	579
895	939
581	749
204	762
166	241
691	880
135	662
556	692
186	893
850	873
189	898
607	657
519	773
554	767
586	948
383	885
880	937
28	428
289	432
676	878
101	906
813	883
339	963
77	963
493	649
97	383
451	652
616	948
778	781
431	902
183	837
128	901
305	534
889	999
686	899
801	886
424	899
88	721
864	942
468	942
299	904
632	784
764	940
634	830
317	894
537	668
817	951
440	964
935	943
269	853
893	946
337	728
810	948
419	797
138	784
303	851
223	333
863	959
462	615
990	1000
338	845
838	902
392	556
34	848
824	967
717	841
923	946
18	574
185	751
331	805
377	921
456	985
435	862
624	798
338	966
140	456
117	738
208	856
953	973
557	744
409	617
615	685
372	964
694	749
298	749
31	405
351	797
543	967
601	679
821	911
60	998
757	926
710	851
195	634
663	739
906	911
257	465
648	875
45	811
895	981
499	752
633	981
490	932
550	983
566	927
920	930
183	408
642	922
124	996
554	809
572	634
792	866
599	996
392	932
120	998
290	655
469	886
675	991
582	763
568	865
890	916
702	865
369	884
424	591
374	999
503	884
514	750
593	814
445	650
87	942
610	983
769	976
661	948
29	183
339	897
297	937
438	876
396	879
644	715
415	892
883	997
841	1000
403	774
301	763
246	827
180	473
438	997
908	946
572	997
138	476
285	903
646	882
568	999
194	263
727	992
438	889
639	879
253	843
165	730
835	939
852	879
370	610
898	995
516	664
232	905
933	952
294	965
756	767
159	548
747	947
136	564
28	967
66	441
257	975
169	862
492	549
208	790
703	732
111	857
251	608
495	968
209	382
214	460
818	840
45	395
229	970
724	912
425	801
819	957
63	385
502	755
749	861
432	925
129	924
913	969
335	992
99	981
467	919
723	845
281	463
668	909
590	989
423	812
906	966
166	927
238	278
802	845
353	753
69	994
564	973
600	630
605	974
619	872
705	912
99	873
696	863
145	989
654	866
318	917
901	972
455	922
362	694
257	412
293	823
193	885
807	815
719	931
154	930
811	934
249	938
832	993
790	996
463	638
50	994
862	872
283	936
561	880
800	933
285	487
568	812
521	700
589	871
676	759
588	875
514	697
593	990
808	878
813	993
174	777
232	718
39	552
776	818
299	893
835	873
595	891
977	993
350	831
201	708
542	772
550	596
674	891
491	955
29	372
669	961
149	962
451	775
449	665
924	958
225	957
822	947
660	885
145	668
439	886
866	953
442	891
856	945
534	894
699	961
878	963
616	963
522	776
558	958
761	792
227	858
810	950
273	974
842	902
138	557
265	332
261	856
462	617
319	797
701	899
761	913
235	574
479	971
143	985
798	953
775	969
673	692
356	985
153	922
501	851
391	979
721	854
740	867
247	971
520	571
557	867
20	928
598	639
386	985
59	627
661	924
839	967
471	571
677	905
481	993
696	918
539	971
668	856
520	692
709	857
855	911
473	580
906	913
684	800
362	749
381	762
18	710
730	916
721	867
289	944
292	690
8	931
407	936
695	814
115	993
321	344
698	856
804	986
105	985
279	872
811	881
401	754
813	927
357	647
598	773
238	467
551	634
809	929
583	586
533	994
170	942
373	776
794	806
610	985
40	832
93	843
822	989
560	989
2	203
336	722
776	994
690	725
662	892
299	840
822	881
574	779
472	997
444	669
117	311
549	722
204	953
667	714
223	966
856	879
840	871
74	843
377	615
905	1000
79	958
440	900
729	774
228	492
197	913
324	725
599	664
631	882
263	486
92	604
377	736
352	908
371	958
701	833
659	836
805	890
750	954
125	902
507	967
629	664
842	957
803	965
775	903
140	392
527	801
508	559
115	564
180	959
414	897
218	985
37	910
768	900
319	744
453	973
486	921
733	798
208	913
571	736
777	841
823	957
9	969
666	973
377	870
902	957
74	280
76	878
772	847
376	618
4	975
419	988
689	849
157	988
974	981
316	981
536	984
302	817
190	347
489	909
360	758
869	901
833	978
268	940
469	930
312	983
329	398
802	847
532	986
346	981
943	971
184	919
304	984
904	979
821	981
895	930
182	994
457	933
737	987
520	989
602	799
14	134
695	990
299	761
681	863
560	802
376	981
45	881
568	922
375	756
802	860
251	986
485	924
922	925
182	886
111	188
811	828
809	984
346	994
561	882
776	807
332	830
901	987
235	897
40	658
857	880
623	713
320	712
655	931
163	994
999	1000
878	939
426	815
412	651
637	998
255	704
458	538
12	946
141	831
452	952
526	938
199	543
924	947
776	820
280	882
621	946
643	705
968	990
159	363
558	826
403	723
838	880
718	1000
281	962
630	887
759	772
877	993
13	659
266	839
868	944
824	837
39	796
507	901
4	546
42	838
9	661
509	947
965	998
495	783
877	885
285	973
500	898
646	952
775	837
571	778
53	852
115	269
562	729
601	657
133	323
935	947
198	388
714	719
273	976
636	799
307	560
245	914
190	978
289	920
46	970
863	963
467	963
847	955
93	227
604	968
659	904
364	986
138	909
334	555
81	109
663	730
29	629
631	963
543	850
529	915
147	584
226	914
441	802
749	918
402	810
770	977
228	694
527	990
250	978
420	864
599	866
29	979
645	982
772	794
150	222
124	987
399	926
922	967
858	982
350	512
484	512
599	987
14	68
15	707
937	982
480	743
619	821
179	751
308	636
511	995
579	870
436	821
697	862
100	643
457	880
658	870
603	934
663	985
575	872
468	746
695	937
607	824
771	932
353	944
790	945
262	762
589	928
690	714
693	985
887	999
246	939
342	418
163	941
966	999
80	906
792	883
780	994
852	870
563	767
12	893
81	498
683	832
565	776
248	611
514	996
49	896
926	940
604	889
986	991
989	996
667	945
400	601
245	727
281	909
726	771
60	910
583	951
745	784
764	999
939	1000
53	907
653	902
326	544
28	850
454	958
266	907
715	733
71	668
546	961
35	745
654	723
782	908
17	553
619	621
242	671
714	895
310	805
626	782
478	618
20	972
502	975
23	977
54	327
171	912
377	980
891	972
261	805
393	961
849	975
103	862
184	558
165	279
6	929
529	970
818	844
749	973
666	975
740	924
886	978
187	977
742	970
761	983
860	962
879	975
32	285
422	736
894	960
476	972
723	849
635	965
709	914
48	939
524	868
312	985
568	911
587	924
886	991
792	804
608	983
186	765
189	770
920	989
371	518
684	978
904	981
744	763
339	943
494	588
936	970
572	922
746	809
355	924
79	760
128	881
871	925
150	411
771	987
530	632
210	950
153	416
227	365
240	304
672	752
484	930
66	942
551	691
649	997
809	986
883	935
547	986
486	710
857	882
572	935
350	822
369	835
625	761
919	979
644	774
102	491
415	951
931	989
829	941
889	992
317	766
5	908
244	961
863	939
968	992
522	646
720	890
30	443
21	889
866	944
766	777
315	841
530	766
282	664
259	717
281	964
616	954
597	712
743	995
745	839
872	880
137	956
145	551
761	783
384	833
114	972
24	261
669	965
306	913
488	661
321	898
805	947
309	780
483	667
345	962
699	965
721	724
597	954
160	916
270	559
41	736
858	958
659	785
631	952
268	863
865	890
636	801
142	266
221	559
59	497
229	908
826	898
397	721
682	853
355	495
668	955
907	971
444	981
318	613
63	323
735	901
647	788
302	753
135	347
539	962
575	619
156	406
376	675
212	981
501	855
854	973
196	973
765	864
388	914
99	811
503	635
181	584
43	650
827	961
538	858
224	927
807	982
881	968
760	907
158	344
85	997
448	820
786	815
496	753
769	848
633	987
359	455
490	938
181	597
98	828
387	702
846	987
59	873
716	877
535	573
526	753
297	930
457	882
534	577
765	998
864	977
420	1000
734	867
579	993
679	702
472	638
496	995
100	995
716	998
769	861
535	694
576	695
691	941
470	942
341	828
674	708
868	988
450	1000
338	530
343	874
362	887
577	775
664	929
540	893
796	819
484	998
341	949
602	990
159	649
343	995
780	996
829	888
639	993
295	954
518	703
358	485
745	894
762	834
385	847
25	541
453	493
986	993
764	880
562	894
502	614
796	832
181	973
456	912
36	326
430	482
803	956
63	954
388	485
338	893
136	907
180	950
72	922
507	850
815	966
289	627
342	904
230	434
381	566
735	835
840	888
740	913
826	953
201	901
388	727
71	791
324	971
90	804
392	617
735	956
518	958
757	974
99	974
948	956
587	913
532	977
784	969
11	982
44	930
61	345
589	730
2	933
693	787
282	987
323	988
175	861
552	811
194	874
698	902
837	980
413	918
661	754
297	972
397	681
825	862
214	937
570	572
272	915
709	916
781	792
700	867
133	985
343	566
315	467
108	928
237	813
682	934
184	923
800	926
684	980
885	970
656	918
174	878
535	857
573	883
600	986
572	924
121	988
732	876
773	914
806	862
303	470
594	942
910	919
459	983
929	932
767	870
679	986
827	921
868	922
973	975
49	590
208	354
347	927
493	752
565	591
630	757
454	760
454	531
734	814
357	827
431	776
255	816
977	986
540	948
669	833
242	473
868	935
546	884
618	760
873	986
861	895
372	704
45	309
565	604
968	994
202	966
217	537
114	853
346	422
576	884
180	655
636	669
648	723
152	556
105	252
179	955
220	956
110	330
58	140
701	1000
159	717
935	938
76	453
764	827
122	569
72	977
433	956
567	956
190	969
873	999
625	897
754	782
726	949
845	900
652	771
905	951
866	959
599	615
516	846
502	911
18	569
226	784
840	943
537	905
757	908
27	803
495	908
283	500
508	847
145	795
291	849
136	975
406	570
92	905
694	973
606	897
867	901
550	736
911	944
310	983
142	618
224	916
821	906
196	854
177	575
215	867
292	562
779	909
261	983
853	858
374	631
767	791
698	957
832	920
474	983
591	979
24	868
365	932
263	921
827	963
15	819
629	978
54	747
114	532
482	699
807	984
134	218
344	994
633	868
839	973
448	822
181	707
360	938
704	748
19	645
813	920
207	881
655	748
621	871
450	989
524	938
780	864
885	917
785	979
587	994
807	997
134	231
254	296
820	936
326	401
883	992
690	826
14	314
621	992
108	178
528	535
519	944
266	535
431	831
758	997
799	998
959	987
438	992
328	366
908	941
762	823
734	990
63	822
192	707
371	938
808	939
863	875
150	710
296	764
497	525
58	892
567	998
875	885
264	960
759	939
162	720
470	836
762	944
555	880
982	984
168	205
794	933
417	946
678	950
857	952
553	955
611	896
597	998
456	793
850	949
657	783
321	834
123	849
764	882
805	883
9	949
768	772
762	957
645	786
32	973
209	606
118	747
169	978
791	961
371	375
689	721
782	912
143	925
330	788
374	794
797	897
645	799
698	891
524	738
736	917
529	853
298	920
573	630
853	913
476	963
536	977
715	979
300	737
186	864
520	740
907	920
323	869
524	859
216	514
501	912
513	737
886	982
619	638
11	984
434	858
38	858
901	967
538	915
730	856
334	856
834	913
853	926
476	976
806	851
584	738
869	907
874	985
459	743
612	985
697	800
628	700
540	816
605	982
713	744
121	869
487	926
776	800
547	748
920	993
598	942
771	870
482	767
260	654
667	749
778	994
281	713
957	996
69	305
711	940
246	877
576	752
471	995
383	882
850	991
456	606
137	826
968	983
154	241
987	996
725	996
843	988
480	936
810	811
259	937
313	944
657	717
762	770
10	906
662	832
665	837
114	963
389	939
871	942
544	547
912	943
972	994
755	996
975	999
125	600
56	729
498	845
570	950
162	896
518	760
924	953
965	991
486	727
747	768
898	937
180	886
199	899
328	784
359	888
562	722
548	787
437	956
75	82
558	953
236	673
254	956
249	383
507	907
240	792
653	961
782	846
565	848
465	910
680	835
143	859
726	951
578	787
206	915
816	844
923	943
642	664
41	969
523	972
738	897
872	897
127	743
173	859
462	733
61	160
145	797
167	556
833	905
120	969
428	856
37	971
36	746
429	448
580	846
337	859
194	810
818	903
790	804
702	728
881	959
361	398
228	808
517	682
448	811
827	844
288	566
730	911
614	965
452	637
37	166
517	803
570	629
580	859
929	976
800	862
827	965
238	341
904	919
656	854
716	868
265	932
31	765
821	921
941	986
820	925
80	886
214	886
162	696
489	862
797	978
253	814
387	814
915	970
827	857
276	983
554	698
416	993
512	930
336	475
649	935
456	540
712	991
491	763
348	943
804	994
609	984
628	997
760	924
144	655
586	1000
856	861
484	989
759	928
79	940
697	989
34	645
158	940
628	889
889	930
787	882
776	989
313	999
951	990
51	733
954	995
222	322
521	884
254	540
845	944
778	954
437	661
256	320
555	882
451	946
449	836
25	545
849	955
195	202
766	957
631	998
590	731
576	833
925	950
455	772
243	852
229	954
275	841
803	960
462	667
775	898
134	838
409	548
23	970
226	841
666	847
163	492
932	966
435	685
849	968
324	854
356	806
750	962
4	849
112	567
800	904
122	989
356	927
974	976
779	966
237	683
853	915
228	863
645	922
906	963
785	902
205	852
452	463
443	909
602	673
786	982
353	871
399	987
688	861
110	884
39	415
556	678
186	879
621	807
187	286
890	968
293	712
843	856
686	872
605	984
429	987
61	591
212	235
778	875
799	934
463	985
945	988
802	976
339	949
72	834
452	597
603	995
258	997
220	476
421	466
660	748
546	875
158	995
512	998
400	528
873	977
850	993
968	985
799	947
885	987
364	955
745	832
729	824
472	939
527	609
577	955
618	993
274	954
750	883
395	426
823	873
386	606
456	850
605	650
187	662
674	780
486	958
453	781
398	845
747	999
796	891
474	840
307	434
367	485
418	716
456	971
674	901
935	942
35	914
253	319
819	996
870	961
689	886
56	973
245	909
548	681
592	953
592	724
289	915
113	955
844	945
627	947
429	437
742	897
709	720
525	899
74	209
942	958
83	968
881	948
592	845
504	961
633	846
619	682
872	899
140	455
814	894
934	959
791	910
736	974
513	902
14	989
614	725
416	969
490	918
589	897
481	869
594	746
580	848
217	796
739	841
772	789
818	905
348	690
568	730
740	985
504	974
22	934
41	984
894	900
314	813
481	990
682	980
434	915
225	741
390	808
104	222
73	643
716	978
749	926
788	854
770	985
448	934
112	985
594	988
869	964
409	979
758	867
799	868
441	931
64	944
790	819
317	343
616	639
896	922
197	426
697	978
790	940
186	947
437	529
970	992
271	991
679	816
524	942
324	588
329	703
494	999
366	999
581	924
163	936
180	351
667	698
584	929
212	532
621	996
373	894
627	747
458	709
277	368
535	929
433	881
653	884
6	319
792	999
298	427
551	644
671	938
776	991
789	930
863	879
692	997
115	427
172	732
378	837
419	838
446	712
754	828
248	956
569	782
720	951
733	890
227	789
263	483
750	830
669	905
510	589
372	884
437	784
454	953
169	969
98	271
48	679
84	373
461	848
617	836
216	492
235	505
245	964
465	967
210	677
335	857
803	962
369	441
622	658
701	951
442	956
478	613
273	918
689	833
243	746
333	905
916	960
43	806
948	949
548	978
724	911
149	680
624	973
677	836
200	911
176	325
663	672
360	634
814	841
203	916
499	914
232	341
517	739
434	970
38	970
654	973
249	924
376	965
785	904
430	972
199	285
691	976
388	975
462	924
825	976
864	904
797	914
883	917
786	984
63	626
920	984
285	473
106	996
307	986
95	578
64	999
790	874
480	914
821	978
182	991
820	982
209	865
591	930
957	987
910	912
277	999
170	873
189	886
271	696
202	825
54	698
288	865
301	804
642	868
263	283
573	997
862	871
212	466
663	927
792	812
630	750
968	974
771	874
193	897
683	990
380	989
540	941
521	699
583	759
695	1000
877	977
896	990
720	764
706	866
348	892
12	943
72	957
810	923
829	936
452	949
37	478
78	250
984	995
219	374
103	428
843	992
842	996
840	923
831	874
817	939
311	313
963	993
247	823
338	712
35	903
884	885
488	656
419	785
842	888
479	836
914	993
611	955
96	775
578	778
789	998
608	657
238	895
541	667
269	962
134	774
879	891
777	880
823	996
23	677
408	488
41	960
177	326
220	962
292	313
891	901
555	952
118	914
902	996
2	739
733	958
208	844
953	961
328	909
708	901
653	965
303	852
151	983
520	557
824	968
562	968
821	899
314	573
723	778
539	957
714	958
612	910
212	976
64	812
108	855
930	963
511	979
48	989
132	165
483	917
698	842
412	448
240	930
427	985
210	758
705	966
66	979
322	676
883	972
470	574
387	805
978	980
515	990
675	979
380	802
707	931
793	971
199	461
853	985
584	797
809	915
795	980
828	928
128	931
376	804
188	982
436	818
904	923
705	979
350	751
211	821
156	885
753	875
40	710
311	944
834	985
204	818
507	590
908	934
658	988
787	873
470	937
468	864
445	880
574	765
679	818
651	985
711	770
764	862
521	875
581	926
111	711
732	829
262	651
308	996
229	474
817	873
583	706
720	940
458	940
260	955
549	829
669	894
218	729
773	988
933	940
69	606
239	788
211	955
300	475
81	845
686	955
768	994
947	996
726	997
146	947
330	539
187	719
914	940
22	278
333	665
641	781
539	999
236	961
833	951
406	618
240	851
105	663
633	782
118	861
714	892
819	945
37	909
231	923
50	848
518	953
936	941
397	663
830	959
814	951
423	800
689	956
804	906
615	741
105	905
647	959
881	897
430	961
388	964
164	990
272	789
525	969
538	908
276	679
837	975
55	939
399	749
605	854
691	857
591	919
317	387
52	870
649	860
286	808
869	900
43	821
459	736
87	864
255	677
790	984
193	765
195	811
809	970
841	922
288	975
885	965
458	632
820	984
938	976
957	989
561	989
676	976
767	865
665	817
780	804
95	701
711	933
76	422
62	524
535	973
301	806
427	945
785	919
774	989
139	478
311	999
727	914
653	699
806	978
429	991
267	929
649	994
583	640
799	938
926	979
637	876
95	593
945	992
259	701
685	809
229	529
795	940
660	981
151	609
507	658
933	995
671	995
762	884
495	769
803	885
333	707
233	769
627	925
68	961
706	989
90	720
632	774
733	826
144	956
859	938
201	938
435	610
963	995
775	944
448	549
90	612
819	987
576	1000
23	787
532	664
148	967
927	934
583	895
949	952
2	849
428	957
257	321
460	946
4	666
97	857
479	959
591	611
849	906
16	905
234	310
367	839
288	317
854	957
735	777
215	970
946	960
11	911
173	744
268	981
620	911
504	965
316	914
209	788
176	382
816	971
673	922
915	950
294	337
146	210
82	683
120	975
615	917
730	904
389	611
633	971
256	984
435	986
901	907
846	971
904	912
36	873
77	874
402	930
267	742
709	858
98	704
404	747
813	915
697	969
582	753
568	855
77	995
416	986
649	928
74	697
561	815
294	471
469	997
389	974
158	812
366	990
584	920
336	589
327	998
542	694
674	813
841	990
637	931
274	879
711	880
898	972
683	818
499	997
58	995
447	807
774	936
328	361
61	771
776	982
910	982
514	982
393	463
12	1000
86	949
125	877
581	928
666	706
46	998
555	646
121	125
343	992
453	598
764	985
301	995
318	410
595	947
655	998
431	960
38	477
731	929
411	493
823	932
23	613
754	832
91	488
60	909
509	772
541	953
85	444
613	829
103	727
636	961
317	952
432	673
127	562
173	907
233	958
164	858
747	950
626	660
543	891
823	945
638	899
816	905
902	945
76	866
492	552
596	609
675	902
853	908
407	858
916	964
396	440
354	443
367	907
867	964
886	977
545	684
522	966
503	687
286	918
434	853
580	907
962	972
566	743
390	746
307	977
109	504
716	916
821	969
67	507
243	992
760	959
416	920
696	974
792	911
957	978
575	684
607	865
15	990
353	985
642	859
825	980
234	512
506	934
225	921
744	991
496	926
499	931
172	536
760	972
278	932
402	998
896	981
170	877
440	701
478	993
679	983
370	642
623	822
130	926
281	829
88	700
850	986
109	759
725	991
477	889
21	646
475	816
857	881
116	883
584	988
713	873
322	988
919	978
432	594
597	927
776	929
743	752
99	421
54	944
315	719
755	991
376	406
933	997
308	945
17	244
416	478
577	840
136	609
43	381
750	768
502	666
823	987
634	822
754	887
262	950
41	722
835	997
558	948
39	797
216	430
648	841
386	841
460	827
842	892
513	653
430	884
886	898
715	787
192	194
837	898
694	849
242	954
256	623
751	831
641	959
71	843
351	897
629	841
357	382
656	715
205	779
413	957
260	449
105	612
413	728
72	169
825	901
369	392
687	967
635	777
511	970
860	895
846	960
612	793
804	963
545	739
858	970
85	983
728	860
423	978
593	672
290	863
450	852
395	916
197	406
152	929
719	976
172	349
256	986
952	955
176	505
33	685
556	726
723	903
888	970
547	677
409	972
450	973
210	991
3	698
779	919
354	632
404	978
32	581
767	801
706	791
959	971
496	981
711	869
623	756
91	932
265	819
567	632
391	635
685	853
489	978
718	801
850	920
748	909
524	935
491	758
871	979
114	771
623	877
769	968
628	992
466	930
306	712
347	750
815	818
149	994
586	995
195	881
896	928
445	763
467	522
233	355
494	884
260	717
31	894
595	936
750	810
917	987
741	990
102	774
437	764
776	984
514	984
643	869
549	941
903	944
278	892
88	997
699	885
146	938
762	941
426	992
604	769
678	718
34	653
218	962
298	662
859	995
798	985
523	780
951	998
935	990
131	441
604	890
631	764
469	665
796	831
620	834
826	939
338	892
324	957
590	847
777	939
798	998
471	603
849	963
728	902
236	965
370	965
65	329
153	967
175	726
304	611
906	945
488	957
185	919
496	781
839	891
360	627
129	206
709	781
203	909
506	681
800	899
417	609
400	965
629	788
147	519
675	904
790	854
358	968
55	930
394	396
779	961
723	837
322	493
767	843
538	791
846	907
890	950
642	848
394	746
605	966
204	622
92	152
130	444
171	445
295	740
262	563
828	974
57	868
368	730
304	745
818	966
601	968
339	931
895	920
591	923
551	558
126	823
299	751
216	982
670	923
609	684
707	990
672	740
625	628
391	461
363	628
671	744
148	474
84	984
404	925
901	977
744	993
904	982
945	983
463	751
444	472
43	128
516	577
375	638
475	576
494	818
540	934
378	872
917	921
295	874
372	569
718	977
732	875
313	928
258	992
334	987
771	988
26	605
516	698
975	983
116	764
732	996
410	945
253	998
555	811
882	940
81	891
945	996
461	654
466	998
815	886
801	988
6	488
840	916
919	980
743	983
354	942
458	999
90	603
585	811
650	940
414	929
309	647
106	547
345	829
565	832
537	770
905	937
49	952
701	878
835	878
217	536
599	601
571	768
731	757
411	550
923	927
900	943
652	878
726	827
421	716
94	321
356	964
153	901
854	948
620	781
320	489
129	958
564	886
509	950
729	953
544	907
557	846
39	920
345	963
942	953
582	610
95	263
565	966
944	999
233	907
915	941
516	966
68	510
270	910
760	774
927	951
435	977
765	852
930	956
888	959
640	857
277	805
626	959
1	870
156	515
469	975
87	681
353	800
284	966
881	956
941	970
457	857
765	973
423	980
216	916
813	906
431	575
670	857
615	921
78	982
656	959
191	859
58	515
746	852
443	851
214	991
448	929
809	908
552	986
73	988
293	991
131	175
702	967
79	924
487	749
404	980
582	986
119	996
716	986
499	988
889	914
161	175
512	927
686	814
639	739
743	796
225	870
371	924
393	454
219	301
246	929
414	742
815	820
699	874
382	709
561	940
602	978
836	879
643	750
877	917
192	814
574	879
142	993
720	933
343	983
197	663
794	919
898	976
480	988
213	873
655	989
878	997
468	870
638	756
690	946
891	936
509	642
321	820
569	656
25	529
347	994
689	694
460	871
441	592
861	949
551	989
657	890
426	994
233	828
541	715
921	936
7	781
942	995
207	546
372	650
418	995
399	487
817	1000
951	1000
849	952
16	951
49	899
35	964
219	785
309	715
925	947
92	717
615	721
666	723
927	993
440	905
481	677
742	947
131	793
62	959
2	679
483	952
636	965
740	793
215	908
110	626
515	796
205	836
587	901
675	785
909	952
867	955
22	634
962	963
561	619
640	683
821	960
311	629
490	860
603	737
897	955
739	783
670	683
707	979
867	968
27	991
135	753
517	855
327	694
211	748
464	965
794	840
338	560
362	917
563	678
480	909
554	858
559	973
719	925
894	963
130	567
283	809
470	864
533	920
500	743
216	984
560	794
711	926
71	108
334	976
785	912
482	874
931	966
586	931
225	925
119	943
771	869
394	882
683	756
755	861
245	759
553	875
792	928
368	866
239	944
32	651
118	654
426	807
197	718
54	935
439	746
472	694
375	990
764	802
475	699
741	818
672	984
801	869
680	808
484	933
69	425
349	708
674	993
333	700
720	880
780	931
898	923
617	644
364	952
713	877
666	765
690	893
583	767
187	767
836	947
22	205
546	885
761	773
617	765
510	639
493	995
446	883
914	988
666	886
325	593
652	759
509	939
8	657
803	891
517	534
467	942
701	880
847	934
527	727
425	945
411	781
282	667
139	847
455	595
735	878
611	842
960	996
858	948
261	729
291	837
833	891
733	953
590	904
997	999
601	770
432	961
358	783
485	824
366	378
379	842
365	907
580	832
585	947
323	910
782	966
284	955
174	329
320	612
723	773
423	969
