16	84
1	95
59	64
99	100
26	39
67	77
70	82
55	93
36	89
6	48
48	63
17	94
92	97
41	42
42	96
73	83
62	92
73	92
39	99
51	64
31	95
32	69
23	100
74	84
51	91
32	87
15	16
13	83
96	99
1	90
13	92
18	21
16	88
35	92
88	95
9	58
28	71
77	85
77	94
28	89
58	90
80	90
50	86
5	96
69	99
80	99
42	100
39	85
62	87
81	100
39	94
62	96
73	96
31	90
54	92
84	93
31	99
66	75
35	69
4	100
43	91
76	88
88	90
65	97
76	97
88	99
68	93
49	98
9	71
50	81
58	94
69	94
80	94
50	99
91	100
81	86
11	98
73	82
20	76
31	76
39	89
23	72
12	81
43	59
72	95
84	97
95	97
16	51
13	64
64	100
4	95
46	79
76	92
88	94
68	88
57	97
26	100
61	67
7	96
69	80
61	76
69	89
27	83
50	94
61	94
31	53
39	66
62	68
8	97
20	89
43	54
84	92
53	86
87	88
72	99
87	97
34	91
56	91
34	100
45	100
35	77
37	96
36	51
65	87
76	87
57	83
88	89
65	96
88	98
68	92
49	97
18	100
80	84
50	80
80	93
42	85
27	96
11	79
19	92
54	59
83	95
75	91
41	98
52	98
75	100
72	76
84	87
16	32
95	96
23	89
53	90
87	92
34	86
64	99
37	82
56	95
65	91
46	87
68	87
76	100
38	83
7	95
18	95
71	98
31	34
27	91
19	87
30	96
83	99
52	93
64	67
72	80
16	27
84	91
56	72
24	49
72	98
87	96
22	88
45	99
3	93
37	95
5	44
15	76
57	91
68	91
49	87
15	94
79	97
90	97
7	90
30	55
82	93
63	89
7	99
48	100
42	75
11	69
30	82
52	79
83	94
11	87
52	88
33	93
44	93
25	89
53	71
34	85
56	85
64	98
3	97
89	100
59	96
38	73
26	80
26	89
90	92
18	85
71	88
82	88
29	91
40	100
29	100
31	42
91	93
41	74
33	70
23	47
75	85
60	96
83	98
94	98
52	92
75	94
33	97
22	60
45	62
2	91
25	93
2	100
64	84
45	89
56	89
86	90
78	86
22	96
57	63
37	94
78	95
47	98
42	47
48	81
82	83
90	96
18	89
48	90
71	92
82	92
8	63
30	63
6	93
21	91
60	73
83	84
23	42
4	38
75	89
44	83
1	23
25	79
33	92
85	93
10	99
66	98
56	75
37	71
67	81
86	94
89	90
70	86
55	97
67	99
78	99
36	93
70	95
28	98
79	82
9	94
19	40
27	53
40	72
63	74
71	87
79	91
82	87
6	79
63	83
29	90
29	99
41	64
60	77
2	63
74	88
85	88
44	96
51	95
74	97
45	70
14	64
43	100
13	96
86	98
36	79
70	81
78	94
97	98
59	90
7	61
48	62
59	99
5	91
28	93
5	100
40	85
63	87
81	95
44	73
25	69
25	78
93	96
10	89
74	92
14	50
66	97
55	69
55	78
78	80
86	93
55	87
70	94
17	88
28	88
17	97
92	100
9	93
71	77
81	90
21	85
10	48
60	67
62	86
73	86
81	99
62	95
54	91
54	100
51	94
74	96
32	90
13	86
24	86
67	75
67	84
78	84
70	80
28	74
29	48
40	48
9	79
77	97
40	57
69	93
92	95
63	68
61	98
29	75
62	72
81	85
6	91
62	90
39	97
20	93
25	59
32	67
12	98
66	78
85	91
32	85
43	85
51	98
66	87
24	90
35	99
65	100
59	75
47	91
77	92
28	87
80	88
58	97
92	99
50	93
61	93
42	89
8	96
73	85
81	98
73	94
54	90
12	84
31	97
95	100
12	93
24	58
4	89
66	82
43	98
24	94
65	95
88	97
46	91
46	100
57	100
68	100
38	96
77	87
17	82
58	83
69	83
80	83
58	92
69	92
80	92
50	88
61	88
92	94
61	97
54	58
19	100
30	100
11	96
20	83
84	86
73	98
84	95
66	68
87	100
65	81
55	58
47	54
65	90
76	90
88	92
76	99
5	57
58	60
47	72
49	91
38	100
77	82
77	91
58	87
69	87
69	96
80	96
11	82
20	60
20	69
72	88
84	90
20	96
4	79
72	97
12	92
53	93
84	99
87	95
95	99
45	98
57	81
1	91
65	94
68	90
49	86
46	99
68	99
38	95
49	95
77	86
58	82
80	82
50	78
61	78
19	81
61	96
91	97
8	90
11	86
8	99
19	99
60	100
75	98
54	75
32	47
72	92
43	65
64	97
87	99
24	70
57	76
76	89
88	91
57	85
26	79
5	56
57	94
38	90
49	90
50	55
77	81
61	64
79	100
6	39
18	93
90	100
80	86
50	82
61	82
8	85
41	100
33	96
53	74
84	89
35	47
84	98
95	98
35	56
45	88
22	95
14	91
36	39
37	93
3	100
14	100
49	76
46	89
57	89
68	98
98	99
26	92
38	94
90	95
71	91
8	62
27	75
30	71
75	79
30	89
54	56
60	99
41	95
52	95
23	68
43	46
45	65
35	42
1	49
37	70
72	100
87	89
53	96
64	96
38	53
46	66
3	95
37	97
46	75
68	84
82	86
15	96
26	96
90	99
71	95
27	70
63	91
29	98
63	100
12	36
60	94
83	96
94	96
41	90
52	90
44	95
72	77
2	89
34	78
45	87
86	88
22	94
86	97
15	55
67	93
68	70
18	51
3	99
78	93
59	98
71	72
15	82
79	85
79	94
71	99
60	62
82	99
21	89
6	100
41	67
52	76
4	36
33	81
44	81
45	46
13	23
52	94
1	30
25	86
56	64
74	100
53	77
85	100
22	80
15	41
67	79
67	88
22	98
3	94
67	97
89	97
70	93
36	100
47	100
28	96
7	73
48	74
79	89
90	98
40	79
19	56
71	94
82	94
6	86
21	84
29	97
60	84
10	65
60	93
33	85
93	99
33	94
74	95
85	95
66	91
67	83
78	83
86	96
14	89
26	54
78	92
89	92
59	97
70	97
5	98
40	65
63	76
60	61
4	17
44	53
62	98
41	75
25	58
10	69
34	36
44	80
74	81
93	94
74	90
51	97
56	63
66	95
3	66
24	98
7	27
35	98
59	74
78	87
97	100
70	83
55	94
78	96
59	92
47	99
17	95
92	98
9	91
71	84
48	91
81	88
21	83
21	92
62	93
73	93
39	100
34	40
34	49
51	83
93	98
14	43
66	81
51	92
74	94
2	87
43	88
66	90
35	84
32	97
66	99
13	93
24	93
14	70
1	100
16	98
78	82
55	89
78	91
89	91
47	85
77	95
9	86
17	99
81	92
44	52
73	88
52	65
10	59
33	61
73	97
2	55
10	77
12	96
74	80
2	73
37	40
85	89
85	98
