385	448
235	918
469	856
91	910
57	804
827	951
846	964
118	225
758	851
395	799
255	496
119	635
242	971
219	987
368	787
800	969
767	792
753	857
1	993
161	982
395	920
959	962
213	391
531	966
586	636
806	905
308	628
373	757
189	936
183	862
670	980
422	915
408	980
711	752
623	639
265	931
554	805
158	805
325	982
669	755
545	985
773	849
718	913
451	798
704	978
148	531
579	983
739	972
780	973
73	882
496	985
711	873
790	937
683	811
672	918
732	932
415	996
248	590
63	810
505	926
145	354
843	921
447	921
120	526
273	768
259	870
542	929
776	867
676	929
34	644
488	814
617	699
829	878
875	994
240	483
611	884
951	989
30	609
893	984
912	997
120	768
20	830
290	425
947	991
9	708
32	840
393	819
6	787
815	956
763	766
754	946
335	962
724	774
935	994
145	609
401	535
893	997
189	615
312	951
312	722
44	907
921	951
313	543
263	951
356	913
478	610
879	954
455	892
837	957
441	728
854	897
408	551
311	618
705	774
710	889
751	890
765	788
448	852
522	838
682	790
217	956
93	395
833	959
323	857
846	898
758	785
867	957
311	739
839	895
307	970
339	922
575	906
547	844
404	795
464	846
832	976
288	849
730	965
573	981
581	613
605	970
880	909
737	860
178	573
91	870
347	796
581	963
834	914
779	978
820	979
167	865
957	984
896	974
82	757
123	758
68	822
579	809
813	976
563	801
931	968
136	468
790	992
419	527
102	591
262	580
778	874
643	915
734	804
197	828
180	632
195	940
919	971
253	881
762	987
835	977
720	761
250	583
175	409
309	638
975	987
606	861
569	713
756	805
68	956
444	947
296	820
838	874
433	825
224	651
14	841
611	831
542	997
349	831
762	1000
495	885
527	837
442	995
700	765
323	549
851	934
726	939
927	929
583	890
798	815
435	726
624	662
536	778
930	934
346	425
282	898
411	783
698	813
636	901
823	993
565	957
157	903
279	600
754	893
840	933
743	1000
489	595
272	826
29	839
356	968
631	944
268	855
777	998
689	885
331	911
231	973
413	721
611	965
575	719
492	721
147	686
408	727
55	868
209	783
858	963
12	619
647	901
806	894
911	947
566	912
159	265
482	918
26	409
153	221
545	974
774	797
792	851
85	989
737	915
588	792
423	984
390	807
276	971
706	784
21	681
496	974
656	963
730	912
77	990
834	969
773	959
264	587
195	753
718	794
262	514
492	976
970	978
786	928
188	979
269	638
563	856
670	982
7	638
427	995
530	679
457	874
267	979
745	752
924	983
882	986
333	515
142	984
665	988
343	974
384	746
530	800
473	939
27	593
54	992
491	993
852	972
389	982
525	577
544	590
475	756
516	757
359	810
372	520
437	878
114	898
637	939
766	824
84	467
755	931
634	870
245	829
446	819
110	604
514	990
844	865
51	963
632	945
217	703
893	986
203	539
667	939
796	824
321	945
803	948
333	770
178	896
216	370
460	996
501	768
914	937
264	266
687	894
629	889
969	994
647	943
927	997
705	884
443	655
797	887
879	956
32	266
152	856
749	846
482	731
413	897
715	969
47	510
709	895
291	907
888	897
194	974
818	838
150	379
95	443
306	626
110	751
168	921
691	962
663	900
323	980
920	970
271	561
651	782
255	553
298	923
853	916
765	803
186	867
216	975
431	634
342	562
774	973
204	857
452	693
806	962
713	734
107	924
448	988
487	687
46	685
65	698
786	983
500	626
252	524
288	972
422	972
477	871
380	975
278	927
801	968
484	803
396	919
360	996
418	449
387	870
734	914
123	760
73	939
35	418
771	981
326	567
498	822
264	655
565	583
685	914
892	978
167	988
308	927
79	875
63	867
285	714
665	935
384	922
945	989
838	863
535	862
447	978
917	927
364	943
188	229
281	945
45	180
878	935
726	807
690	884
643	809
775	928
197	951
150	876
324	763
637	994
810	922
218	781
823	861
620	761
261	828
335	777
370	1000
222	607
750	992
282	658
409	470
83	943
50	766
583	1000
710	812
963	992
641	712
534	1000
768	938
854	941
620	774
344	610
269	961
351	1000
184	594
566	659
626	710
356	849
166	954
763	944
207	726
54	255
386	957
680	946
826	1000
418	946
96	895
471	772
261	962
421	951
710	825
429	546
673	906
626	831
309	895
730	888
183	261
936	993
848	880
154	957
770	960
38	782
566	901
800	839
404	839
860	890
175	787
292	783
581	657
834	837
23	100
682	968
575	842
28	215
811	853
816	968
883	958
695	907
640	971
235	922
832	912
288	785
463	786
582	737
568	839
81	455
716	966
688	904
272	962
709	963
511	978
304	914
445	624
610	957
505	675
73	981
771	794
663	968
864	958
506	984
552	871
235	935
711	864
917	969
535	675
719	984
875	972
179	976
690	926
776	966
910	966
662	864
887	982
403	869
227	643
414	735
658	866
107	992
864	971
533	871
453	582
221	461
479	985
620	695
201	519
789	918
388	574
104	815
252	713
546	931
145	358
241	820
544	592
172	949
903	939
89	951
861	942
840	856
451	815
924	998
354	882
385	949
233	821
439	697
604	993
678	942
199	944
139	664
548	603
446	821
914	926
465	834
14	898
537	939
74	949
294	952
724	765
803	829
283	305
178	777
954	998
692	998
833	937
566	593
134	707
634	993
927	986
5	970
25	885
154	770
701	939
742	940
814	816
981	993
235	614
111	844
12	313
485	762
624	840
481	791
608	832
869	873
258	719
337	783
15	732
284	893
394	499
688	717
605	948
186	735
43	915
920	959
395	845
661	964
790	849
499	902
316	966
464	837
371	609
642	843
950	959
124	917
447	604
691	964
42	555
547	956
201	319
640	918
538	907
719	918
619	980
218	407
584	730
897	961
267	794
368	617
887	916
524	864
436	751
615	982
931	959
7	574
521	795
287	628
586	924
880	913
162	862
665	695
637	862
771	862
34	569
516	572
166	459
787	806
82	990
813	980
692	919
664	857
1	247
474	696
308	929
327	942
22	306
151	945
99	526
646	924
683	991
856	919
28	996
179	936
270	529
622	688
181	191
766	881
893	922
345	824
713	991
446	876
293	368
45	303
652	981
826	868
611	714
146	880
397	462
569	946
132	945
449	652
454	996
490	653
66	362
458	886
623	953
562	943
207	486
754	884
578	658
798	927
696	879
835	994
612	656
414	937
488	886
529	658
105	596
614	702
31	381
523	843
784	884
57	784
249	725
6	967
455	830
837	895
138	894
353	782
881	938
518	886
740	962
504	951
941	952
550	838
624	787
797	944
434	892
723	766
527	854
506	731
800	949
874	898
175	897
139	974
309	897
340	964
832	901
128	556
362	494
895	957
265	790
36	738
723	887
869	941
506	852
230	725
371	664
409	956
224	910
265	682
614	836
941	965
292	556
383	674
677	892
191	854
573	919
774	909
526	844
359	438
364	516
52	695
660	780
560	842
887	971
804	973
399	924
572	852
484	968
966	971
877	899
202	989
959	968
725	801
917	971
584	798
658	747
167	924
693	970
445	868
954	974
486	640
417	806
628	989
631	735
3	937
820	930
162	930
745	756
65	997
734	863
780	979
637	930
544	702
161	412
328	589
229	812
597	979
574	995
753	997
76	718
585	861
750	928
645	646
590	710
551	984
102	892
738	810
330	756
569	772
585	982
733	880
442	933
923	977
689	810
553	949
914	928
817	995
522	818
976	988
847	874
7	897
612	711
340	777
226	941
909	934
969	985
246	361
930	993
541	952
621	652
194	844
736	898
812	893
839	996
407	844
916	950
809	824
392	950
918	996
142	546
331	970
223	619
228	963
355	775
420	904
943	945
599	906
800	896
165	385
20	970
169	504
119	912
749	850
366	789
199	383
853	907
37	321
897	950
484	552
566	850
239	455
552	915
772	955
846	904
472	663
510	955
785	894
790	972
513	960
270	973
707	974
452	684
605	963
457	799
85	927
327	689
18	873
394	864
237	917
507	512
658	910
630	848
360	987
831	838
643	787
533	915
679	969
343	791
403	805
764	784
375	743
829	913
311	987
600	861
199	517
727	902
283	925
264	646
107	928
588	743
183	923
466	982
856	908
801	972
190	818
23	412
938	977
98	1000
476	623
491	931
174	995
912	924
623	821
461	759
956	967
639	802
732	993
652	741
850	985
280	869
225	933
183	936
324	875
95	823
530	980
926	980
184	343
351	520
750	983
884	983
796	870
666	760
597	926
148	834
55	606
963	983
242	469
338	931
398	945
733	935
62	767
548	889
307	534
284	816
826	870
275	996
292	411
891	999
789	988
687	940
731	754
865	983
15	547
648	719
840	926
793	814
237	596
784	994
154	598
756	932
453	894
819	988
194	899
703	776
656	701
446	891
41	842
435	961
872	999
710	937
572	707
729	950
467	950
492	714
258	547
297	889
779	892
839	943
723	997
814	886
318	948
161	964
573	908
479	492
214	746
649	903
332	967
492	956
640	854
244	854
552	970
767	895
4	909
64	923
134	201
540	623
383	905
682	972
489	843
695	911
841	965
276	964
45	802
320	741
254	387
908	911
212	390
718	787
575	967
533	970
582	862
86	924
306	698
746	970
424	919
66	982
107	983
776	849
560	965
343	738
664	793
116	695
699	750
704	865
831	906
354	981
711	989
692	747
604	863
408	988
141	873
733	748
843	916
130	980
801	919
317	806
622	624
49	991
458	930
733	869
852	857
203	411
549	819
755	924
655	986
259	986
470	940
891	933
472	986
558	989
186	363
340	766
634	984
479	881
523	887
817	876
541	941
314	484
641	650
558	881
879	936
461	948
653	889
694	890
141	189
297	702
710	871
204	245
715	949
641	771
406	608
203	545
5	35
543	879
886	952
911	982
591	775
930	995
379	892
902	933
626	998
230	769
271	541
791	836
837	952
441	952
964	993
289	854
812	895
204	487
402	731
517	718
300	949
503	783
42	196
621	775
712	893
538	777
279	782
848	939
237	785
457	559
622	892
663	893
575	780
943	947
459	834
533	783
786	963
860	949
642	955
121	731
589	836
410	568
286	798
795	904
230	903
104	498
469	919
725	845
568	898
950	963
686	853
490	978
658	791
429	968
825	968
360	868
575	793
170	973
132	452
593	847
660	837
161	924
725	966
307	978
394	866
213	791
581	958
512	858
718	963
437	684
79	976
748	842
440	689
211	866
393	614
857	977
650	684
639	791
498	815
135	763
861	867
671	743
387	984
201	565
509	681
627	673
843	971
884	972
521	920
268	474
199	640
644	990
778	990
229	519
449	751
896	982
692	923
370	872
972	977
287	874
512	992
173	708
715	762
238	874
150	990
241	879
461	882
699	939
738	867
812	816
641	934
233	880
574	944
618	987
516	939
956	982
367	587
518	985
645	716
488	998
562	947
138	885
380	647
430	993
900	942
160	903
125	128
495	893
173	842
11	780
902	988
16	895
731	877
395	891
469	840
50	893
69	906
289	909
292	655
448	902
508	953
661	902
485	942
740	966
922	943
242	955
531	829
149	498
682	961
203	963
276	953
279	958
936	999
375	437
707	910
591	964
56	391
295	673
61	506
770	966
575	956
649	905
43	866
370	443
549	674
168	982
278	625
778	911
811	859
36	45
813	905
899	908
188	853
494	859
394	921
361	744
774	913
484	851
570	625
561	805
156	985
390	923
30	351
417	797
871	967
199	574
424	921
822	967
841	980
882	981
445	751
357	867
467	510
959	972
563	972
72	883
488	569
89	823
438	977
281	993
630	918
449	577
274	990
310	647
348	939
903	932
452	996
741	870
686	934
424	934
845	927
321	927
35	829
315	883
301	985
958	989
653	878
639	980
872	922
891	935
425	876
7	888
604	878
650	994
925	933
870	997
381	540
210	429
476	814
467	994
369	422
742	933
525	935
420	653
516	886
939	989
837	941
515	661
532	830
900	997
14	904
55	905
614	640
8	830
407	835
756	989
503	543
668	876
291	889
497	994
925	946
97	794
802	812
740	900
251	709
867	941
886	954
705	879
839	879
85	676
816	895
291	781
758	890
491	546
496	890
802	933
482	726
298	905
694	905
737	952
112	900
184	776
170	841
827	882
524	844
469	908
703	846
91	962
430	953
603	844
593	836
538	900
904	957
171	554
195	682
371	844
445	793
786	857
436	973
174	973
771	963
931	952
394	976
554	965
163	851
204	852
603	857
695	860
1	937
665	917
202	927
491	801
40	865
296	562
339	932
856	899
727	785
18	59
45	162
396	914
630	852
470	863
556	903
878	917
542	739
454	855
280	739
720	745
122	530
672	970
892	973
88	919
745	923
473	989
808	979
128	991
164	648
463	981
843	973
722	912
798	907
280	981
674	871
849	872
508	579
169	884
599	697
52	70
70	878
636	764
405	868
317	984
803	877
361	946
717	810
667	989
446	990
501	697
537	879
845	995
62	1000
525	761
956	984
226	879
312	882
653	946
914	987
592	936
652	987
127	836
531	697
388	877
25	825
797	816
520	767
814	985
351	995
571	998
617	885
610	697
648	952
818	875
909	993
212	836
821	880
143	965
432	839
881	931
77	611
149	487
223	436
635	875
934	942
95	143
936	988
927	939
182	785
765	840
462	839
314	675
814	998
654	780
425	957
203	844
222	857
818	888
427	966
806	999
234	544
800	955
524	791
290	624
238	434
362	729
716	732
394	681
325	847
313	729
230	960
40	570
31	750
600	907
760	896
111	450
165	686
822	956
607	802
101	930
753	856
940	948
790	923
769	837
540	977
195	979
952	958
951	962
192	681
674	684
679	799
114	990
188	976
389	966
764	843
534	795
350	974
639	848
344	405
509	738
780	972
799	985
40	933
155	920
100	984
301	974
394	936
278	990
61	992
33	930
248	818
616	985
803	811
541	582
847	854
329	928
29	636
227	880
488	921
870	986
273	767
741	872
823	911
606	684
759	926
294	826
321	929
489	513
866	988
175	582
629	752
859	985
437	996
592	641
740	768
8	590
144	185
354	998
849	940
486	888
539	751
594	650
833	932
409	870
571	703
221	819
777	808
400	821
345	885
666	940
518	813
289	953
578	827
729	996
710	754
467	996
673	835
659	937
714	873
645	773
543	991
735	932
485	757
213	298
449	834
913	938
116	365
830	940
626	881
395	948
793	994
416	778
825	946
930	999
481	907
145	958
580	886
179	542
79	604
566	951
566	722
299	378
279	894
802	935
210	794
399	730
278	669
335	974
291	904
739	771
73	910
417	720
436	733
596	951
59	783
651	658
730	951
785	887
628	903
581	828
273	446
705	894
952	1000
162	615
778	847
781	889
170	964
459	838
426	432
813	841
752	831
802	948
361	680
688	846
438	671
603	967
212	328
300	966
374	915
473	628
753	911
463	849
494	916
889	957
3	864
190	690
171	448
176	792
589	961
52	985
570	682
202	929
838	847
741	914
116	633
451	852
220	690
569	578
711	927
217	392
838	968
664	852
172	878
103	290
366	929
512	983
281	821
234	975
831	965
182	290
206	647
808	981
627	906
560	916
109	980
539	564
764	911
392	514
683	986
903	989
669	822
345	927
686	991
801	978
410	827
382	994
418	688
798	909
63	985
443	452
674	873
486	822
835	976
525	750
659	750
796	984
870	933
634	693
680	809
5	899
467	930
766	997
907	936
444	946
733	820
370	768
764	924
122	666
304	414
648	941
667	991
754	879
699	943
55	841
886	998
127	717
297	640
541	1000
701	989
338	937
527	836
525	992
728	826
659	992
337	941
860	982
879	995
340	946
414	932
455	933
474	946
529	882
796	997
205	758
196	938
726	938
191	365
476	992
438	471
770	944
682	831
346	882
346	653
626	936
967	1000
684	877
309	771
450	481
601	879
909	995
647	995
344	728
638	946
402	669
355	823
520	890
420	723
547	764
698	933
49	258
221	779
152	908
749	898
168	623
670	955
210	970
153	436
848	998
862	896
526	718
300	900
313	839
492	841
404	957
607	791
478	906
183	729
274	618
475	608
58	734
416	967
322	780
542	554
566	911
170	911
257	799
651	955
885	893
436	801
785	955
609	958
716	855
540	858
181	925
363	444
781	957
192	562
799	974
516	622
433	853
815	918
570	858
616	974
657	746
643	848
505	914
546	686
549	920
260	817
246	919
769	960
655	858
4	339
465	697
187	689
560	971
701	910
100	986
659	684
117	401
838	915
428	751
540	992
595	928
290	292
856	969
9	575
410	882
652	910
740	757
671	923
872	913
891	926
569	875
674	928
734	979
61	176
935	969
796	810
350	989
465	939
625	928
754	813
564	918
146	930
256	536
803	934
949	988
819	915
678	939
411	824
502	942
254	877
460	982
740	999
418	985
537	936
490	595
296	995
120	769
648	888
353	482
740	891
779	819
113	995
677	808
751	757
66	654
129	185
860	929
20	952
216	598
326	995
942	998
642	706
647	821
72	324
798	990
401	765
580	767
310	906
318	996
492	883
832	951
730	940
441	837
36	788
886	958
869	991
327	671
621	889
277	850
10	735
492	775
712	778
964	999
381	678
119	907
334	832
86	730
894	940
704	779
520	958
186	853
654	958
249	909
519	733
887	900
147	861
362	786
890	942
408	902
484	897
11	973
542	609
623	682
669	798
595	620
345	445
206	515
94	984
56	463
322	848
65	926
945	975
857	862
884	965
639	905
584	969
699	919
336	867
625	741
82	987
835	965
252	644
257	988
546	862
711	929
136	698
857	983
74	988
325	341
46	926
349	698
729	919
541	868
968	972
646	921
766	986
623	937
903	991
456	945
687	814
893	919
700	753
777	973
166	590
245	883
974	992
234	990
812	930
44	829
632	999
530	988
645	938
441	650
518	870
490	771
839	925
944	978
118	899
641	940
314	545
775	940
902	981
453	889
742	763
921	994
599	943
673	892
915	920
122	789
631	932
617	997
837	1000
510	642
455	706
634	937
399	774
380	532
682	833
98	553
423	838
804	944
463	651
501	943
246	424
793	822
619	898
691	774
855	882
915	933
194	907
813	885
744	785
50	899
67	314
311	903
416	956
691	895
317	425
608	897
508	959
286	846
341	553
420	846
626	951
478	787
887	955
352	382
114	739
545	962
693	833
767	782
496	962
697	952
12	620
460	487
685	834
597	721
827	954
348	919
871	960
711	742
246	908
3	921
89	924
732	801
211	806
123	693
338	618
472	847
665	747
347	852
521	739
369	870
878	976
671	912
690	925
198	988
891	915
275	454
533	978
351	449
609	973
34	742
103	347
130	975
966	981
19	878
662	984
560	973
357	873
305	683
81	938
764	968
576	917
323	471
636	931
562	753
741	984
625	809
745	874
182	468
849	931
434	689
219	535
62	817
81	830
29	640
590	936
323	592
884	925
565	879
570	994
17	522
399	587
46	994
627	976
319	823
659	928
860	918
543	753
367	527
726	874
196	645
275	938
349	887
200	764
668	869
791	939
906	926
937	993
161	543
802	805
928	944
688	703
784	936
121	592
668	990
847	992
728	775
846	996
703	718
152	844
97	908
441	718
531	877
811	894
976	998
514	644
146	248
230	885
846	888
832	953
6	911
403	547
697	765
293	675
568	651
806	937
94	731
809	942
286	672
662	663
642	950
614	888
163	952
545	788
140	968
410	563
258	960
874	963
459	721
579	786
343	775
471	960
820	848
572	783
33	734
607	969
366	799
223	979
875	905
584	958
78	332
231	345
449	504
478	976
794	953
174	979
328	628
460	784
933	967
778	864
253	979
831	956
850	969
748	958
835	846
692	797
683	977
521	915
919	961
352	813
613	625
852	907
260	995
218	998
567	923
553	988
933	980
432	698
845	867
5	890
674	985
863	921
808	985
412	985
481	590
761	873
217	746
571	749
824	929
461	877
39	888
777	854
629	690
837	868
793	798
960	975
280	987
803	991
701	980
775	929
365	765
659	983
391	939
661	763
13	993
412	998
145	883
849	999
227	952
865	980
925	994
565	947
680	934
358	883
86	195
344	719
531	811
421	939
797	930
453	891
420	714
800	935
134	882
700	768
362	709
648	837
548	899
642	763
854	942
955	994
399	776
215	955
251	649
113	944
527	961
814	991
948	991
547	647
469	956
510	994
202	612
890	986
513	999
408	717
802	873
260	553
721	948
108	721
457	838
200	953
883	946
709	830
24	727
294	322
44	147
937	953
769	817
936	994
196	955
531	945
575	951
332	964
387	671
385	561
142	840
524	905
931	1000
526	722
619	913
765	967
880	954
355	840
124	153
514	833
101	923
376	899
394	916
339	980
499	969
691	910
426	612
868	957
329	908
255	730
667	903
746	967
704	970
726	729
676	908
817	847
500	911
385	695
338	849
752	903
576	906
540	983
303	747
74	695
220	749
495	688
789	906
970	981
118	701
808	919
393	677
431	932
935	960
912	976
370	693
301	859
903	927
15	236
171	978
276	277
768	968
345	636
78	521
924	986
643	973
817	860
662	986
51	832
481	645
720	927
824	984
741	986
345	986
689	796
782	987
78	642
460	744
537	927
129	873
154	637
536	702
830	920
178	765
328	938
433	991
68	304
400	814
768	981
331	943
69	714
666	704
509	986
701	927
902	917
117	876
879	933
631	868
557	653
648	1000
326	986
386	1000
83	999
559	699
872	930
913	931
27	838
490	599
696	933
118	956
379	997
578	833
443	645
69	138
115	779
239	320
409	997
235	844
818	936
670	772
696	946
286	782
244	785
505	597
312	956
568	882
64	854
531	1000
239	562
588	716
610	1000
123	616
296	315
820	958
603	731
374	908
982	993
5	516
46	554
576	719
829	899
130	898
586	912
690	740
96	267
406	981
662	907
841	909
882	910
486	681
706	950
444	455
843	955
581	955
521	675
778	974
313	911
607	863
519	979
747	843
365	512
752	958
356	463
433	683
551	675
743	845
808	974
486	923
338	796
301	914
898	904
199	866
625	974
644	987
220	925
743	966
398	931
553	990
754	980
41	815
583	869
729	923
789	974
863	923
742	862
379	810
150	987
2	823
169	1000
673	762
766	990
967	980
332	469
337	813
356	826
538	574
648	705
73	474
9	984
312	756
132	825
756	918
388	522
830	867
921	985
126	485
164	777
115	592
557	708
615	649
293	369
432	713
58	472
41	828
223	539
247	933
742	875
888	929
640	827
227	954
543	931
617	880
124	718
303	949
110	783
826	990
520	883
654	883
98	665
700	999
860	988
832	889
656	929
73	608
279	942
463	534
50	890
416	947
435	960
476	998
913	999
173	960
302	845
570	596
200	834
234	418
621	827
354	483
4	895
329	426
501	947
802	875
297	888
724	955
779	891
302	966
503	727
98	907
557	963
128	786
207	850
515	966
848	883
204	781
355	950
574	728
450	958
973	999
174	794
293	745
70	673
760	891
746	956
877	887
896	900
841	964
725	789
106	222
37	388
822	843
954	962
412	679
491	972
200	271
799	859
463	910
843	902
125	851
567	738
616	859
528	975
110	233
643	733
896	913
434	559
766	803
461	921
958	973
125	743
708	798
135	936
129	633
220	980
159	512
109	920
750	916
447	915
115	176
97	765
14	767
528	988
844	965
668	739
544	932
131	534
824	986
254	870
942	978
207	529
372	862
606	800
229	813
201	980
710	857
715	935
200	755
324	821
714	976
750	929
502	827
543	865
763	868
854	986
666	935
518	808
886	938
316	822
715	827
701	929
33	470
599	881
78	886
942	991
749	825
377	953
705	755
99	945
622	757
103	835
63	470
483	827
430	937
927	989
89	378
536	838
930	994
621	882
681	933
860	935
920	949
684	938
316	956
622	999
37	80
869	876
593	712
918	997
651	882
381	792
193	741
769	874
270	961
600	836
651	774
30	161
496	900
769	995
727	769
149	792
773	885
792	898
243	390
360	975
896	955
535	949
311	975
171	672
892	957
514	782
595	855
875	909
820	973
718	962
396	911
831	839
327	811
583	737
68	816
384	793
241	973
375	973
497	670
378	978
914	958
803	861
569	694
247	680
500	860
122	648
447	970
180	855
648	694
845	979
597	914
165	991
321	979
624	751
13	634
720	984
453	640
618	973
263	745
475	924
576	976
139	938
115	352
777	966
180	747
106	532
656	676
823	853
606	855
974	985
528	935
32	997
75	401
192	986
729	925
830	977
613	750
346	635
967	982
134	981
318	573
328	995
240	882
6	715
284	925
840	914
960	979
416	815
311	533
140	651
608	756
902	974
687	820
136	946
304	759
120	938
37	940
325	818
611	946
349	946
668	928
423	831
483	882
469	947
629	936
708	1000
23	897
807	942
344	952
499	597
108	941
793	815
388	995
781	926
855	875
151	264
211	315
832	891
191	831
232	603
867	885
806	875
855	996
929	945
510	998
670	950
703	898
587	952
306	673
719	842
746	945
168	968
820	894
795	837
146	428
156	850
376	890
598	966
119	968
788	834
595	668
397	949
400	429
776	945
327	853
748	883
794	999
147	922
785	950
100	847
697	837
642	901
447	891
34	493
210	978
862	904
259	840
880	958
864	950
456	859
883	963
561	912
627	714
357	853
665	969
202	979
458	676
494	858
664	781
639	953
859	956
951	959
533	971
462	502
627	835
338	732
114	987
329	912
458	797
530	902
7	632
58	863
125	624
185	638
4	563
947	961
369	984
845	913
289	466
299	925
580	615
692	856
939	962
636	924
364	990
42	976
474	633
190	874
726	854
761	811
525	571
645	865
764	853
34	748
422	564
9	920
155	220
88	984
31	413
449	926
5	949
523	646
784	916
352	993
646	982
448	472
2	880
458	931
678	934
372	864
680	980
523	996
624	819
440	998
11	821
916	927
539	977
747	926
585	864
612	701
37	995
694	999
331	947
740	886
707	709
705	865
113	990
550	991
803	942
221	937
307	711
724	999
605	819
421	998
94	603
811	887
492	878
392	940
371	588
101	727
739	755
918	986
909	937
521	532
760	814
531	991
478	835
593	822
794	812
920	951
885	930
818	940
77	905
779	948
416	896
517	948
498	669
644	723
322	480
275	368
533	892
15	966
574	664
376	945
813	946
193	972
274	668
427	910
554	951
477	502
807	902
366	900
3	848
672	943
138	255
322	830
704	895
179	781
822	887
189	974
901	951
739	889
799	903
255	776
348	967
584	951
253	851
198	915
602	776
753	908
379	438
783	787
725	967
866	906
945	970
655	908
553	860
212	567
518	610
690	865
132	803
25	448
849	858
692	911
21	743
511	570
461	978
956	957
142	215
32	986
588	975
211	988
646	916
632	752
153	983
623	932
342	919
717	796
856	911
59	338
9	746
399	406
944	960
618	975
351	860
241	988
97	943
284	806
444	943
604	932
120	819
54	236
928	992
300	642
16	883
310	835
700	761
772	866
13	60
189	545
598	713
675	933
432	946
518	986
955	987
374	941
522	876
131	954
392	995
566	653
249	717
428	948
92	999
818	874
353	774
705	933
605	995
677	871
696	884
594	836
795	826
404	941
29	835
730	882
675	946
213	592
633	949
807	836
471	887
584	764
751	941
825	890
728	957
506	844
887	950
216	782
276	833
670	952
931	993
697	826
587	954
716	839
922	944
311	790
517	895
778	899
46	721
573	911
688	898
787	840
639	713
253	906
850	896
607	909
35	454
549	904
356	509
600	906
194	218
567	729
350	960
570	963
281	860
229	670
506	978
225	965
660	893
156	865
257	917
780	958
577	858
585	719
320	973
917	963
755	901
144	976
433	621
859	958
657	743
462	504
935	953
238	796
491	976
747	902
577	750
315	979
912	969
562	856
308	976
745	977
256	291
153	809
323	466
817	974
421	974
228	350
558	979
269	876
577	992
530	917
337	751
906	908
87	576
148	1000
738	802
946	980
242	864
743	917
643	979
784	918
467	982
627	971
949	985
342	987
698	851
421	987
858	988
402	708
932	937
715	939
85	772
916	929
613	928
117	990
833	931
893	982
497	982
934	983
170	587
590	944
152	947
386	885
413	759
793	980
564	928
869	975
693	749
177	603
215	895
176	644
594	662
376	934
529	947
163	826
908	943
8	952
567	650
457	778
402	842
209	713
388	944
883	886
519	609
785	994
480	883
788	999
922	999
600	948
295	837
864	994
712	896
868	884
950	953
586	676
584	832
732	959
267	896
882	903
986	997
3	971
479	671
195	912
369	799
919	943
583	728
695	969
896	959
794	948
49	794
618	951
379	440
477	975
272	314
852	889
208	558
130	904
686	856
534	728
157	741
65	923
789	954
67	969
359	848
31	228
456	929
542	969
297	384
555	679
412	859
637	977
956	959
653	921
386	577
666	860
470	985
745	924
872	965
891	978
151	939
696	739
546	980
425	919
819	846
645	693
245	988
56	823
928	981
861	991
372	800
50	749
881	906
358	636
385	998
123	998
434	860
835	975
819	967
626	801
423	472
851	919
763	806
185	829
138	983
367	577
587	809
482	527
729	929
613	983
508	701
635	742
167	408
346	639
370	996
184	577
585	921
406	424
906	976
758	812
417	519
606	980
279	585
867	984
232	473
564	983
779	871
27	778
25	934
756	924
811	823
219	948
594	825
38	644
860	981
791	881
689	870
513	873
788	812
559	989
476	991
457	712
677	981
911	919
635	984
781	809
450	938
698	811
515	838
452	489
522	999
300	886
809	992
883	941
57	899
795	828
557	956
684	997
706	756
422	997
725	769
716	949
977	990
619	787
677	994
313	946
693	938
450	951
610	940
651	941
887	952
931	995
862	895
461	551
172	448
414	476
149	959
42	604
676	890
725	782
582	962
898	939
263	428
683	785
719	967
259	723
672	892
80	980
405	548
537	667
850	898
616	731
607	911
734	952
285	860
868	952
505	900
546	901
954	955
188	964
543	603
433	731
308	965
542	903
676	903
762	906
646	960
269	744
112	272
26	986
301	962
917	965
810	839
97	637
873	895
502	578
606	672
418	850
759	914
905	968
206	930
135	232
342	976
521	978
958	979
433	865
768	855
336	932
900	974
830	915
66	519
747	917
497	971
106	591
326	860
4	809
548	936
242	866
844	971
266	994
536	818
178	881
527	998
816	872
198	301
175	812
125	991
730	805
174	358
740	998
900	987
724	990
619	708
858	990
756	979
374	648
816	993
733	995
915	972
953	998
254	997
647	928
848	918
330	992
578	828
27	954
797	872
404	648
610	982
49	191
40	600
874	947
538	998
137	654
790	953
375	711
802	815
209	944
806	934
102	552
135	500
286	898
869	990
464	941
109	484
441	957
205	946
246	947
482	729
820	953
195	901
864	996
38	954
602	996
676	945
179	664
79	726
748	821
552	909
679	950
505	834
720	722
651	888
341	847
649	963
652	709
662	902
170	965
299	850
744	971
29	437
375	845
843	950
581	950
378	850
180	377
801	953
519	974
641	671
747	838
442	727
683	853
177	981
933	964
253	976
302	343
412	740
21	855
664	961
884	964
70	976
507	977
842	967
245	748
382	982
745	805
762	974
803	975
836	923
22	181
316	399
701	964
720	977
439	735
577	928
241	979
650	918
101	410
196	684
729	918
844	905
412	982
756	792
379	805
805	913
865	964
925	978
474	813
331	993
928	983
601	625
606	969
624	757
963	977
728	814
62	990
673	878
610	795
199	995
400	985
872	980
435	942
724	816
913	981
302	827
508	932
967	988
571	988
805	926
719	822
784	988
517	873
126	722
87	767
725	758
615	886
334	644
936	978
17	937
532	888
79	768
258	770
247	352
752	753
493	529
429	773
533	601
813	884
885	989
744	784
977	992
237	953
719	956
42	714
33	894
561	784
621	835
528	607
371	889
868	941
202	851
480	832
848	999
6	158
759	890
924	957
799	962
381	974
752	887
58	964
278	967
359	663
336	908
570	846
630	897
745	847
850	900
239	975
192	671
651	956
144	859
180	553
70	681
259	846
419	798
680	839
14	749
382	916
421	615
674	795
687	734
26	988
241	913
226	790
653	857
363	795
91	336
690	924
95	980
193	468
738	793
490	691
710	731
250	975
819	903
629	742
620	922
578	696
550	863
710	852
844	852
252	940
849	930
35	942
310	881
318	742
254	986
268	655
937	979
367	863
782	876
735	801
779	807
335	830
770	987
176	285
902	914
571	814
730	807
983	987
881	976
559	696
812	876
858	992
536	712
539	983
814	922
29	881
459	694
712	874
285	312
689	927
804	877
441	825
224	827
110	725
710	986
140	833
608	938
809	928
112	771
739	869
276	879
395	830
389	756
205	935
563	643
661	949
31	782
853	890
517	941
663	995
83	420
781	987
404	1000
612	949
390	836
959	993
804	890
683	829
688	944
397	997
908	947
121	833
901	944
101	854
505	715
338	538
147	970
799	896
21	602
274	782
466	723
667	713
402	967
704	780
167	841
377	385
616	896
795	898
156	911
560	772
868	888
104	492
596	954
766	840
898	996
790	968
727	885
713	721
470	734
523	560
294	737
65	914
238	613
725	960
269	680
447	952
306	976
116	852
859	896
919	947
382	971
671	845
349	565
373	922
660	952
82	975
211	860
444	573
84	267
507	858
372	670
294	979
891	969
528	917
187	624
849	972
866	912
678	861
433	801
509	796
762	976
963	966
21	978
318	676
694	926
358	748
757	982
3	520
550	689
25	804
844	907
641	807
71	920
365	872
134	976
791	980
20	874
925	980
507	992
909	972
501	918
666	985
647	743
944	966
319	877
902	969
57	877
131	826
921	982
681	741
406	536
492	576
299	410
419	1000
601	977
675	926
895	929
105	581
380	749
344	826
237	700
932	996
718	744
393	984
508	934
728	937
654	759
332	708
640	824
800	813
64	893
573	770
471	759
825	991
374	826
319	890
520	880
943	983
654	880
478	883
901	986
904	991
821	993
779	996
154	944
584	757
314	896
300	998
737	999
704	822
781	813
307	893
191	947
315	488
480	821
17	831
848	988
922	937
366	719
806	991
350	711
658	827
456	612
984	997
13	308
290	845
843	994
917	943
461	663
540	956
718	999
649	899
776	940
382	555
242	252
82	788
632	666
871	948
535	999
89	912
364	622
98	917
762	897
440	617
720	900
183	961
898	943
232	853
493	894
45	209
701	779
62	792
824	849
595	797
226	671
551	727
624	680
219	402
819	892
301	966
208	738
411	572
650	854
409	499
309	561
722	730
419	921
942	962
262	974
201	964
729	854
577	985
747	908
733	973
750	913
717	736
548	927
551	969
504	857
437	867
41	867
583	921
99	808
71	746
796	921
694	873
303	988
41	988
798	967
220	990
858	981
149	292
916	922
76	716
411	935
497	975
717	749
92	926
969	970
702	855
330	983
724	873
770	989
536	822
888	981
599	878
368	457
406	712
700	930
203	649
907	994
390	704
670	758
367	757
749	822
124	999
306	481
724	994
913	930
159	993
102	193
915	976
197	430
785	866
909	932
196	996
812	999
126	900
864	866
24	889
929	995
225	650
827	984
307	948
73	781
463	707
64	961
661	951
821	940
22	964
834	879
94	840
880	995
245	484
663	997
429	830
47	499
594	897
635	935
695	949
855	938
450	889
307	840
563	766
889	936
672	938
732	952
806	938
589	940
662	893
244	905
128	959
257	615
329	720
549	723
664	710
815	842
181	970
445	787
128	851
810	885
669	909
625	839
212	441
248	852
148	914
745	904
363	610
91	151
473	970
187	613
440	793
748	946
720	847
384	669
218	865
70	738
405	957
565	680
569	799
426	787
434	611
40	980
370	855
667	849
336	978
624	627
387	391
549	978
664	965
464	611
696	853
835	968
921	971
291	804
208	806
553	989
157	989
279	686
74	991
738	742
509	919
932	985
223	296
682	810
319	758
742	861
35	999
632	989
635	735
557	815
562	930
601	858
928	987
564	976
330	809
321	989
696	866
962	985
547	743
313	576
318	920
351	868
659	984
703	990
636	1000
876	918
274	355
955	982
853	934
691	872
154	933
495	997
677	745
233	997
663	810
489	694
772	982
133	995
598	600
615	998
804	934
477	539
802	861
702	923
614	810
443	928
295	535
811	829
828	998
962	998
84	995
519	657
505	759
596	877
601	992
105	825
587	828
769	805
977	983
287	536
760	985
490	895
586	832
283	831
314	898
61	489
131	962
728	952
579	829
427	960
642	885
134	415
526	939
452	724
313	831
464	1000
579	950
472	824
706	762
898	932
760	998
655	716
586	845
584	772
556	939
451	657
630	888
32	673
417	780
403	845
494	963
301	834
746	955
454	783
225	960
836	848
560	950
500	670
579	963
439	660
477	915
838	894
377	684
850	904
211	917
444	859
172	925
400	789
391	969
699	856
465	689
638	846
435	746
266	974
192	796
715	800
26	992
268	754
125	971
782	975
419	923
694	862
680	964
432	862
666	800
377	697
738	905
798	956
421	740
641	972
674	920
935	961
90	869
351	910
273	990
777	789
633	744
946	975
724	862
168	644
495	810
90	990
687	980
2	877
866	982
714	854
268	996
617	921
166	985
298	875
490	816
283	752
302	765
219	767
272	859
525	810
934	978
953	991
51	136
37	992
59	751
17	754
770	991
696	813
30	952
687	993
165	359
645	996
166	998
515	886
475	521
707	827
526	752
256	891
8	826
490	829
663	986
816	999
131	896
258	937
332	657
934	991
725	817
802	808
895	999
265	832
306	604
397	988
572	989
971	994
828	945
285	666
920	948
785	989
834	881
443	996
267	999
797	999
676	938
514	876
459	940
403	779
744	843
507	607
773	992
806	940
649	956
286	904
506	907
514	768
868	1000
285	679
436	848
174	848
12	786
53	787
39	623
685	771
69	502
778	962
616	900
113	545
896	954
982	994
753	905
393	599
384	779
852	884
871	897
86	856
282	502
755	951
172	630
87	263
686	851
468	894
657	793
808	962
747	952
631	777
576	841
367	438
699	911
644	975
418	898
859	900
578	621
638	672
528	800
104	967
775	906
439	957
250	792
692	908
796	965
784	847
789	962
522	847
178	808
833	968
866	916
198	457
478	511
268	701
469	691
823	960
23	870
735	847
881	901
504	914
666	747
425	806
678	986
791	863
694	930
955	971
812	922
443	796
527	938
487	573
907	930
681	853
48	940
222	827
772	971
6	943
818	858
238	283
620	873
50	986
353	758
721	925
394	530
724	930
397	572
770	817
723	971
943	974
401	691
506	707
165	185
175	873
758	928
216	645
656	688
707	882
779	987
591	936
536	1000
709	928
129	353
728	941
24	825
547	866
814	981
869	917
230	930
827	920
188	933
890	976
802	863
848	979
223	661
350	473
644	654
723	984
415	602
621	707
354	592
101	671
818	992
876	933
853	949
910	931
753	947
868	934
371	653
813	998
739	820
780	821
563	823
642	887
535	761
600	890
545	954
589	997
663	946
542	656
299	898
780	942
269	726
582	957
190	847
795	957
743	767
836	958
910	944
533	957
808	896
794	998
159	487
2	503
348	911
871	952
595	788
107	970
798	824
220	847
440	850
108	148
252	799
541	673
646	955
590	794
750	783
281	978
179	967
546	909
761	797
525	786
659	786
423	509
647	668
726	961
740	859
330	732
946	964
550	735
151	989
949	969
250	968
866	971
673	805
599	627
444	753
529	568
479	976
391	863
64	468
499	625
380	445
891	920
775	974
687	861
870	982
782	869
518	796
58	286
187	925
438	507
476	799
90	992
544	933
879	923
309	807
469	759
782	990
749	813
779	921
283	754
71	871
453	936
117	987
327	531
580	748
146	227
953	993
515	996
661	821
633	988
853	991
283	875
691	700
589	918
971	983
709	983
456	537
313	754
84	931
640	883
901	924
44	71
804	991
964	980
381	659
559	931
774	819
455	995
133	944
334	934
582	770
890	923
595	709
774	940
163	823
825	942
952	983
281	549
561	832
84	944
566	947
459	821
695	832
1	909
568	993
119	901
535	816
480	880
223	958
436	958
293	909
931	937
993	997
734	773
217	483
986	994
405	719
732	848
938	953
93	861
743	943
352	563
257	969
417	958
857	964
815	967
97	458
850	961
118	746
627	889
585	892
179	204
865	946
323	626
562	908
345	910
856	897
836	918
374	564
453	857
269	807
18	636
171	915
28	866
294	985
891	975
164	875
47	61
189	410
717	795
818	847
185	934
501	911
735	849
625	977
721	914
146	979
803	983
393	856
816	922
356	937
331	880
821	973
513	628
210	819
243	767
265	526
55	716
173	937
677	736
319	991
830	978
401	801
833	983
907	932
948	970
20	880
328	996
92	985
326	923
152	999
708	988
749	989
8	991
416	816
300	870
797	922
332	822
271	583
579	699
904	984
4	993
155	637
633	935
600	758
677	978
94	657
52	889
916	994
437	471
392	994
343	809
744	887
843	866
788	930
380	876
540	828
922	930
144	599
176	588
797	935
575	822
464	991
885	984
218	669
186	902
547	881
896	998
665	836
931	992
117	250
609	712
262	833
565	605
602	938
198	848
68	967
885	997
771	895
917	949
177	910
378	900
961	992
586	849
574	960
660	1000
118	451
389	951
678	788
31	977
72	978
583	672
316	557
877	890
32	798
137	851
472	841
866	960
736	850
617	670
578	678
330	613
891	909
541	796
912	968
452	983
303	860
449	914
643	965
247	965
32	811
863	968
49	980
365	691
717	850
791	799
722	965
534	914
157	927
399	460
94	349
398	989
379	747
76	938
594	635
632	927
761	812
870	984
367	858
890	899
721	861
295	460
71	981
602	617
5	132
323	936
879	925
620	930
702	969
334	573
707	818
273	297
913	923
976	979
389	630
480	748
22	836
429	931
770	995
520	820
901	926
235	836
758	877
771	816
545	998
433	528
204	476
121	936
80	669
676	700
128	831
496	998
876	990
683	824
466	826
262	538
126	906
607	950
189	962
744	955
155	826
389	764
482	955
320	893
595	832
414	528
727	988
801	937
815	835
398	668
67	834
75	954
546	953
945	958
141	904
367	429
754	838
625	724
266	791
475	901
199	966
782	792
135	981
275	732
729	902
844	889
81	866
342	907
884	961
226	961
798	894
3	394
442	966
735	959
432	921
738	964
270	630
22	528
206	874
803	864
830	967
486	928
747	969
833	972
906	962
488	974
216	515
166	923
524	631
708	977
212	810
289	993
638	918
159	920
715	872
580	913
962	978
62	987
659	977
772	854
422	741
821	975
754	985
854	923
696	980
508	929
145	877
613	982
749	991
67	405
603	644
219	947
828	991
795	814
962	991
478	878
772	867
758	932
193	894
408	819
790	884
788	811
397	926
591	940
190	367
897	983
649	881
24	829
552	948
593	986
147	899
381	837
422	875
692	699
890	980
950	994
802	867
466	881
807	945
922	932
158	536
691	999
80	845
195	832
718	873
360	899
487	940
607	776
519	663
684	996
885	986
904	999
582	948
384	475
655	938
190	838
80	966
773	930
792	943
88	827
396	943
831	871
690	895
270	309
296	483
320	840
590	664
526	945
727	935
126	974
137	840
211	789
882	957
11	206
558	604
498	967
133	317
732	905
556	945
160	679
456	741
817	949
385	797
104	784
379	723
632	903
184	255
194	677
532	672
643	954
646	959
665	972
764	951
782	968
634	841
550	847
321	795
57	685
169	926
263	790
912	970
414	959
28	923
60	875
182	572
321	916
522	906
761	922
7	985
184	618
122	935
631	849
717	852
231	878
757	924
641	978
2	991
48	878
208	867
249	868
404	742
422	796
804	861
224	811
44	880
350	398
319	819
93	476
310	999
103	935
222	886
263	924
67	231
834	861
228	822
635	688
14	75
120	996
679	694
846	871
598	769
202	769
596	925
804	874
628	877
232	648
567	638
283	879
658	756
728	1000
165	594
406	720
785	982
482	944
36	894
941	1000
737	941
864	982
341	712
514	869
454	589
354	651
404	997
739	987
918	989
436	949
670	887
86	836
908	944
322	820
597	759
142	889
725	944
885	933
544	603
315	780
232	782
820	952
124	431
938	944
690	842
354	893
836	896
877	934
63	717
679	949
95	898
752	939
130	892
88	895
759	834
583	837
643	888
715	727
646	893
233	495
66	89
777	824
92	721
741	901
842	953
157	850
396	903
878	906
149	208
266	793
574	909
660	949
393	605
411	622
810	893
842	845
756	778
431	981
546	968
775	791
714	781
750	963
208	680
925	964
610	660
193	520
666	969
840	893
418	904
845	971
743	960
159	909
772	843
53	927
166	804
455	678
634	909
243	987
513	619
270	861
812	915
27	874
233	979
525	858
948	961
805	912
20	871
529	748
568	676
702	905
886	985
256	818
187	984
443	681
173	820
314	759
30	1000
622	912
696	861
797	913
79	633
117	925
561	636
392	864
860	969
464	969
700	751
502	995
818	972
474	933
23	997
389	566
661	988
559	977
297	977
591	929
932	993
383	522
470	639
508	931
797	805
814	974
888	923
506	592
239	477
700	872
785	916
441	877
386	941
712	818
276	931
758	934
771	873
802	977
224	1000
600	991
853	942
806	867
415	945
704	819
938	986
368	870
795	937
459	759
588	644
390	888
271	708
771	994
804	942
683	881
628	945
769	921
991	997
801	873
762	881
244	955
560	932
1	968
563	937
40	667
773	932
93	678
10	909
734	940
692	943
618	765
669	730
507	668
686	899
713	773
658	837
205	303
704	953
36	265
187	663
299	904
558	835
84	427
378	904
856	943
961	996
534	663
317	894
606	768
671	897
852	945
865	884
226	897
567	961
14	748
379	617
461	915
450	497
735	895
680	959
900	962
215	859
724	736
631	959
342	856
824	859
166	859
823	900
331	926
95	161
501	849
465	926
518	789
611	980
867	906
523	867
333	743
547	672
497	851
626	736
698	841
837	919
615	806
303	985
633	860
215	872
160	936
275	923
397	620
839	965
113	861
591	863
30	826
599	983
427	876
427	647
77	763
92	105
930	975
448	935
668	975
428	993
543	980
703	932
54	523
601	921
174	588
661	935
480	631
774	812
880	979
278	416
99	939
140	940
874	935
478	935
426	516
573	943
792	987
401	873
827	981
540	887
526	989
760	927
254	301
746	992
966	995
718	930
360	956
308	537
621	997
646	761
235	961
959	992
324	481
375	712
655	766
378	717
372	414
556	989
449	597
79	835
239	787
406	964
373	787
472	766
260	846
12	781
259	887
428	430
861	955
275	602
159	656
228	261
121	135
40	964
711	903
871	892
516	664
493	946
873	938
726	888
745	901
690	965
743	828
555	777
500	841
254	556
823	942
240	621
842	955
840	882
322	956
363	957
437	906
451	841
845	960
435	567
921	955
527	570
477	978
81	978
444	801
328	855
111	857
358	734
812	904
113	903
674	970
112	449
98	285
497	785
342	911
805	901
782	917
307	395
284	906
886	974
297	616
108	451
541	976
374	570
434	621
346	737
282	981
731	844
39	994
601	963
615	632
432	925
125	216
770	920
355	678
277	758
387	401
268	938
124	930
187	986
825	977
407	989
525	981
43	941
781	907
640	702
617	984
381	936
596	861
296	340
821	979
397	917
811	934
916	987
869	912
640	823
744	880
804	931
931	972
862	872
91	766
705	925
383	874
438	581
691	761
901	985
987	988
920	998
703	1000
441	1000
380	990
769	802
760	982
980	985
591	944
65	834
662	824
929	939
82	774
887	942
251	997
741	824
350	939
369	952
262	826
809	995
776	818
547	995
65	955
882	948
794	872
598	960
81	670
898	929
339	965
396	947
795	952
316	429
674	891
333	598
274	957
567	950
424	901
190	734
551	942
78	264
551	713
451	775
148	966
644	904
745	956
965	996
646	950
623	966
359	893
106	447
452	855
358	439
504	722
215	619
523	735
555	953
154	609
393	891
324	791
384	842
296	958
530	896
10	335
650	961
634	953
823	889
190	976
119	507
886	908
643	958
729	961
817	845
266	971
481	859
555	845
720	912
668	722
761	913
384	963
819	891
337	622
601	668
537	912
490	800
261	977
817	966
481	980
770	854
197	992
420	741
580	730
153	922
282	807
736	977
87	568
708	915
601	789
114	405
391	979
432	980
589	671
448	695
90	987
214	528
923	961
694	872
894	903
77	415
916	921
392	921
934	975
194	936
538	746
82	466
386	877
702	854
628	639
807	870
435	998
249	993
130	749
839	980
580	985
382	475
695	935
800	988
290	886
758	991
458	470
771	930
480	983
688	932
572	757
448	950
910	981
786	945
25	295
780	871
250	413
769	978
494	773
683	709
447	698
667	701
149	775
479	650
966	997
465	486
431	838
563	994
596	942
193	966
236	370
931	932
554	945
810	871
655	768
778	838
201	534
514	765
693	996
137	778
390	958
431	959
26	681
306	964
759	946
616	897
256	325
316	376
156	912
458	954
857	959
232	907
323	500
722	771
273	679
116	961
430	599
564	828
261	790
104	843
431	972
747	949
585	887
444	911
76	515
516	787
287	964
488	954
359	840
400	841
9	956
699	908
564	949
597	897
127	682
835	954
150	851
659	957
717	898
851	898
400	962
553	975
59	440
51	993
407	857
673	976
62	859
165	277
590	978
571	736
18	752
837	855
446	970
298	806
647	960
666	973
559	847
416	798
495	862
209	505
319	865
489	788
742	968
16	864
286	688
398	929
714	906
318	677
442	972
777	962
675	914
413	685
578	981
302	817
715	986
684	855
529	981
501	919
554	745
404	922
920	987
515	938
105	811
751	922
737	758
809	863
660	740
137	470
832	995
469	943
403	589
91	997
688	987
361	592
732	764
198	830
373	831
767	987
987	990
26	723
535	637
311	892
672	871
737	1000
167	884
487	825
795	941
115	953
505	879
250	360
755	990
347	936
686	890
567	710
806	992
405	648
892	995
391	713
685	931
776	820
368	766
697	941
755	882
856	934
221	423
138	425
671	888
27	557
206	559
692	947
852	936
348	908
336	790
413	485
465	675
303	613
757	783
803	899
486	963
720	901
847	942
780	952
866	955
604	955
623	968
939	945
488	780
856	947
143	745
757	904
220	965
724	727
522	778
766	909
315	973
231	979
28	916
410	981
726	958
113	960
388	670
333	734
33	213
585	955
136	863
772	781
617	907
777	896
326	960
510	552
601	899
735	899
437	976
555	968
715	920
654	910
296	973
244	517
631	963
548	928
661	805
399	805
622	850
300	799
101	589
221	920
496	859
279	861
587	977
232	291
531	853
261	992
209	802
691	805
894	905
797	972
728	872
827	851
978	983
694	995
513	920
790	932
807	872
811	991
341	584
588	690
409	984
156	538
114	541
600	929
774	816
677	920
459	926
800	990
612	939
660	687
109	813
288	815
188	877
725	816
293	893
716	996
573	947
630	929
468	867
752	811
475	762
966	999
606	693
146	708
280	937
734	878
109	826
609	883
554	947
713	940
732	953
570	891
704	891
19	788
454	716
674	948
863	884
486	897
613	709
558	773
260	850
53	786
667	945
689	704
493	829
54	193
653	781
875	894
859	886
382	961
522	712
228	265
720	956
121	139
305	485
752	945
428	555
823	825
768	889
740	790
243	509
229	611
729	897
393	948
539	773
85	337
678	851
557	790
10	163
735	833
96	846
430	722
564	951
775	905
816	906
761	970
921	959
236	856
819	948
571	846
142	440
703	736
510	607
106	517
532	854
377	980
726	905
344	574
638	792
594	685
365	862
406	634
571	967
925	970
501	908
298	808
721	911
110	757
622	905
85	929
603	626
641	918
723	728
668	792
761	983
777	964
54	569
362	685
656	903
675	916
105	800
895	919
17	687
330	918
913	973
932	986
715	988
429	631
916	978
19	467
103	875
612	981
598	817
197	473
807	927
504	926
108	926
237	811
397	800
204	634
605	978
407	993
737	868
162	637
420	932
962	986
841	925
786	989
159	339
68	480
876	919
512	642
415	938
126	835
869	916
387	876
408	935
769	914
466	876
727	917
281	830
248	653
387	997
456	602
681	986
137	593
692	815
711	828
293	840
356	371
34	357
521	704
517	999
556	927
662	828
90	602
780	820
766	885
799	833
871	938
783	825
48	376
634	702
264	674
88	943
597	820
368	997
456	844
528	949
244	961
151	733
285	962
863	939
968	992
885	994
558	599
227	728
884	998
595	895
801	1000
405	1000
116	897
658	951
919	992
616	954
349	839
743	995
817	944
657	726
831	879
872	880
481	500
491	959
475	951
141	846
609	951
750	890
507	903
597	833
803	901
990	993
49	964
71	723
200	608
539	828
585	944
259	959
782	963
565	965
859	954
537	903
289	801
729	844
770	845
197	983
541	793
849	909
236	911
577	975
153	913
590	914
791	904
557	737
689	893
381	511
592	731
292	439
544	919
615	799
312	798
78	631
680	965
284	965
721	737
793	842
468	493
599	976
654	683
629	855
386	868
55	768
605	912
383	799
116	226
888	971
318	855
693	732
423	871
901	910
268	997
758	861
44	57
133	809
716	864
353	812
246	686
72	533
760	907
172	242
302	995
462	984
696	922
883	977
874	928
786	815
142	750
596	920
152	943
633	987
503	877
971	982
616	754
258	817
587	992
39	369
493	576
452	538
426	751
593	928
734	867
505	815
235	954
491	880
899	934
188	879
876	987
917	988
479	762
295	941
52	954
929	998
371	936
117	302
683	942
213	764
903	945
685	759
382	950
542	939
938	939
96	364
822	993
660	931
627	754
365	488
260	960
12	895
750	824
135	965
773	993
891	948
349	665
144	906
782	897
264	971
386	439
537	837
701	945
775	894
472	893
365	730
310	794
112	321
172	860
292	373
70	970
111	971
240	856
842	961
64	630
205	377
845	966
182	622
145	740
879	964
152	864
702	779
592	907
633	679
531	897
916	967
415	456
76	761
20	866
240	869
928	977
688	736
633	800
278	343
602	669
234	273
43	705
920	978
389	561
532	869
526	795
259	451
746	798
111	287
932	988
462	810
489	913
112	926
186	875
635	738
888	918
115	931
251	977
688	749
287	405
943	975
813	865
271	582
744	994
237	934
619	999
655	693
894	975
498	709
181	773
676	752
216	996
535	749
177	775
526	929
686	881
168	955
556	808
850	989
965	976
477	892
530	755
857	884
862	999
567	822
278	719
556	929
248	776
377	661
456	725
607	894
290	958
384	822
458	771
752	989
972	992
254	483
787	946
551	935
312	424
47	907
64	322
468	937
17	247
327	961
60	617
385	902
500	889
706	994
305	650
398	612
167	191
766	779
475	832
521	948
639	940
699	954
625	776
611	841
69	558
960	995
22	446
742	772
539	709
664	889
865	879
669	967
331	908
465	908
757	787
701	892
305	663
623	972
865	1000
631	833
139	859
722	951
923	941
666	790
872	895
402	451
934	955
953	968
115	623
634	959
946	965
605	672
383	559
803	916
911	944
641	854
508	968
816	855
888	960
777	900
510	785
763	965
100	621
661	917
430	792
858	973
591	858
44	985
336	339
915	955
455	970
629	857
353	922
119	755
482	807
224	808
812	978
8	924
283	863
181	586
162	344
800	860
700	922
423	873
901	912
483	924
920	925
462	986
883	979
336	352
693	855
593	917
439	450
788	863
396	753
778	818
910	974
230	986
568	981
342	638
72	548
179	876
487	763
552	892
813	933
799	998
582	1000
155	704
53	656
122	261
614	989
829	877
438	992
74	715
795	1000
10	959
225	884
748	925
863	875
560	874
155	825
246	943
741	885
861	950
234	825
363	710
132	548
734	882
305	705
197	677
458	947
477	960
697	1000
650	888
829	890
636	724
493	941
92	597
667	828
54	76
248	844
509	885
206	847
192	949
849	953
398	788
38	253
530	944
511	665
86	967
571	716
218	857
83	898
372	772
177	267
421	893
550	778
541	958
921	950
580	657
736	904
359	954
218	978
870	904
708	842
768	893
652	947
738	950
932	964
604	906
731	947
791	961
39	868
245	973
205	608
143	925
229	965
160	865
504	675
182	624
902	950
525	963
654	848
659	963
497	901
571	850
717	904
763	791
587	794
647	845
36	920
499	681
710	901
825	851
723	840
626	907
249	920
357	453
207	923
647	966
243	876
807	918
163	853
325	686
619	867
572	792
173	817
61	347
682	923
608	745
828	977
728	810
170	519
426	445
464	737
818	969
904	972
256	936
916	982
143	241
272	917
392	982
827	910
257	528
169	415
802	853
628	929
707	993
292	751
471	982
581	625
302	944
350	692
503	934
52	998
809	977
598	942
684	982
141	703
614	923
834	926
727	800
60	485
679	988
612	998
450	936
334	990
595	765
452	716
130	702
479	819
820	883
484	934
551	695
468	926
160	544
762	878
841	942
241	883
664	757
609	821
361	719
493	875
875	940
419	660
938	996
234	880
289	550
280	767
789	873
808	886
99	426
431	899
86	901
669	956
829	945
474	717
686	896
88	947
518	760
845	889
738	763
905	940
924	953
550	712
440	840
706	996
835	881
866	948
16	549
403	958
926	999
810	824
553	902
498	966
919	996
160	907
247	832
393	886
252	910
472	950
865	881
722	832
111	907
83	845
182	558
434	550
286	386
282	910
805	951
226	786
69	802
721	728
858	962
333	848
756	951
219	975
420	736
181	225
60	164
423	741
736	972
274	389
812	967
705	841
443	612
214	752
291	972
203	859
800	849
175	797
543	964
326	966
763	967
18	584
881	959
256	870
335	934
462	975
200	975
934	970
846	857
309	918
524	806
491	629
123	233
890	900
793	967
330	977
471	916
168	878
691	919
131	996
41	56
63	569
1	886
703	929
238	341
496	865
587	983
760	911
589	800
489	862
621	981
244	994
915	970
271	868
598	997
450	870
596	924
150	578
730	924
329	580
774	930
75	700
704	871
415	768
506	886
929	989
46	642
524	940
651	981
670	994
436	827
692	753
697	868
12	765
628	997
77	894
120	298
419	594
759	928
792	876
745	764
327	776
239	892
679	935
868	871
959	989
871	876
48	543
609	876
683	825
507	828
801	817
873	922
498	779
454	938
500	825
546	941
357	776
733	767
645	654
824	885
158	832
424	951
363	941
456	903
93	851
36	317
896	946
155	948
766	836
475	889
750	828
287	838
336	959
96	718
652	707
495	723
808	954
544	844
549	959
731	936
590	731
576	833
180	833
694	788
592	777
844	998
38	376
442	954
534	957
435	914
351	957
645	909
423	796
703	850
340	798
143	927
191	675
826	957
388	960
457	565
407	973
751	783
434	847
709	786
24	683
318	672
48	811
879	968
502	981
395	855
636	981
240	981
656	667
358	973
17	680
53	337
88	331
38	739
24	804
689	965
909	968
848	958
471	971
22	879
724	922
649	748
160	291
222	940
552	815
483	981
87	981
725	743
577	579
21	398
751	917
140	992
737	982
916	984
809	858
561	756
693	912
417	748
357	468
348	877
389	915
353	992
466	869
908	985
545	933
94	997
746	923
460	566
451	746
52	1000
167	987
341	874
776	802
943	979
519	880
794	856
598	944
422	984
380	987
466	990
139	366
493	635
424	764
214	954
234	869
855	987
808	875
813	990
720	762
706	864
899	993
973	979
766	878
414	692
493	985
975	988
295	1000
685	926
630	990
611	711
685	697
831	980
822	931
337	364
801	993
875	942
713	880
773	931
418	703
19	957
817	937
657	719
555	937
156	962
197	963
238	772
183	836
912	945
315	726
361	842
306	906
796	999
870	948
842	886
861	899
303	837
611	953
294	788
335	789
866	950
678	899
606	996
715	902
849	902
169	914
953	959
56	973
212	961
372	950
735	773
124	848
666	902
60	863
383	550
756	832
585	950
714	835
464	660
460	955
578	910
196	616
638	961
497	958
953	972
557	972
529	910
240	807
298	977
532	915
210	864
807	854
707	916
793	956
812	969
867	905
751	959
677	781
589	897
71	971
219	869
415	515
511	977
860	902
158	566
270	807
760	900
894	900
839	964
517	913
355	851
635	905
772	910
290	870
276	972
390	579
397	969
908	919
619	816
388	920
556	733
869	964
690	696
767	916
841	865
304	926
385	585
417	803
164	357
324	346
494	757
347	744
655	860
688	808
834	862
572	862
503	991
682	993
897	918
15	944
445	757
538	985
739	975
68	770
59	987
383	818
479	755
575	988
564	570
887	994
667	927
106	136
713	814
42	646
484	991
878	881
33	826
836	884
940	978
752	927
755	932
722	755
792	999
322	821
206	838
549	948
103	373
419	838
243	612
413	535
817	884
877	935
627	989
627	760
134	827
34	889
260	966
171	894
565	784
243	733
627	881
92	722
842	954
699	905
41	905
467	784
16	848
2	913
222	687
548	857
652	951
605	839
932	968
830	957
723	831
164	867
557	798
925	965
59	787
400	851
708	967
928	970
532	970
504	908
140	631
305	964
608	736
464	957
180	969
524	742
161	690
45	744
568	785
503	804
654	973
76	996
814	962
74	169
473	632
334	739
950	971
430	972
360	876
57	875
695	866
404	919
679	858
614	914
512	637
677	970
185	242
140	994
107	588
910	912
660	737
871	920
697	804
788	922
251	983
554	755
848	973
551	686
649	992
454	753
299	879
841	933
478	881
665	936
288	986
744	1000
205	988
716	938
783	928
341	997
957	1000
561	1000
910	925
454	645
720	764
706	866
375	995
650	705
829	936
975	990
75	999
653	710
162	887
19	838
616	828
789	985
108	129
808	998
665	949
843	992
213	825
699	947
396	946
836	952
963	993
250	828
972	998
442	769
865	872
72	970
287	895
884	885
400	772
565	839
652	993
523	842
657	842
789	998
338	833
66	374
617	662
796	893
823	996
111	790
479	957
620	667
504	721
830	891
687	842
714	945
733	958
805	834
656	711
465	914
284	839
518	777
251	662
867	894
927	945
201	841
333	960
295	439
90	973
508	732
310	976
253	442
562	968
212	855
353	794
380	668
707	797
177	568
715	917
217	906
814	896
236	919
915	948
511	858
459	668
491	620
804	851
31	635
320	509
633	969
927	958
517	794
80	527
28	337
608	912
630	671
131	987
869	953
29	976
511	979
48	989
230	966
304	915
483	917
104	332
648	984
744	921
348	692
771	795
862	913
760	902
256	874
779	915
99	927
66	979
556	614
253	576
915	961
373	641
786	810
918	966
774	921
540	754
892	913
792	975
214	998
811	988
709	977
828	928
511	992
560	854
158	581
498	878
745	755
368	805
781	974
329	584
614	982
834	985
820	821
732	937
369	885
873	913
778	824
363	582
748	918
868	983
665	883
706	921
150	703
348	947
320	885
829	991
667	700
56	775
479	878
558	878
899	942
38	354
563	993
186	252
752	929
898	983
521	996
655	996
364	783
93	963
674	716
720	832
747	935
692	999
329	947
272	413
67	947
208	657
53	783
356	555
565	894
23	611
298	550
275	832
687	776
870	897
510	591
326	770
419	961
636	730
372	886
133	375
349	902
13	953
569	905
677	704
803	843
849	959
16	958
833	951
139	799
708	956
842	956
83	904
289	972
177	502
638	897
738	835
858	900
25	899
434	838
678	969
496	669
694	913
754	964
435	918
784	843
319	972
181	513
520	733
828	849
654	733
552	685
909	959
205	843
545	911
724	913
751	787
696	851
122	993
607	742
524	744
138	974
334	620
513	851
779	970
490	867
746	793
517	970
737	973
200	805
957	976
827	903
758	803
18	764
210	934
344	934
773	788
718	852
396	572
828	983
382	408
901	973
920	986
744	989
463	747
760	970
820	984
209	867
345	462
314	883
335	417
596	983
403	817
862	873
889	976
512	989
567	696
47	889
262	814
773	801
809	983
387	994
373	830
183	706
339	953
58	940
281	948
157	424
542	989
676	989
330	352
588	876
333	586
641	702
753	943
109	878
563	819
755	989
144	835
686	889
586	951
861	890
713	763
129	712
965	984
192	997
863	936
467	707
26	964
678	890
461	892
364	959
840	925
666	772
430	532
674	892
178	954
211	902
823	877
363	892
831	997
886	896
641	836
948	993
310	736
557	842
361	967
428	728
942	949
675	834
207	500
413	834
699	962
421	954
944	995
440	967
85	739
742	780
236	908
571	898
511	618
428	849
328	911
273	975
340	965
474	965
488	900
749	904
823	890
143	865
485	602
127	857
724	847
316	793
825	899
911	939
90	975
420	850
401	608
761	914
304	675
698	831
629	731
399	912
738	903
27	811
816	971
24	513
698	952
846	850
629	852
937	968
312	916
656	726
105	852
895	971
811	977
244	866
48	991
785	961
100	629
374	868
198	871
795	861
855	912
538	976
698	965
491	864
288	801
656	968
790	931
499	984
457	987
649	928
248	355
10	941
822	856
371	691
804	987
711	759
2	299
769	966
843	915
366	761
727	969
815	816
727	740
630	807
10	833
137	874
362	992
978	995
494	882
499	997
829	872
176	987
639	748
792	990
437	762
970	996
127	307
99	474
109	933
238	818
213	761
658	882
759	934
836	888
375	944
50	595
110	380
564	587
643	880
51	968
481	781
407	603
935	988
431	960
141	898
282	837
87	369
768	996
826	937
559	593
177	262
77	324
178	901
613	829
714	881
39	971
870	899
689	824
823	824
740	789
605	830
932	959
233	958
352	909
756	999
439	834
791	956
465	971
580	894
217	842
673	856
626	781
442	960
221	961
629	786
515	684
69	863
793	894
347	548
16	973
527	923
673	977
194	979
629	907
207	918
804	908
702	897
821	848
586	685
228	977
572	787
11	979
883	908
387	741
151	464
712	797
340	925
288	735
818	964
568	789
614	905
339	700
58	687
300	974
869	902
299	749
610	907
780	793
257	523
615	985
697	795
447	620
402	877
892	970
773	790
649	983
767	975
579	924
665	698
706	736
614	918
746	808
102	477
308	582
514	687
228	293
720	755
843	862
347	924
503	942
864	921
74	765
93	778
506	947
662	935
473	770
8	182
123	886
412	760
246	993
667	986
162	999
759	989
47	783
729	817
21	996
453	653
184	236
39	784
89	901
474	712
308	945
891	1000
783	945
361	956
576	881
562	946
359	883
460	706
735	874
891	892
877	994
360	438
733	949
406	554
912	951
208	835
171	953
446	892
927	936
127	846
798	822
784	887
247	948
282	905
736	846
455	833
900	954
657	967
163	432
489	602
398	972
148	272
714	949
874	901
529	903
202	508
207	852
513	895
812	962
522	900
277	803
428	972
717	846
288	669
804	963
96	913
144	395
797	960
580	962
487	734
814	900
411	924
450	852
340	980
730	906
427	868
55	996
658	737
214	760
473	691
511	983
170	690
693	731
827	960
357	516
785	963
904	914
169	465
619	930
168	994
732	807
364	411
294	581
459	914
225	747
280	454
679	917
959	971
174	701
480	973
664	794
499	986
774	925
347	629
512	925
765	876
61	760
391	635
231	417
616	753
602	855
494	992
609	979
540	879
460	627
718	922
776	863
643	748
60	427
403	995
878	995
468	868
160	486
239	779
495	705
803	821
574	769
49	884
706	925
164	605
222	317
722	869
231	780
386	425
391	769
606	694
569	775
30	497
736	888
851	875
317	941
410	903
831	933
294	957
646	887
329	951
714	762
478	485
698	754
736	780
763	883
969	988
243	618
583	952
495	839
462	662
346	716
764	1000
184	425
717	888
837	953
422	711
534	952
763	775
223	501
402	503
830	950
723	824
309	955
689	947
823	947
293	681
928	963
826	952
784	955
388	955
47	396
324	970
943	948
661	969
573	856
53	103
765	797
462	796
575	673
814	955
681	840
411	979
132	332
612	969
133	971
689	960
18	755
108	914
383	853
591	802
594	807
962	974
43	933
640	923
681	961
786	977
598	926
412	507
596	853
496	915
136	343
224	981
788	794
295	632
520	979
107	581
649	864
887	921
651	910
799	808
141	579
628	926
719	815
498	816
11	994
327	934
561	872
43	946
280	630
767	977
665	929
257	875
269	700
274	815
642	982
774	872
378	872
760	974
402	1000
258	992
373	942
896	983
467	577
334	987
628	939
843	864
75	992
56	713
501	575
317	754
984	988
762	875
46	705
767	990
863	927
574	824
477	891
81	891
100	941
310	485
328	768
722	924
284	698
963	986
555	932
458	999
539	695
761	771
315	950
829	942
433	942
97	727
224	539
266	950
835	878
203	601
227	958
392	537
879	884
750	770
83	721
740	954
358	660
657	956
297	650
471	537
13	891
407	781
95	960
953	954
15	442
532	897
421	837
990	994
682	841
715	789
544	907
700	895
15	792
502	910
271	489
4	899
941	957
485	714
839	946
833	902
854	961
287	325
366	618
72	171
911	943
333	966
742	905
346	905
19	510
249	972
409	961
175	794
87	910
483	910
772	784
114	518
771	788
251	789
366	739
457	857
512	564
277	926
75	913
209	913
952	957
126	878
390	924
67	685
702	967
480	854
540	868
880	973
864	965
533	865
63	687
940	960
362	983
637	922
771	922
876	975
554	924
158	924
788	862
311	937
658	981
773	968
699	753
157	470
129	637
594	996
762	809
473	706
285	884
852	968
494	765
586	997
820	935
584	924
551	747
676	927
583	699
260	948
282	707
326	750
708	815
42	762
176	991
102	776
878	997
690	946
51	959
453	710
926	930
912	995
277	484
227	892
263	586
810	984
884	933
870	998
1	320
639	873
680	874
284	645
726	990
215	774
163	355
118	841
674	830
560	994
214	320
613	820
819	925
678	949
530	822
516	887
189	263
851	877
534	941
840	984
859	997
900	998
652	933
817	1000
335	731
416	427
98	495
172	969
810	997
865	933
763	885
606	938
826	941
210	672
325	659
858	893
305	946
453	844
525	949
654	834
659	949
304	721
400	954
23	738
251	831
589	597
608	610
613	954
814	944
580	777
198	446
6	919
703	847
240	857
804	899
702	888
523	916
316	852
591	791
11	970
682	909
902	949
943	950
709	783
43	922
84	960
277	860
693	775
106	978
376	610
78	916
769	770
619	974
476	962
186	863
217	967
112	685
487	791
552	920
786	858
51	409
524	858
381	809
600	853
410	463
401	909
809	963
524	979
813	853
744	982
862	974
559	973
378	632
894	963
765	812
185	237
709	917
593	971
767	858
753	923
615	989
871	915
482	874
494	928
873	961
33	984
267	922
341	871
542	632
786	992
579	928
348	995
558	576
642	984
466	987
96	407
588	869
13	638
896	985
80	133
35	656
637	990
711	939
7	594
245	880
165	887
588	990
748	979
435	482
445	941
706	982
725	995
403	944
618	869
604	705
815	888
419	888
229	764
578	652
289	549
187	767
192	882
536	655
555	705
618	990
972	993
414	931
37	944
529	652
9	882
325	593
509	939
121	305
19	28
342	947
304	426
763	940
823	991
601	649
196	829
652	880
872	883
784	999
173	845
102	147
164	796
684	768
937	948
548	907
255	362
231	971
620	783
334	426
270	899
127	850
173	966
622	829
585	947
249	732
376	544
288	431
661	905
377	917
633	843
523	971
476	896
214	859
503	733
571	904
