423	740
730	897
100	730
62	209
344	861
359	432
420	856
469	977
106	925
362	851
651	725
684	902
568	956
347	499
526	730
640	980
524	805
343	730
832	921
59	971
642	797
769	838
853	980
672	905
765	867
584	792
892	908
429	918
952	959
69	346
401	856
415	754
198	756
368	679
744	929
463	916
752	790
600	921
410	760
225	980
734	857
563	975
86	821
810	852
540	991
655	978
20	467
686	816
746	867
625	806
561	821
110	131
662	873
288	928
866	868
287	932
586	999
634	747
46	762
882	997
472	870
799	999
370	593
502	712
875	994
658	996
253	947
261	771
555	989
844	863
789	927
863	876
442	819
750	935
829	999
667	937
264	961
275	827
743	932
187	714
803	946
520	594
428	776
488	827
4	714
128	255
840	986
391	894
113	886
830	941
791	949
906	936
677	820
715	846
2	910
547	710
621	659
800	890
222	684
837	957
436	613
656	882
923	997
224	959
50	843
315	323
399	731
344	795
707	847
94	620
118	977
57	967
802	828
301	546
848	944
369	451
346	962
103	975
239	341
51	519
739	893
358	972
182	975
311	860
696	967
83	215
277	983
695	742
299	742
813	963
610	900
661	865
375	508
108	918
825	973
214	819
396	796
676	850
137	801
579	688
744	984
67	742
444	463
301	680
526	798
691	865
245	519
271	922
235	999
54	924
899	979
255	914
596	978
120	460
306	650
672	973
691	986
295	986
704	925
418	568
965	966
32	761
390	994
426	688
734	804
926	974
618	629
711	820
342	694
521	925
903	990
759	982
550	579
233	643
868	925
114	951
7	825
771	992
650	931
606	861
606	632
248	887
831	979
140	307
365	654
549	1000
590	772
741	941
510	520
694	829
501	700
317	879
377	893
666	767
845	998
900	934
325	474
798	923
421	936
657	718
944	977
539	928
590	893
956	987
4	769
735	759
551	938
724	829
316	775
757	777
569	726
742	883
186	665
420	603
425	947
659	885
948	988
805	939
879	888
606	995
100	369
900	947
14	854
578	896
291	839
673	904
728	840
43	737
860	996
49	259
97	973
334	657
261	852
622	831
723	883
668	947
728	961
781	824
392	783
552	735
758	840
749	791
922	948
251	780
559	896
523	973
44	975
85	976
387	789
673	917
277	917
728	853
934	958
675	963
279	963
647	901
36	976
397	955
479	499
663	845
300	793
503	627
869	950
170	912
409	965
252	456
188	737
325	971
399	920
719	861
853	861
462	976
429	799
542	676
179	624
244	982
299	689
552	869
739	961
142	742
744	810
62	453
480	966
309	330
600	802
811	985
556	732
468	848
363	566
289	351
662	862
189	938
786	928
780	854
274	753
788	974
545	987
278	872
586	988
584	915
107	990
778	929
864	969
294	587
421	628
426	743
156	882
112	287
857	929
750	803
554	928
917	980
686	818
231	652
415	998
537	695
616	988
253	936
850	926
674	929
261	531
734	980
66	292
692	754
12	995
669	999
366	998
507	708
350	990
570	993
468	982
905	983
275	816
528	996
743	921
924	996
643	754
247	754
789	808
921	927
155	936
637	939
783	993
411	596
958	994
851	868
655	993
854	873
658	998
787	883
532	593
831	926
954	996
995	997
241	831
442	821
172	960
516	770
323	604
409	644
708	940
969	981
666	943
69	724
363	942
94	488
154	539
701	937
879	943
139	904
557	663
340	894
240	727
460	996
534	945
942	999
205	706
233	953
374	663
613	945
761	843
747	945
310	907
590	961
758	774
763	889
229	955
303	904
803	961
661	733
573	620
894	941
190	330
65	564
404	555
909	956
614	779
707	970
962	967
5	405
271	790
601	961
193	870
862	965
22	988
89	749
130	558
212	331
897	959
957	973
101	988
612	975
469	926
197	467
250	330
931	957
769	895
86	636
889	960
719	808
415	811
179	800
308	685
98	875
373	814
285	701
598	932
752	847
394	873
34	567
399	988
595	634
264	763
561	986
855	975
651	916
155	978
213	690
359	744
975	976
713	747
965	968
607	994
505	983
866	925
926	976
664	976
494	824
70	991
405	981
773	919
919	973
437	704
776	924
838	984
411	651
115	360
180	755
796	987
956	976
975	989
553	1000
350	937
611	712
523	828
440	830
88	119
618	873
126	145
26	961
824	941
120	596
543	699
450	471
400	650
201	706
206	784
574	951
627	814
527	610
136	954
833	882
812	944
638	828
99	779
830	998
411	785
712	713
906	993
648	957
185	967
432	844
900	949
41	959
335	911
858	952
355	597
286	497
635	651
6	857
779	780
314	680
319	795
888	952
425	962
84	669
693	713
538	839
772	777
334	551
922	950
839	952
94	798
443	952
751	839
599	970
392	906
445	503
90	275
422	785
427	863
279	736
55	991
177	688
806	896
792	961
424	565
468	608
602	837
910	953
225	850
929	966
579	853
785	958
843	899
788	963
811	866
635	906
24	981
43	994
203	983
799	977
637	686
771	915
614	968
256	994
787	859
892	912
415	987
290	992
371	688
329	920
670	984
871	974
7	640
361	872
595	810
3	935
223	938
36	294
65	995
202	1000
21	925
442	460
82	117
292	930
240	474
891	929
439	576
141	882
447	925
400	813
727	979
768	980
6	428
801	928
647	690
859	869
60	893
657	883
624	706
16	823
444	775
659	700
125	995
328	829
36	428
178	777
701	818
217	705
286	310
733	999
444	896
626	644
464	582
405	941
339	550
946	999
839	873
421	885
355	531
921	942
585	993
221	716
400	947
881	991
334	364
518	939
215	901
622	767
508	894
81	268
504	896
145	963
869	994
478	843
533	550
684	948
832	846
431	502
837	961
702	773
811	908
186	856
828	848
244	797
417	496
152	979
353	969
158	501
880	900
825	964
797	902
299	625
794	833
1	931
438	905
677	958
765	805
676	962
478	977
679	967
725	854
18	992
790	983
91	982
116	746
369	926
649	980
883	918
308	687
695	867
767	972
151	703
541	629
384	682
375	862
664	736
655	916
639	679
732	870
181	996
148	819
519	991
183	813
128	877
535	972
199	757
116	988
451	978
308	929
905	919
924	932
808	986
486	935
646	924
604	927
549	991
857	878
218	891
875	932
919	975
611	822
456	948
79	998
280	988
734	929
508	586
150	878
711	945
2	485
590	884
172	896
851	925
534	989
873	980
78	480
551	929
914	981
570	942
666	879
671	994
58	242
352	719
150	999
731	981
227	953
464	637
925	995
56	842
399	427
523	722
435	838
558	945
76	676
629	825
474	951
661	777
694	725
955	995
476	997
25	832
207	728
224	897
124	959
614	823
740	962
316	900
28	204
103	792
5	220
934	949
390	556
450	607
937	954
109	314
413	954
26	279
251	892
504	843
146	317
170	674
483	905
6	980
207	970
342	377
380	669
705	954
214	865
580	959
368	551
767	785
137	389
276	962
202	747
204	564
630	901
670	973
95	742
774	801
553	573
737	919
107	752
93	817
275	336
404	975
183	747
769	844
130	857
746	860
773	963
33	924
704	863
308	863
649	927
19	760
778	812
850	917
201	508
552	994
734	971
99	460
440	524
403	871
884	915
903	928
39	594
273	532
861	931
658	868
759	920
396	868
65	997
780	979
141	992
320	994
540	997
433	871
331	594
685	863
504	522
541	589
30	373
893	977
750	928
650	990
70	940
796	815
188	407
905	987
946	988
247	987
132	771
866	995
7	776
731	807
74	951
201	992
335	726
613	936
34	1000
226	941
615	716
666	947
316	834
696	826
756	877
318	880
423	667
460	1000
105	772
559	713
72	329
812	893
839	996
913	945
99	957
589	592
453	960
654	950
198	670
24	554
731	941
478	495
510	942
651	652
320	552
246	374
839	888
443	888
168	683
943	945
772	834
672	832
217	962
728	912
693	891
519	738
235	750
615	971
890	947
110	984
359	493
605	963
880	902
732	738
87	973
269	455
389	786
669	803
779	971
875	908
259	447
171	563
591	920
266	571
794	956
679	740
417	969
486	574
899	972
288	855
95	689
530	617
889	964
350	915
23	291
630	969
487	920
280	856
528	692
431	759
544	636
315	813
774	869
204	982
378	869
498	934
561	990
459	979
82	992
228	292
233	636
417	982
871	923
317	751
234	982
831	972
597	805
454	985
165	882
256	475
104	872
178	821
560	923
305	633
405	985
551	810
19	949
671	875
743	980
757	878
963	983
541	765
492	580
612	645
543	811
139	721
433	939
23	775
831	985
872	986
509	934
192	998
159	821
687	940
442	880
925	997
326	934
796	883
675	822
513	760
289	786
812	827
743	993
295	308
599	719
222	732
354	363
552	607
557	722
109	303
675	943
735	994
914	996
955	997
807	833
316	781
302	846
420	838
387	661
923	937
601	886
749	784
499	609
578	902
858	956
589	768
506	733
681	1000
511	848
376	660
104	201
790	906
490	910
204	553
550	961
806	887
112	964
668	953
126	633
332	967
758	846
301	607
619	916
834	841
195	854
341	908
404	964
665	739
45	802
394	919
191	856
892	903
484	849
503	862
718	787
93	698
354	739
822	844
192	448
887	973
384	618
283	980
61	867
126	996
24	985
473	811
679	916
375	919
101	121
639	965
364	760
295	926
773	965
792	978
298	406
588	919
357	757
852	965
912	979
141	873
375	811
304	342
516	521
479	868
947	973
551	973
966	986
88	983
299	937
476	570
896	927
555	634
783	986
222	424
176	988
532	586
60	776
178	997
393	922
164	833
761	823
296	989
425	645
208	647
829	994
925	931
488	701
634	984
565	884
625	935
845	938
432	540
905	989
866	997
819	922
735	928
793	869
677	694
539	989
893	992
749	947
515	780
854	1000
279	769
740	898
330	1000
265	376
526	646
624	952
691	713
816	893
847	997
805	1000
409	1000
703	952
334	597
377	967
592	892
448	847
434	949
608	836
112	898
453	962
668	887
833	954
175	954
698	995
827	880
221	841
744	845
890	936
95	436
86	387
886	965
605	952
693	772
156	567
276	898
450	785
802	944
224	967
339	917
718	721
11	859
387	850
695	737
375	732
75	965
149	914
801	840
204	621
240	278
406	984
822	899
524	976
904	968
22	994
704	799
795	917
637	974
857	977
494	925
595	748
512	979
498	815
314	994
773	791
892	971
387	984
776	796
321	630
467	684
692	802
359	858
667	745
449	751
379	463
530	861
507	877
185	826
933	985
148	944
251	399
729	926
668	687
403	941
474	821
565	939
826	980
564	751
858	932
321	764
574	944
324	998
134	874
356	950
548	662
229	882
738	759
160	782
13	998
624	886
206	898
481	837
263	880
185	960
386	950
881	929
647	762
160	903
443	703
154	600
756	934
654	886
733	950
918	932
142	482
381	727
485	821
388	888
911	929
484	596
469	961
422	886
367	950
702	711
848	994
559	891
366	725
11	793
355	603
376	662
788	835
237	961
834	951
867	899
369	622
560	604
338	491
582	851
293	748
661	915
922	956
760	894
591	856
23	106
556	835
38	909
308	733
690	798
794	892
320	972
356	400
135	697
368	905
459	794
558	736
670	977
449	456
103	462
442	682
958	976
507	811
639	967
350	864
773	967
859	970
74	929
179	982
186	352
563	864
865	906
433	983
759	924
616	875
209	228
733	871
623	999
645	758
507	824
243	714
437	994
449	819
349	881
5	842
836	999
75	349
574	999
761	825
580	750
866	878
548	946
422	578
842	935
969	976
100	298
432	771
69	719
86	134
927	979
247	991
388	701
426	993
190	191
646	996
453	830
439	932
33	244
654	820
981	986
731	811
216	594
199	950
221	709
983	995
293	319
812	884
270	601
578	717
25	770
608	825
673	954
714	992
833	943
851	997
749	949
78	781
969	989
661	836
614	761
559	825
41	899
187	953
710	994
839	879
858	892
407	956
295	486
506	669
455	889
108	781
70	260
751	887
47	505
608	838
728	903
874	957
915	995
698	997
918	1000
744	847
950	952
647	951
545	903
570	667
809	949
401	895
365	972
506	911
483	964
794	826
818	954
324	382
802	946
774	847
397	897
295	849
677	951
396	672
533	906
187	269
651	669
114	693
353	975
301	785
356	455
177	978
442	495
447	610
718	844
560	901
252	519
577	804
716	919
277	283
39	640
820	976
116	860
229	508
234	852
294	637
261	460
519	984
789	845
144	814
667	855
713	971
746	919
514	798
63	862
463	981
733	805
783	922
884	974
961	965
128	173
787	812
699	928
551	801
644	992
840	904
377	648
129	583
762	984
972	979
590	648
230	342
143	831
470	997
246	286
685	922
699	820
5	897
803	877
641	815
241	881
447	986
427	482
845	995
289	777
462	705
434	643
107	248
733	939
838	992
139	954
249	597
617	764
510	638
754	998
532	885
914	987
14	959
573	657
559	759
347	351
724	826
622	815
668	931
520	767
585	933
703	888
226	1000
303	954
210	726
633	829
638	944
182	664
522	998
453	898
953	955
307	780
697	706
518	1000
721	834
471	659
691	891
126	624
709	716
547	654
598	848
648	965
205	890
922	945
941	958
672	770
448	796
575	837
281	390
84	785
557	968
161	968
772	893
832	907
246	783
210	860
688	899
471	901
416	965
531	952
258	793
748	886
767	899
257	797
257	568
21	557
697	840
339	866
705	960
746	961
512	794
625	671
676	902
404	968
137	853
535	899
447	786
581	786
699	741
119	166
465	574
294	692
767	912
202	874
582	866
345	630
861	924
966	977
778	926
5	710
877	905
285	993
646	972
238	689
90	525
535	912
540	990
796	916
741	980
493	915
606	792
776	974
55	423
373	998
844	849
954	980
706	915
747	916
494	995
337	523
650	983
884	921
428	641
548	706
364	885
400	579
653	759
768	975
597	864
177	241
564	687
233	816
200	639
403	998
604	988
939	978
521	990
400	700
345	764
119	421
559	693
738	924
294	947
435	657
569	886
71	875
398	775
747	929
906	922
323	601
763	873
345	885
689	695
909	927
9	936
988	991
592	762
710	983
844	983
930	986
302	663
25	651
489	755
98	604
497	875
392	593
717	878
340	891
276	647
510	814
703	714
534	942
418	996
707	833
638	999
495	950
622	991
932	951
200	773
682	776
332	663
505	591
749	951
707	954
306	381
522	945
681	709
243	971
512	607
589	827
448	851
608	840
552	908
744	849
408	900
210	915
158	496
490	969
79	846
635	835
166	212
167	851
96	153
514	666
552	921
607	857
706	836
338	440
362	797
852	890
89	638
173	228
250	677
585	667
711	806
480	910
862	975
180	618
39	642
653	801
919	957
251	269
418	446
459	972
660	962
794	962
123	757
257	986
412	631
260	991
236	405
771	978
394	991
282	521
562	575
586	932
534	742
762	865
192	978
756	791
154	228
613	742
384	919
384	690
26	945
131	244
260	883
898	911
442	631
722	914
142	339
617	632
278	937
248	994
504	691
979	984
22	422
32	881
443	452
178	935
208	814
516	930
678	763
172	891
419	997
446	871
652	976
14	719
564	863
803	879
816	818
346	640
425	933
62	881
967	987
153	999
227	948
708	992
842	992
694	828
625	994
243	663
335	895
858	936
944	976
219	720
731	868
323	777
777	984
376	640
629	820
343	463
634	935
601	758
349	951
435	954
872	992
723	869
544	897
890	982
339	613
867	998
605	998
638	946
779	885
355	823
219	962
800	944
413	949
55	975
691	893
314	677
189	911
274	497
760	885
25	961
503	734
588	778
371	780
533	613
651	834
697	950
17	962
447	546
545	852
195	968
288	903
474	504
140	924
322	672
179	852
753	858
1	994
123	691
665	974
780	961
577	861
692	848
899	912
898	953
475	621
264	815
9	562
575	973
96	450
795	976
910	963
99	226
491	979
780	853
370	689
408	981
232	984
361	869
658	863
542	917
266	982
285	995
445	984
68	997
250	745
563	976
521	979
199	928
755	917
254	635
854	859
831	912
643	861
808	928
412	928
305	802
558	982
169	941
766	931
351	689
764	858
494	997
392	461
488	923
428	643
636	821
870	988
264	949
83	874
143	888
14	774
817	869
242	638
921	926
282	939
342	990
53	887
359	930
419	944
367	754
479	995
565	998
537	936
325	528
294	949
291	880
409	872
423	541
180	820
433	1000
381	544
501	875
312	710
344	662
108	651
333	998
145	947
200	654
847	990
599	888
19	313
184	646
642	706
592	885
633	886
779	940
696	942
547	819
24	549
934	999
133	950
596	711
615	953
716	776
480	536
531	996
283	665
742	950
211	496
703	958
224	960
301	426
383	724
584	714
809	832
360	740
574	669
82	732
169	391
802	829
301	547
586	908
75	729
149	678
512	730
864	889
186	974
679	843
598	918
725	959
54	791
651	781
725	730
499	912
182	976
39	402
567	787
619	977
528	795
693	899
100	799
370	623
790	980
488	615
185	577
295	974
226	386
176	794
197	816
563	910
414	787
111	520
597	908
363	741
726	793
382	754
385	988
789	849
426	797
472	913
269	813
692	916
475	918
562	806
653	924
207	349
583	865
891	981
926	975
356	822
361	937
562	927
212	585
275	870
113	808
118	886
500	988
720	991
272	572
618	980
282	765
189	537
342	816
631	919
851	922
307	529
914	978
410	950
652	978
569	943
333	932
393	983
333	703
687	935
269	947
351	986
236	770
645	938
824	940
906	979
617	876
782	943
565	945
845	999
160	896
60	958
578	655
638	935
777	986
818	987
513	876
430	878
913	995
770	946
402	550
173	727
527	959
948	989
29	948
113	124
428	953
554	769
622	940
943	995
52	558
109	540
937	951
133	897
413	951
531	943
591	957
584	769
230	951
249	964
101	800
381	854
191	959
788	949
191	730
282	323
466	669
600	898
503	965
602	944
602	715
813	898
799	963
744	798
293	862
447	777
540	739
581	777
120	153
438	957
961	998
809	900
368	898
349	390
662	850
156	978
868	955
885	895
408	970
320	857
326	379
424	914
350	736
639	839
883	970
60	637
560	960
197	871
799	976
260	927
86	811
232	865
259	968
466	803
42	970
457	983
74	693
701	791
39	820
328	694
592	740
597	855
91	229
924	984
51	830
352	758
333	516
571	573
796	920
229	809
597	976
757	928
643	863
674	930
893	974
34	984
650	987
254	758
377	828
946	985
743	922
127	653
321	933
379	874
678	941
225	407
824	995
502	715
18	602
479	997
416	648
13	938
742	818
286	538
599	998
122	844
411	718
731	925
772	926
805	874
59	761
909	931
480	525
509	997
605	934
61	541
930	990
608	939
561	598
700	942
161	664
837	947
821	939
284	1000
705	993
536	955
751	880
319	957
33	600
575	654
318	998
874	950
640	783
459	708
610	877
582	778
174	495
721	893
256	793
880	886
135	732
718	824
87	957
109	487
821	952
306	735
466	724
600	724
457	675
27	44
813	953
463	611
628	907
521	781
471	960
452	681
684	960
725	961
458	617
482	974
697	899
683	964
394	861
862	966
815	854
773	894
575	909
132	568
67	853
857	972
769	896
889	961
746	912
778	864
371	971
197	818
780	910
631	787
396	920
960	962
657	695
477	993
819	959
535	971
534	975
914	967
451	977
690	993
743	856
789	972
121	284
761	873
926	977
576	864
180	635
548	765
928	986
136	942
370	880
48	829
912	934
227	831
304	526
474	937
823	862
647	865
509	931
583	880
187	880
291	937
673	773
717	816
427	717
298	603
826	988
784	991
495	888
190	252
621	704
263	767
538	706
469	835
64	786
633	943
867	881
327	607
907	953
239	494
645	953
827	930
87	891
106	904
758	830
909	999
950	1000
721	948
614	822
688	771
723	994
79	663
487	488
552	846
59	950
771	890
193	913
628	841
55	979
760	997
663	835
748	879
781	827
679	779
271	725
477	564
807	964
378	787
545	964
457	851
267	956
520	907
561	908
552	859
193	926
876	956
447	779
61	972
878	965
267	848
822	841
459	789
371	905
500	561
609	962
755	787
801	903
947	957
484	967
606	664
24	982
211	808
519	924
560	962
458	914
141	978
153	803
461	919
553	922
732	924
88	859
759	798
970	981
753	983
118	472
871	975
865	901
452	991
391	981
625	919
377	817
817	860
627	965
300	570
847	968
379	634
453	583
577	878
819	906
361	994
529	578
639	975
854	863
380	455
201	749
569	879
756	971
830	920
541	817
631	976
287	937
736	992
777	801
675	753
946	987
622	863
863	989
902	917
847	981
525	930
566	702
805	984
208	765
337	650
483	933
543	984
617	933
722	986
824	997
939	984
386	1000
188	527
515	656
721	990
751	869
140	715
539	986
733	1000
681	810
395	712
656	753
895	998
191	653
946	1000
80	556
828	944
126	443
626	995
846	998
257	374
922	993
163	712
66	779
355	653
217	948
781	990
318	1000
786	839
887	891
656	995
207	903
642	831
587	895
311	960
603	839
214	798
797	890
362	898
292	839
595	611
727	767
811	909
547	836
354	670
478	965
808	840
395	967
76	167
829	899
471	962
746	901
820	850
226	377
195	798
850	958
547	957
676	842
285	920
321	385
216	857
150	732
306	979
72	812
521	904
396	909
778	974
542	963
690	861
40	981
296	678
653	915
842	851
465	864
212	455
555	794
668	671
439	848
618	850
348	989
411	520
636	867
455	563
680	910
759	974
845	977
762	979
660	968
835	969
360	410
857	987
606	853
28	876
831	971
41	815
430	627
177	181
643	920
426	922
715	759
775	810
761	875
488	982
507	995
928	988
625	987
432	821
418	923
210	479
366	467
583	990
605	749
830	867
439	982
29	818
406	539
34	933
593	631
485	805
17	471
872	985
696	988
825	873
420	824
907	942
571	993
846	932
629	934
782	947
243	898
721	937
325	708
784	993
770	829
673	896
196	944
707	894
256	958
22	791
531	934
586	604
527	963
12	719
485	939
302	966
276	950
238	429
936	996
633	958
512	897
765	848
621	840
445	614
450	958
670	961
746	956
336	563
225	732
660	889
439	661
40	915
898	946
292	907
326	491
873	889
419	453
460	491
878	967
170	917
266	625
341	920
710	723
877	900
660	902
577	867
563	969
664	792
455	618
634	849
745	865
330	623
151	880
241	810
764	851
735	793
680	857
528	988
605	683
858	863
256	300
38	572
384	980
714	855
241	931
282	932
497	857
764	972
309	806
791	809
6	768
138	924
133	351
432	876
465	824
513	572
437	991
41	991
537	929
592	865
677	680
830	922
71	870
374	642
489	629
742	809
912	991
532	706
740	884
127	657
729	991
858	876
61	303
71	762
398	891
585	983
571	819
443	755
976	989
162	247
291	886
707	949
289	961
545	658
484	648
828	946
626	997
566	717
255	532
730	825
716	890
353	838
260	381
31	558
894	933
913	946
575	887
709	887
60	441
146	252
15	964
660	702
73	905
417	715
656	997
744	844
329	602
22	859
78	202
195	787
681	946
786	962
178	554
813	836
904	954
843	944
554	841
755	831
287	497
182	969
303	441
470	618
635	951
478	967
450	905
174	970
475	669
688	962
125	556
672	954
539	546
477	863
783	906
227	688
265	980
240	398
938	965
344	455
165	978
641	678
357	919
305	500
425	565
512	978
639	790
45	51
303	575
430	616
905	909
91	167
729	912
10	996
51	997
495	745
183	924
365	635
683	981
576	855
207	234
391	809
14	822
113	801
624	751
178	930
921	974
576	976
636	990
562	812
815	992
956	968
768	917
620	753
465	879
265	525
504	578
490	643
849	990
314	417
714	802
543	691
226	984
469	476
331	1000
680	925
666	990
886	993
146	991
495	879
52	538
181	194
511	823
340	712
255	345
100	471
518	984
974	998
738	987
724	823
311	425
99	1000
569	949
29	941
263	879
205	874
105	936
213	240
522	995
85	957
79	654
179	363
244	721
772	877
629	828
288	535
196	946
834	937
311	667
567	593
168	847
506	842
855	996
533	716
304	893
26	619
843	878
438	829
718	883
314	793
864	937
201	364
841	953
123	673
918	944
353	906
917	948
226	542
639	711
470	902
468	829
437	496
390	909
73	973
769	942
545	968
149	968
639	832
229	439
299	912
473	799
748	775
660	662
739	955
30	458
116	683
424	799
630	904
533	971
748	896
421	501
546	910
766	913
609	966
516	738
783	853
667	907
562	625
350	971
266	977
407	687
388	445
123	928
646	969
659	679
722	964
190	874
9	799
699	980
745	867
440	985
951	972
935	964
252	705
472	974
458	810
313	392
315	990
620	808
391	985
949	983
486	993
181	357
717	862
180	923
900	983
14	890
793	857
872	921
242	754
710	859
429	580
687	875
310	888
640	763
700	814
708	934
749	935
694	999
969	975
587	644
517	814
321	939
300	816
594	768
511	999
258	590
626	757
612	822
964	981
18	608
362	418
675	878
432	891
550	883
80	668
200	999
594	889
594	660
511	891
230	878
276	765
670	884
675	999
380	593
237	773
490	953
927	991
603	830
930	996
230	770
698	875
371	480
395	837
362	660
600	946
751	886
772	945
191	899
110	974
707	964
512	725
283	902
286	907
767	951
307	966
274	789
642	956
774	846
507	731
644	736
360	977
602	776
789	831
101	982
155	959
293	923
52	982
613	726
838	844
683	970
884	960
102	695
341	977
85	462
646	795
613	618
444	809
370	631
549	862
378	980
161	228
823	842
350	918
479	803
437	806
905	911
311	401
247	911
467	914
756	788
849	979
85	583
439	852
865	960
903	986
465	989
840	903
212	580
666	750
500	983
912	927
823	855
592	922
932	990
402	532
714	804
136	827
48	943
165	296
736	822
128	414
367	696
64	658
944	973
591	818
589	745
566	761
557	941
703	995
37	942
441	766
694	946
754	997
955	987
196	935
27	897
187	886
302	836
291	943
511	946
557	833
579	592
716	826
298	838
647	992
168	728
388	997
305	999
277	900
318	938
404	941
860	992
934	941
730	882
205	997
403	487
496	715
821	1000
55	972
378	659
402	787
533	718
304	895
973	990
510	1000
491	721
702	941
843	880
287	662
848	995
493	538
78	259
200	959
682	962
423	967
293	857
121	787
88	610
690	907
841	847
753	963
197	516
725	901
347	955
92	436
653	732
212	272
924	966
159	611
579	968
752	896
218	925
859	958
556	957
745	856
743	783
151	871
789	899
486	861
348	927
203	509
268	409
823	897
418	619
550	738
780	971
52	232
623	987
72	884
323	466
328	810
708	802
713	917
518	907
377	702
294	933
844	848
742	800
66	288
33	111
733	980
544	815
254	982
290	410
312	694
377	823
489	741
701	920
508	754
728	757
263	923
640	644
698	851
529	813
793	859
430	807
858	988
932	937
916	929
849	939
346	813
599	764
934	983
48	890
571	931
772	921
309	931
791	934
255	402
702	862
490	942
608	934
682	883
520	821
464	926
629	993
524	711
922	986
707	832
242	998
256	667
457	657
503	773
148	316
855	932
280	472
194	957
598	781
615	950
656	988
697	760
193	732
210	901
53	200
605	942
209	713
767	940
464	939
818	942
670	778
964	996
600	948
774	835
429	837
473	843
552	907
271	894
665	784
908	956
994	996
603	845
551	655
704	897
556	770
822	889
60	337
786	966
118	507
183	902
375	843
309	489
369	799
542	727
169	630
81	746
554	966
581	840
686	856
534	728
570	910
148	692
616	797
426	902
371	966
305	383
40	866
617	618
400	620
625	967
64	405
110	521
641	682
577	926
401	441
637	977
329	861
852	902
67	861
336	985
102	818
234	974
337	806
529	747
823	965
652	854
902	965
21	987
103	760
406	532
1	483
474	932
620	986
694	935
174	411
974	989
399	758
430	862
559	747
328	999
708	991
187	996
803	999
517	642
104	998
814	865
547	750
203	711
879	994
161	714
529	881
615	884
359	406
677	981
517	763
911	919
930	932
874	1000
404	822
846	938
395	773
818	876
605	997
806	987
985	989
663	938
410	492
341	658
478	892
381	959
642	771
716	720
433	597
66	840
322	766
649	895
869	935
8	81
104	543
40	558
260	790
619	908
567	718
75	781
765	962
773	823
924	955
24	964
695	903
334	897
774	903
493	890
834	954
509	605
354	731
607	911
421	492
822	836
472	952
646	839
884	896
655	844
820	911
176	846
262	849
699	850
759	901
776	841
674	793
458	909
444	745
92	559
18	344
611	858
671	909
220	973
588	911
970	976
80	175
379	737
236	688
2	521
912	971
497	500
870	974
653	976
129	976
798	842
743	906
585	963
673	810
764	965
659	683
543	737
722	968
259	978
42	980
83	981
74	932
527	877
953	985
612	692
20	817
82	234
909	915
129	989
416	524
729	984
33	234
659	925
851	866
763	982
782	995
96	933
913	926
242	758
383	468
117	992
833	933
235	718
343	517
804	875
312	938
890	915
854	992
413	990
196	992
399	826
930	987
737	821
164	959
869	977
693	751
409	992
698	866
610	753
615	831
964	985
983	998
36	895
493	582
672	813
214	901
52	839
107	546
610	874
918	990
158	713
397	995
908	945
218	498
302	906
911	987
304	952
786	955
538	890
412	485
637	832
279	895
669	784
194	262
773	878
32	614
15	970
197	681
579	783
940	991
315	673
535	942
568	890
134	369
688	955
3	852
77	801
433	665
586	907
600	842
806	947
28	616
267	898
542	837
239	799
662	902
385	853
734	778
68	917
753	791
348	971
945	961
764	886
530	719
89	976
378	850
861	967
658	904
88	788
33	852
435	566
192	845
753	912
835	951
260	979
213	904
97	692
451	961
933	964
528	915
49	917
926	961
945	974
824	913
328	746
89	989
68	112
801	966
644	982
380	384
289	754
456	931
27	525
385	987
756	900
627	786
62	748
198	343
576	969
273	931
870	921
914	964
331	643
451	974
812	916
583	864
335	762
252	993
2	818
258	515
884	977
707	755
206	998
407	988
263	751
505	513
675	924
515	706
501	808
499	698
270	875
793	916
434	983
723	857
161	595
721	932
504	934
232	475
523	947
429	760
902	980
346	762
814	867
879	996
698	921
376	870
235	894
832	884
199	419
894	981
913	994
855	989
505	876
114	496
587	945
807	948
177	781
526	935
306	437
111	198
121	657
685	699
286	953
864	930
709	827
781	932
901	997
739	935
918	937
774	892
37	370
806	881
556	935
938	1000
327	617
588	887
68	851
207	966
114	738
683	895
213	717
848	999
74	787
248	674
836	844
155	897
494	851
122	454
484	843
162	792
308	846
454	671
674	903
546	903
54	966
664	895
461	795
53	741
584	902
570	967
905	957
234	789
487	969
280	905
113	499
137	856
940	951
577	862
678	914
301	964
516	852
595	916
856	957
364	983
534	906
745	860
798	952
275	682
514	964
808	916
305	561
766	919
604	857
870	976
796	798
243	585
434	796
866	978
580	621
511	750
764	967
227	991
722	970
400	690
231	881
592	860
597	975
144	175
176	393
338	980
379	981
319	701
594	640
747	919
406	589
444	881
571	922
328	935
708	927
749	928
109	110
515	761
928	930
523	881
509	983
448	707
506	648
580	634
566	699
681	686
879	930
524	702
142	408
147	715
133	817
620	935
284	986
159	991
200	763
621	756
115	655
395	938
92	937
529	938
802	804
504	881
839	871
751	987
61	540
167	707
415	543
712	995
473	484
860	930
101	841
698	868
584	702
751	879
709	882
695	718
748	810
598	785
596	941
804	890
375	484
806	936
910	993
123	613
885	936
287	721
144	672
79	957
198	908
258	959
505	836
646	775
940	993
389	890
193	978
857	958
898	996
424	847
652	711
253	965
46	901
44	333
477	858
650	786
903	966
347	785
424	968
47	981
565	678
919	947
685	780
358	385
454	847
794	952
173	339
68	811
632	853
842	848
138	732
336	976
588	968
835	845
356	810
405	968
735	843
4	395
532	743
699	920
726	794
196	565
817	912
803	977
877	963
641	686
434	622
659	969
571	856
768	912
336	989
124	581
294	992
454	981
209	625
844	907
236	987
731	966
510	738
763	918
648	702
471	746
522	977
71	812
921	982
525	753
833	869
483	985
139	946
400	987
307	759
212	936
331	887
353	646
710	920
569	944
190	359
723	859
492	697
208	938
684	867
441	880
909	985
416	823
696	877
682	942
434	877
816	942
217	879
602	690
700	996
279	710
834	932
94	893
314	896
267	821
38	998
272	936
46	593
132	367
431	434
45	893
719	837
820	889
591	837
943	996
676	881
487	716
579	948
716	953
499	955
535	649
53	380
512	894
498	730
358	427
850	889
24	847
274	958
788	950
180	542
107	966
817	833
748	999
95	848
403	964
320	966
630	899
776	953
951	954
748	891
935	946
274	971
222	515
653	738
262	853
243	574
63	909
720	913
486	746
343	963
665	977
134	789
356	636
958	970
595	918
669	867
180	676
157	921
281	987
229	797
330	849
270	569
729	854
884	913
488	913
763	852
78	749
430	679
564	908
757	808
220	869
281	290
398	875
819	905
511	752
277	585
20	929
6	765
680	975
611	875
36	644
435	878
300	690
379	983
467	867
503	524
909	919
270	932
209	693
47	365
594	763
846	984
648	999
326	985
526	750
490	827
756	983
816	997
934	989
161	773
238	239
427	892
105	878
196	996
526	871
719	771
952	979
85	899
385	602
846	997
758	884
885	925
136	312
366	774
572	879
498	664
536	956
644	718
392	948
482	841
67	599
848	935
452	669
223	846
639	761
391	430
841	895
660	820
211	728
882	896
904	951
329	720
769	992
989	995
176	892
792	895
674	839
250	548
379	433
370	613
12	905
769	884
177	972
829	898
88	900
165	854
588	957
225	905
155	846
945	965
461	623
708	729
119	334
817	901
275	618
440	914
206	747
151	811
752	957
933	968
418	788
289	637
454	970
182	511
583	855
766	976
731	955
184	328
516	801
865	955
323	635
736	804
636	866
548	753
534	855
842	971
694	807
465	984
900	912
481	699
723	727
516	922
199	986
534	976
307	519
284	801
413	686
564	855
569	933
674	986
42	221
847	914
673	990
332	697
782	933
50	984
583	989
233	876
589	740
902	971
2	943
626	807
636	1000
133	874
749	877
427	826
642	751
793	920
182	766
751	923
608	874
527	949
654	990
888	928
354	469
249	941
739	805
656	807
909	987
545	939
242	938
723	982
828	998
594	831
695	883
557	949
739	926
18	900
716	942
802	982
862	996
894	985
228	895
214	960
649	888
635	990
809	877
487	597
681	877
32	431
206	318
500	536
804	947
64	908
86	667
399	898
278	837
801	878
267	944
38	892
303	372
420	957
188	836
582	955
494	842
540	958
614	944
433	603
773	937
372	593
850	891
643	827
519	791
549	899
347	721
419	560
822	950
546	786
394	917
917	958
856	948
437	735
338	958
433	737
345	853
190	979
3	335
63	911
233	797
674	799
420	623
227	982
139	869
562	972
735	900
446	797
239	992
90	869
847	848
186	348
222	759
590	926
23	815
45	574
740	870
55	767
439	915
673	816
620	926
881	967
303	990
172	241
75	345
388	805
756	972
673	937
915	965
304	811
827	852
104	228
455	980
675	983
441	816
205	576
297	808
484	634
11	710
313	752
29	764
712	757
304	703
367	988
721	991
182	942
462	996
434	934
277	950
693	865
786	827
276	991
290	660
396	763
649	943
43	904
841	884
142	883
87	947
785	989
774	830
152	258
864	989
561	951
690	836
459	940
712	891
408	894
526	886
820	838
864	881
808	949
403	900
89	969
218	854
861	960
245	499
554	961
72	921
671	957
789	949
30	631
903	970
278	918
47	985
900	901
671	849
132	800
650	911
595	975
815	978
97	698
207	341
933	970
201	792
108	564
632	978
169	988
425	914
558	800
7	926
833	968
216	511
501	680
840	900
401	449
525	744
576	975
423	467
587	804
914	970
358	752
96	981
740	817
913	974
314	416
464	855
703	871
689	973
64	884
661	874
69	999
738	865
525	986
291	819
464	976
299	414
821	984
633	933
94	884
913	987
80	720
262	468
131	951
392	992
15	776
189	663
612	766
510	984
614	812
922	928
77	836
457	828
23	78
800	938
423	951
464	989
496	941
802	984
568	817
457	949
104	538
887	947
892	998
603	895
589	997
262	602
885	995
398	611
692	829
582	957
348	790
339	970
595	896
977	998
306	793
774	898
581	769
309	310
672	887
61	962
190	847
487	841
693	946
49	844
701	770
613	657
871	952
58	849
746	957
873	998
584	895
446	665
570	960
690	796
116	911
768	837
446	786
157	683
657	969
954	963
491	973
852	952
344	630
449	683
492	501
208	742
923	953
782	977
666	802
476	907
296	976
626	851
51	125
4	804
517	800
462	864
571	807
562	987
656	851
344	764
705	743
476	920
913	921
677	910
388	807
709	862
365	823
640	762
230	864
483	815
736	995
469	880
357	410
785	857
587	872
471	926
886	939
199	238
536	826
742	931
888	985
368	461
146	348
626	985
165	361
645	998
846	988
395	823
238	351
730	813
675	877
983	993
119	659
153	243
600	703
162	477
126	783
354	418
533	649
832	945
152	957
40	487
790	948
876	988
394	719
809	934
795	999
385	606
885	929
482	953
76	265
293	788
661	955
655	881
20	370
237	893
359	590
493	590
443	998
61	667
451	593
676	940
238	485
40	729
405	598
952	996
778	843
910	999
882	900
431	735
150	722
664	714
394	853
89	971
185	679
205	365
102	681
229	493
537	609
877	943
500	956
637	961
530	835
350	904
331	625
336	969
845	846
151	923
321	617
11	391
324	851
665	915
348	979
733	790
67	966
465	975
518	838
377	862
335	865
944	946
385	982
319	628
257	982
611	921
652	959
416	682
761	865
833	970
444	929
925	973
1	588
689	962
105	682
504	916
213	215
146	979
145	983
525	975
717	916
505	508
78	929
757	988
932	989
407	875
728	930
401	572
310	942
299	524
593	742
925	986
928	991
427	709
647	978
325	927
881	916
449	993
8	991
209	752
677	857
135	537
203	937
524	763
918	919
513	870
246	755
413	932
532	883
70	529
176	696
302	835
589	865
916	994
649	879
217	993
910	920
230	932
772	986
343	809
6	958
408	938
334	760
521	586
880	933
302	956
285	494
598	954
422	994
348	779
642	997
862	1000
17	945
977	987
961	979
507	543
593	997
156	959
753	949
246	889
829	944
168	969
171	715
765	959
195	843
401	948
473	787
192	774
683	782
218	911
80	977
795	959
209	310
577	965
651	951
16	440
711	965
389	951
31	977
172	916
213	954
28	908
680	834
110	452
297	315
315	857
623	973
498	978
372	610
303	739
657	742
431	924
30	580
398	747
733	737
367	616
9	908
854	963
625	911
163	557
43	411
276	619
578	920
237	627
270	575
872	909
44	986
481	987
756	963
107	288
150	924
337	750
20	814
870	984
362	514
367	858
400	806
587	632
628	633
638	863
261	876
80	535
453	817
186	702
681	910
552	759
712	748
612	810
142	632
343	393
614	856
941	985
215	881
834	859
416	871
691	810
267	748
709	864
800	982
120	994
235	944
450	869
106	830
785	859
804	872
386	884
117	171
298	1000
573	939
619	826
346	933
454	466
404	874
478	823
693	748
15	833
700	936
712	990
269	420
482	942
568	982
656	866
821	933
77	664
737	939
795	880
915	982
758	998
252	372
147	844
436	718
788	877
760	815
572	993
778	832
506	898
313	769
621	885
95	546
177	844
760	936
135	847
80	911
357	896
813	947
871	888
898	991
315	670
347	888
595	724
789	940
734	775
926	945
549	729
37	783
686	963
699	902
919	942
470	850
344	445
523	676
734	896
810	891
15	391
502	738
634	894
245	853
553	969
157	740
551	896
583	848
261	797
192	963
674	966
808	966
412	966
715	738
374	445
847	894
866	907
766	969
549	971
884	961
376	491
823	951
548	746
754	851
826	956
143	697
129	799
583	969
858	908
641	910
641	681
324	974
632	861
492	558
180	966
254	915
534	969
615	628
325	566
292	389
90	928
71	686
833	972
515	811
523	931
144	346
784	972
701	974
921	977
962	978
282	990
390	523
610	792
703	983
974	988
812	926
765	814
402	762
572	685
833	985
948	972
194	998
309	985
128	644
307	875
730	978
749	991
386	939
50	990
251	980
886	996
311	765
605	983
806	973
25	933
630	747
470	529
57	885
478	878
390	536
703	996
441	996
119	945
807	824
707	886
727	801
589	867
38	993
69	77
170	654
178	249
67	647
587	942
570	709
253	773
473	776
288	767
725	768
155	652
208	478
713	879
138	419
382	779
63	770
271	948
887	951
973	991
269	609
164	327
785	940
871	943
829	946
581	881
755	768
369	961
152	209
108	368
192	776
319	322
141	959
549	784
664	771
461	671
755	889
658	956
644	792
711	967
678	790
447	894
722	833
130	958
686	910
124	389
743	892
297	546
585	949
750	787
565	970
859	959
817	962
346	559
571	906
53	980
543	844
927	955
798	841
605	675
409	736
777	903
648	981
326	967
782	981
23	929
496	624
349	870
44	988
481	989
489	850
682	750
654	917
874	920
32	116
469	871
854	978
413	976
513	685
91	696
140	588
203	873
184	631
290	761
656	855
361	412
760	912
457	645
462	989
55	76
235	946
978	990
895	992
81	250
265	825
793	981
291	999
602	632
376	814
106	953
441	943
83	417
33	825
374	889
13	358
794	923
290	895
918	989
744	836
12	887
628	890
378	715
952	987
704	885
456	783
179	771
693	992
665	893
609	998
438	887
639	648
919	931
468	995
877	934
940	990
766	837
84	251
31	913
750	829
653	896
473	965
169	968
926	947
122	398
89	975
562	670
460	888
798	883
762	960
51	868
830	835
333	554
114	924
19	98
122	748
98	162
375	965
750	842
736	907
305	842
140	280
907	910
530	960
566	617
805	899
65	106
763	902
479	914
699	917
518	842
5	994
622	899
522	961
576	968
59	678
620	974
974	977
127	812
724	802
223	520
118	992
154	686
849	982
90	930
117	804
700	859
194	758
617	861
386	928
721	918
17	802
316	869
723	735
387	520
464	969
409	804
106	995
832	870
603	754
723	856
29	933
772	977
8	995
297	869
811	824
621	700
244	713
739	921
436	883
18	895
499	939
149	826
148	601
850	873
492	936
772	990
376	990
188	939
21	533
482	891
783	819
788	934
889	986
177	780
199	539
760	872
809	993
437	596
690	776
343	934
412	539
274	834
158	659
636	661
378	662
314	906
778	781
514	937
440	722
637	778
972	997
755	999
34	485
181	912
616	840
762	894
882	959
472	832
26	974
461	673
488	776
144	737
708	779
42	955
875	956
372	601
859	948
666	782
690	910
701	776
35	915
219	507
766	905
56	974
826	892
363	902
745	967
344	394
65	979
476	550
580	607
733	849
42	968
515	626
729	851
296	969
370	918
912	972
128	338
485	841
740	865
148	990
927	957
729	972
770	973
847	964
585	964
444	988
805	967
538	852
879	916
629	741
837	919
422	677
515	868
620	921
489	852
57	700
101	706
694	991
807	868
215	993
383	806
187	931
911	962
52	706
313	747
786	930
901	917
712	752
175	813
804	984
381	652
790	820
600	696
204	696
316	937
795	871
220	411
640	768
693	860
832	938
918	978
730	927
554	930
633	994
581	804
75	932
517	819
121	819
737	822
778	823
373	774
450	994
431	715
357	537
683	707
378	825
479	648
135	609
382	715
98	956
184	996
313	881
156	897
940	979
337	420
908	946
149	894
171	653
245	602
97	438
503	897
542	825
561	838
110	148
225	889
767	943
365	374
364	674
83	432
248	728
456	906
165	730
822	1000
753	900
16	607
527	557
260	967
493	946
512	959
745	901
430	597
473	967
509	661
37	787
548	737
147	393
877	949
775	901
678	968
375	967
120	677
249	562
254	906
336	975
113	674
729	906
833	963
766	973
645	683
249	683
189	403
39	873
736	801
550	796
858	912
963	965
154	567
541	976
461	983
202	463
91	632
531	904
132	929
849	984
322	501
219	817
98	527
629	917
510	737
763	917
312	981
446	981
499	807
96	868
886	987
797	915
373	587
837	987
716	926
834	918
112	933
695	759
626	925
197	482
950	985
526	923
908	988
705	925
204	643
685	687
574	590
579	705
904	990
45	771
655	929
397	930
834	931
894	982
603	998
198	949
795	939
720	765
477	778
931	985
769	923
149	949
658	826
630	764
65	955
695	893
82	895
560	934
43	149
292	890
144	726
254	369
438	944
452	842
479	716
74	896
795	952
660	993
232	960
120	490
956	991
713	775
551	713
468	944
66	375
453	555
733	838
34	608
736	843
446	781
64	450
60	974
151	863
178	966
678	794
175	668
667	901
56	976
803	910
393	783
250	963
425	964
580	609
227	979
428	969
717	843
240	918
694	859
23	691
367	501
740	746
619	685
784	789
622	727
522	789
893	961
313	386
392	679
115	401
273	987
870	977
56	989
890	892
675	738
316	805
94	692
421	858
278	284
407	923
476	794
907	980
122	939
221	918
782	985
358	923
397	851
481	993
159	979
200	980
770	867
47	472
608	805
874	924
115	872
318	743
373	642
772	913
1	770
494	639
633	983
58	523
927	972
383	808
462	872
214	770
285	421
386	998
702	975
619	940
705	980
765	994
195	649
663	754
695	935
332	883
343	749
615	942
7	305
633	996
806	924
892	927
135	719
971	991
253	711
762	817
10	724
49	652
610	985
389	986
904	937
315	542
296	300
623	658
163	939
801	930
567	763
264	725
484	994
864	986
349	540
387	832
266	771
868	876
741	771
223	845
933	941
363	825
129	658
253	953
327	902
431	959
926	938
67	719
502	610
309	481
581	940
875	892
138	599
162	956
410	792
181	969
468	999
280	948
544	728
502	731
218	972
428	553
391	900
784	831
118	741
109	958
324	846
117	782
544	849
861	970
160	859
335	860
569	798
16	851
398	916
678	970
111	859
74	977
490	626
710	895
729	908
770	909
9	30
626	672
612	737
345	918
647	960
289	986
127	924
27	986
583	975
858	914
803	978
145	749
310	816
860	960
497	908
879	973
1	704
224	978
936	955
50	862
16	985
346	860
673	989
327	352
184	569
428	929
246	629
760	850
292	516
214	825
239	360
802	968
513	865
705	806
302	830
300	986
874	992
390	879
887	931
329	411
867	989
705	927
718	866
451	522
253	766
387	995
84	994
85	135
422	989
26	723
769	804
862	995
512	882
102	718
446	528
780	818
725	882
871	936
408	946
136	487
351	412
664	872
232	720
168	964
410	726
262	599
341	892
261	374
835	875
530	764
419	667
367	477
354	952
271	954
486	842
68	854
752	998
477	793
567	952
823	878
54	138
873	995
845	896
374	493
668	711
866	955
632	788
241	903
208	726
898	944
15	560
722	947
634	834
37	615
620	670
518	888
638	724
266	852
277	681
10	337
4	559
386	624
812	961
449	909
784	899
233	796
599	853
198	509
59	616
435	866
402	689
25	739
393	906
219	982
687	858
548	928
601	791
707	921
449	922
886	923
247	973
517	797
930	966
517	568
131	990
184	624
901	908
268	995
818	910
923	963
441	923
150	222
188	514
298	874
707	813
858	982
622	971
897	910
855	913
299	695
459	684
356	1000
417	687
306	361
589	915
809	918
41	63
700	931
397	866
176	638
336	590
864	975
897	923
580	987
277	949
581	808
952	980
451	698
709	993
795	996
201	294
338	528
183	654
632	709
744	950
785	988
903	943
328	483
507	714
880	996
663	998
449	480
795	888
137	659
431	840
665	778
769	872
245	606
859	994
933	943
93	737
41	547
285	907
882	897
646	886
164	617
136	555
623	902
120	547
498	907
317	832
606	706
281	909
181	971
845	951
13	835
514	888
27	504
555	889
734	891
49	788
398	905
546	840
21	955
272	537
898	999
488	835
326	773
240	504
553	964
713	953
768	889
248	853
237	435
305	606
164	630
562	905
70	968
736	792
37	791
202	333
340	563
668	779
819	948
796	964
870	913
349	918
531	666
569	921
770	911
412	974
406	634
258	507
147	639
257	282
675	795
389	438
465	985
647	962
20	46
608	970
453	867
406	755
860	962
395	862
777	964
573	868
325	803
812	921
130	564
677	962
811	925
30	885
131	937
387	634
791	983
862	863
848	965
485	913
210	708
232	467
619	876
452	470
443	916
624	991
457	585
792	804
506	935
464	975
698	913
656	916
193	889
31	598
223	768
658	696
897	978
415	938
167	873
574	702
357	704
290	714
469	945
513	988
246	873
251	988
807	940
366	938
438	814
691	994
584	868
45	65
143	371
828	999
794	863
598	951
463	992
348	776
438	935
181	784
396	709
382	774
542	763
456	723
795	943
662	828
887	946
81	782
931	989
310	376
755	992
466	889
655	825
850	1000
984	1000
549	779
655	946
680	710
726	826
220	954
514	943
481	729
156	969
252	906
808	895
835	998
62	782
358	780
248	908
745	960
46	959
555	836
847	944
439	890
35	800
939	947
757	906
349	852
95	972
236	911
414	954
726	960
402	570
489	724
425	968
923	952
41	978
605	791
833	914
296	975
698	955
51	353
268	876
340	752
436	689
469	637
108	860
70	339
283	861
130	390
66	863
828	920
869	958
492	971
681	907
334	799
702	966
366	751
572	856
572	627
360	936
38	922
272	860
161	992
290	877
340	994
436	702
202	535
730	920
573	936
628	643
581	797
760	799
517	812
102	533
489	979
508	992
663	866
492	984
79	586
587	992
807	995
792	872
682	1000
864	977
781	979
588	813
896	929
170	825
579	993
813	931
940	972
334	933
834	990
556	982
809	933
486	657
259	880
199	600
92	474
93	847
439	703
563	998
475	885
609	885
292	949
75	951
553	953
859	996
93	968
256	437
588	947
646	888
458	837
497	536
884	945
39	853
264	971
754	835
757	840
421	891
803	956
500	955
627	996
169	855
838	950
208	783
103	501
750	837
172	860
777	940
221	493
307	496
633	666
891	961
729	899
803	848
71	670
164	861
525	840
134	726
342	904
138	845
537	850
108	673
803	969
641	907
57	627
136	920
296	909
166	799
307	738
372	904
213	322
710	899
351	966
846	908
105	910
572	790
663	679
525	974
814	848
84	743
413	918
311	870
654	980
10	649
270	990
171	459
591	816
663	921
943	975
841	927
4	992
48	244
163	756
92	287
938	981
468	803
327	827
179	700
809	867
239	714
392	993
304	880
211	652
612	996
720	758
582	824
688	991
166	357
565	591
162	881
603	883
542	873
184	936
373	835
500	876
968	981
679	878
384	701
315	601
227	717
466	999
581	986
755	873
218	897
685	814
451	647
938	994
745	828
430	524
676	994
426	819
255	937
766	887
403	835
530	876
628	953
586	956
424	894
281	845
783	948
898	935
320	958
72	856
460	938
768	825
840	930
281	966
616	956
454	894
373	969
495	666
865	879
810	943
56	969
873	999
105	602
592	720
481	623
458	905
444	970
733	844
777	887
923	941
157	913
881	944
427	508
652	892
872	895
756	949
139	980
235	459
237	505
949	970
527	981
332	742
84	677
423	860
712	734
805	962
502	924
156	287
100	621
482	686
143	991
430	792
242	741
154	628
219	986
599	978
406	812
203	749
688	912
485	849
204	341
383	572
911	957
723	906
221	924
380	917
721	981
361	409
283	755
897	914
102	414
415	645
855	917
404	981
115	878
959	974
515	997
771	923
298	999
378	470
245	584
691	930
811	995
317	460
484	637
828	935
528	643
693	747
887	990
785	979
804	992
95	532
7	419
807	997
3	943
603	938
616	648
781	981
609	874
194	366
834	992
704	882
671	705
79	830
676	820
863	875
882	888
852	982
250	419
788	997
347	995
153	486
466	946
259	882
611	775
561	954
206	497
458	947
618	936
838	939
571	595
796	942
815	955
856	993
671	947
93	970
146	833
109	951
212	554
798	880
729	780
393	831
641	667
720	960
668	770
544	734
218	978
97	917
465	855
416	670
891	963
489	660
566	614
906	948
92	960
928	966
30	984
701	960
830	845
508	794
860	953
636	979
358	971
196	909
77	692
94	632
489	902
594	689
907	920
327	345
445	566
818	848
362	568
301	558
22	877
58	571
784	971
800	915
538	915
612	864
216	864
610	791
381	931
147	764
455	917
384	448
620	984
513	858
251	858
793	912
619	988
237	694
913	977
121	748
827	910
772	974
568	915
91	990
573	993
765	934
167	985
267	694
382	644
234	517
382	415
767	980
920	993
596	869
540	937
15	69
397	925
125	466
112	941
143	254
258	995
547	869
899	991
133	1000
475	700
326	577
584	872
892	988
262	821
570	708
850	991
841	942
127	138
445	942
68	955
530	757
838	873
843	988
158	885
567	824
474	596
773	929
195	952
396	942
726	817
542	996
297	411
247	819
588	883
896	999
794	988
352	606
140	198
398	722
972	994
342	598
727	934
782	833
685	937
748	993
440	840
844	930
63	890
214	268
865	989
263	426
326	711
42	952
9	775
83	724
513	537
564	768
490	553
641	722
323	561
469	615
231	972
680	835
265	327
481	854
863	956
608	666
539	832
948	1000
648	967
923	943
64	687
839	949
872	897
624	795
723	774
272	609
557	970
189	574
631	956
395	679
114	171
168	636
527	983
164	931
318	846
299	567
684	903
629	967
941	973
435	872
462	975
341	685
640	981
59	972
205	797
17	746
383	803
286	870
728	986
800	862
901	914
505	685
436	814
582	868
615	816
573	819
360	940
883	981
107	531
676	917
855	919
915	970
450	870
744	822
255	631
306	596
471	929
672	919
295	932
556	973
811	997
396	755
186	945
456	769
19	539
321	352
216	824
466	935
366	997
22	958
584	927
382	712
363	470
220	650
822	984
238	704
665	771
563	989
659	697
193	961
535	927
474	651
295	945
878	1000
910	989
868	992
57	484
347	997
28	722
905	995
690	841
247	766
321	715
219	667
472	884
747	823
511	546
617	713
870	893
264	854
565	782
13	720
925	950
259	897
312	723
446	952
735	826
481	909
62	962
544	736
516	903
502	739
689	831
265	503
509	900
888	896
907	909
368	372
5	54
791	963
147	632
782	914
675	788
50	965
320	560
688	727
523	919
784	960
388	731
541	973
527	809
544	978
387	506
87	739
312	857
35	54
224	973
735	960
394	630
394	401
335	989
696	968
591	686
360	753
709	907
253	627
492	909
309	973
483	860
832	977
142	567
697	789
802	842
503	923
751	796
561	635
506	699
621	686
781	904
786	982
371	740
483	981
538	917
224	986
243	999
182	989
779	979
709	920
519	759
357	697
472	684
353	992
389	686
790	993
17	814
347	689
545	933
705	922
820	872
880	923
732	759
551	684
781	917
225	699
159	345
71	232
661	1000
166	240
570	818
258	997
774	998
889	985
493	985
526	933
672	987
419	541
892	990
630	990
767	995
968	985
720	883
257	893
766	770
582	949
697	936
273	837
42	941
281	957
938	998
836	950
550	593
412	659
62	775
956	988
529	655
768	937
9	885
224	544
418	595
747	999
717	827
342	721
650	837
340	611
479	955
680	945
127	503
555	950
641	953
338	952
893	945
84	547
230	601
273	971
288	313
196	724
476	778
121	550
800	838
939	953
680	958
715	915
489	838
76	928
673	918
684	784
510	668
422	784
293	633
554	674
687	974
599	861
593	787
193	816
807	975
278	402
360	700
239	410
934	972
557	985
97	1000
568	851
642	800
614	967
302	880
952	962
869	964
910	965
103	936
230	977
115	761
505	687
293	996
296	513
790	819
339	883
223	937
433	518
283	988
355	864
415	878
635	918
404	985
417	924
899	927
959	978
324	467
711	876
554	929
158	700
3	826
355	985
762	814
473	711
63	813
445	878
734	752
720	817
202	891
141	652
843	924
903	938
526	988
139	313
875	876
551	752
401	993
27	486
533	883
385	719
197	897
491	886
268	548
562	766
597	989
831	927
456	784
560	878
868	994
627	639
217	475
26	907
414	760
741	889
727	991
281	904
456	905
817	884
462	656
835	938
577	902
544	725
48	558
736	895
810	881
815	959
768	884
831	940
657	787
211	966
775	779
76	741
678	846
166	900
326	889
629	661
743	948
605	718
844	1000
481	911
154	553
902	941
761	965
728	788
717	895
274	325
495	967
35	982
103	628
226	964
205	841
628	678
301	320
867	960
490	973
691	734
318	903
337	916
626	790
612	855
464	728
791	857
510	844
174	629
955	965
96	975
330	913
705	790
913	968
448	868
520	744
382	514
676	732
814	962
612	976
320	575
297	857
85	937
767	971
841	920
174	871
480	914
576	622
894	968
685	794
319	996
957	987
308	578
855	976
612	989
813	979
771	982
931	971
950	984
442	514
788	922
727	912
231	479
883	930
616	815
500	640
753	820
519	653
794	858
288	986
799	936
651	809
45	999
34	352
452	828
646	815
99	188
475	704
829	936
488	643
125	591
861	888
157	772
905	931
46	941
588	995
660	871
866	939
604	710
540	954
708	767
73	256
245	777
919	987
546	890
11	317
692	944
805	821
650	947
359	1000
350	951
231	734
531	703
696	770
49	959
352	731
824	955
939	942
606	998
592	834
132	849
830	891
902	996
935	944
714	945
645	845
483	783
73	619
56	975
83	849
587	611
14	978
50	672
36	737
826	893
867	894
638	842
949	963
434	783
122	925
772	778
254	852
740	974
900	963
242	963
724	966
300	904
379	968
575	614
217	906
420	740
189	807
356	984
192	324
309	909
221	796
793	958
10	468
44	52
386	984
210	758
190	520
124	166
816	982
175	922
739	964
290	872
596	915
134	332
36	992
793	971
834	972
366	638
572	743
322	797
649	926
272	976
129	402
406	939
29	989
170	699
266	407
87	930
725	921
381	882
384	628
408	985
581	913
322	918
126	777
739	977
99	122
73	887
279	992
130	869
111	590
658	988
429	936
50	351
31	72
795	993
528	649
734	983
271	993
560	867
90	423
785	985
153	708
903	940
801	929
553	827
947	983
836	886
8	246
458	940
491	888
752	929
76	380
576	932
829	883
378	947
768	873
671	940
476	701
151	904
935	986
692	999
632	719
636	838
529	712
741	891
861	956
754	830
858	887
13	832
13	603
57	380
222	676
282	727
116	960
275	953
330	660
583	840
25	778
674	958
715	730
935	999
134	950
356	797
268	684
568	653
465	969
798	886
159	899
701	953
830	838
761	967
684	720
675	900
754	964
237	445
825	844
508	908
571	964
552	685
590	977
772	954
8	972
319	864
800	908
684	962
758	911
395	859
18	872
207	808
298	926
821	967
77	698
163	738
536	983
186	870
332	695
338	446
436	752
749	983
397	797
297	859
746	914
586	696
405	621
267	687
215	231
579	922
753	809
744	989
496	924
141	696
383	983
512	868
364	704
894	970
295	870
382	758
376	980
744	881
931	973
31	945
480	808
53	475
672	978
102	596
809	983
373	830
145	414
324	645
403	938
815	882
644	1000
662	825
352	599
560	814
651	932
155	994
577	717
463	881
213	935
722	812
727	927
801	876
606	637
157	545
530	992
664	992
497	586
722	933
372	820
584	999
105	476
363	1000
652	874
671	887
745	836
618	997
733	947
819	987
838	1000
972	1000
222	502
328	898
548	901
745	957
187	666
789	1000
388	656
426	948
949	952
467	720
847	941
948	993
731	995
515	616
699	962
69	795
757	903
830	893
805	836
543	836
111	913
235	454
417	431
293	624
592	957
380	549
77	511
467	962
728	966
709	724
38	556
425	965
698	831
758	845
837	909
531	839
443	726
117	970
934	963
717	965
656	955
432	981
457	745
589	901
448	925
712	971
249	981
579	856
6	994
771	797
661	925
834	853
724	981
894	904
355	855
429	804
682	984
792	856
266	517
216	925
158	691
719	987
424	810
971	979
124	289
602	853
160	471
46	635
280	573
354	522
385	589
362	871
58	874
521	635
582	995
86	828
499	997
628	882
438	987
875	988
157	708
355	989
470	939
537	700
690	942
762	818
607	944
500	818
868	985
799	885
581	928
669	775
741	880
796	816
185	662
878	885
284	412
539	638
81	726
731	808
452	898
147	262
764	877
461	839
53	785
722	880
988	999
518	821
399	604
738	824
261	899
784	940
641	662
775	891
921	945
631	883
194	845
92	834
317	952
408	545
270	840
671	955
798	996
674	960
159	780
415	440
2	796
442	839
312	958
133	498
647	719
624	735
921	958
98	625
184	665
557	910
82	388
211	273
689	837
876	892
124	799
592	904
289	866
495	971
423	802
739	779
730	959
804	908
890	948
331	984
649	741
594	805
365	982
943	959
392	856
271	566
598	695
59	912
491	569
422	735
72	585
311	867
779	972
8	866
223	754
396	682
556	671
73	931
670	921
176	800
825	980
470	752
189	998
211	757
1	947
87	987
725	978
744	991
563	916
496	926
482	991
2	125
380	980
191	815
457	934
718	975
47	541
459	980
206	534
285	827
868	919
720	755
494	937
972	976
194	416
787	930
732	765
649	996
132	706
435	478
505	988
780	927
903	997
185	717
762	994
627	806
692	935
497	696
576	989
125	824
965	986
555	822
761	890
780	940
764	932
741	948
815	897
842	1000
624	777
16	894
236	668
865	876
483	545
37	953
331	905
358	779
509	948
173	733
604	956
731	997
879	895
942	951
565	964
633	839
330	838
58	379
798	943
756	946
219	970
57	679
645	849
73	623
854	959
129	969
911	941
333	964
828	906
599	854
263	905
596	785
54	502
269	390
620	913
413	849
941	968
578	916
311	801
28	220
420	973
332	631
115	862
337	975
717	967
529	916
12	626
265	806
317	444
167	914
437	509
492	970
547	677
225	626
885	901
191	978
702	965
922	968
559	916
941	981
58	634
545	981
765	984
478	927
746	863
429	927
970	985
165	588
827	973
32	473
183	871
403	645
482	938
70	701
727	971
553	818
498	882
658	871
470	820
451	578
864	976
93	833
127	417
101	953
393	573
940	971
183	763
582	997
174	943
480	986
829	874
774	938
889	925
873	917
792	992
418	751
113	640
550	641
882	885
954	990
604	877
683	941
447	930
796	818
130	994
815	831
405	933
578	595
123	954
981	985
81	957
636	950
669	898
308	892
440	782
44	782
211	959
443	528
49	897
486	898
250	887
849	950
750	944
287	954
414	766
413	541
710	993
278	316
407	726
458	957
179	310
117	664
273	911
152	850
601	713
231	914
495	960
710	885
32	970
140	732
668	888
203	788
327	329
645	904
323	853
123	270
312	960
601	834
331	973
97	806
928	963
3	619
397	775
388	955
911	996
145	968
322	372
203	680
128	506
573	856
297	958
913	961
27	868
591	910
932	974
591	681
434	963
236	978
612	969
772	958
791	971
642	848
480	786
325	912
559	850
223	635
682	920
286	920
723	958
506	694
10	756
263	973
665	687
381	928
257	404
35	291
727	784
171	566
533	689
436	756
16	170
172	646
268	354
228	992
498	587
11	994
448	995
692	803
904	982
163	984
745	814
574	703
216	995
753	934
613	631
623	824
475	697
810	916
48	364
755	980
774	993
889	980
31	131
577	829
40	890
329	764
623	945
428	477
961	977
322	990
280	993
877	983
118	665
835	986
972	991
650	940
810	929
576	762
729	940
384	942
604	945
750	999
361	958
215	611
435	843
383	424
953	954
185	853
35	91
485	822
591	723
300	776
318	830
782	964
279	609
143	977
721	954
900	956
416	843
8	789
944	999
536	908
407	794
756	948
800	954
163	555
333	966
668	956
90	979
131	980
594	741
580	843
29	969
160	220
48	982
607	680
615	800
284	966
941	970
319	923
336	338
781	954
827	841
152	931
790	922
655	734
691	916
575	970
19	752
272	969
828	921
901	911
598	873
461	575
792	860
616	863
477	704
414	621
691	929
47	827
410	650
332	996
514	973
822	860
137	757
173	414
21	811
274	991
463	927
408	991
788	983
88	986
11	244
362	996
558	642
747	807
7	768
678	707
669	887
152	368
298	422
284	524
836	1000
321	820
137	999
863	874
173	427
549	943
306	956
736	769
870	998
264	959
498	897
432	543
146	940
743	930
335	610
641	882
324	717
659	936
777	928
188	304
317	943
854	882
914	933
518	704
757	949
421	1000
206	846
555	1000
627	876
150	951
604	892
750	946
548	960
666	952
383	600
283	662
761	960
518	946
536	963
195	441
28	35
828	842
365	852
487	549
217	725
19	215
175	957
786	845
925	960
749	963
601	836
802	826
449	967
476	841
43	922
607	735
860	952
920	966
276	901
510	839
684	726
716	907
790	856
119	688
688	845
96	970
429	850
231	340
112	914
693	896
832	974
238	501
353	976
389	670
705	906
162	627
809	963
169	522
494	807
661	984
397	911
297	973
655	681
364	697
369	812
630	853
10	879
233	399
491	923
744	874
241	748
623	813
12	925
353	989
530	622
688	979
829	918
3	876
567	689
168	943
644	872
448	997
371	979
968	969
82	876
21	866
697	920
12	817
474	582
424	990
245	530
745	816
17	114
473	882
216	997
813	987
183	820
852	915
871	928
535	979
442	522
502	536
452	944
975	985
704	936
368	987
454	990
798	800
748	979
775	816
706	982
255	817
477	893
236	538
409	466
584	992
391	826
743	756
104	769
472	936
66	248
544	775
870	945
340	716
111	893
564	875
160	785
393	993
613	996
585	934
664	998
20	896
249	490
144	962
587	714
812	832
43	735
819	993
953	956
927	940
949	958
888	948
805	950
698	824
543	950
4	901
100	609
174	329
210	740
56	273
654	902
