385	448
717	958
832	908
918	948
413	961
661	797
251	899
707	913
127	863
682	856
709	959
323	923
376	786
582	854
205	904
210	982
649	800
542	674
318	966
533	854
915	956
230	853
150	335
876	964
298	987
895	977
499	977
573	926
210	874
283	864
192	682
469	990
288	915
628	983
746	975
75	807
66	987
360	939
225	980
940	962
651	859
604	747
227	531
834	980
746	867
372	626
484	867
792	983
298	411
878	986
616	986
690	935
850	924
280	808
505	926
288	928
810	973
84	115
667	924
14	544
373	891
343	985
766	822
852	862
277	365
199	711
768	868
405	816
713	932
652	922
160	719
509	873
5	845
402	481
544	830
585	868
444	663
227	894
824	884
361	894
268	666
455	758
207	427
551	991
565	889
537	827
432	545
638	879
523	663
453	833
527	782
558	886
236	835
636	954
106	496
83	778
614	643
344	782
559	707
872	938
252	964
379	776
439	827
824	897
139	794
529	949
515	556
413	774
430	714
330	776
710	997
236	848
180	953
235	623
6	800
515	906
138	956
721	782
110	628
531	887
705	774
462	787
219	800
291	905
510	949
610	658
760	831
256	803
605	957
839	895
603	618
102	336
575	785
635	836
184	671
63	610
510	841
436	626
790	858
64	754
339	922
559	962
578	975
434	967
575	677
709	906
387	855
392	970
395	975
133	975
730	965
807	919
705	908
186	986
387	976
739	906
276	916
491	804
425	450
549	745
664	732
792	917
899	979
11	288
293	940
494	930
394	992
241	521
70	868
39	535
639	796
861	872
625	632
649	989
220	812
362	932
458	869
926	974
857	874
862	989
47	776
685	804
330	576
454	871
156	948
271	935
398	710
329	876
433	933
312	643
787	936
143	605
358	530
437	823
368	989
671	990
46	938
528	941
335	546
555	815
766	998
403	946
585	694
361	949
428	710
741	941
42	940
451	879
960	985
321	998
443	466
789	874
819	982
750	882
409	589
279	479
284	823
69	669
831	992
798	815
13	774
541	893
272	705
948	988
425	718
125	951
510	762
386	955
23	903
675	829
942	944
740	958
902	993
874	894
492	600
175	893
953	958
147	565
372	949
105	605
163	546
682	845
869	937
695	784
681	886
103	909
714	834
712	724
543	952
648	968
749	791
661	907
26	396
721	958
196	844
232	501
435	860
85	976
300	901
709	840
148	278
222	981
441	796
40	452
694	976
834	956
719	740
853	969
649	910
809	899
291	973
695	797
5	350
786	915
230	734
161	863
338	496
885	894
804	969
788	961
779	912
676	905
21	681
133	922
771	913
279	976
315	633
438	969
314	933
762	800
285	875
371	915
786	928
366	985
100	987
857	929
394	939
810	854
58	990
130	866
37	638
195	995
102	767
465	590
368	923
574	991
808	929
660	802
665	880
7	880
585	628
466	936
636	822
667	926
31	190
583	932
643	983
266	767
343	987
940	977
458	937
525	698
942	986
854	873
840	975
399	478
578	709
569	889
674	942
641	765
431	955
995	997
539	754
458	829
766	945
328	948
488	937
851	989
620	827
858	884
310	786
4	716
619	723
729	891
159	775
66	547
200	776
761	843
76	740
626	884
409	657
925	951
73	671
95	201
927	997
858	897
481	910
219	910
318	889
681	712
557	905
211	268
422	717
386	794
389	540
876	887
289	861
619	736
624	851
116	381
162	497
24	792
506	795
445	556
818	838
348	623
353	967
661	854
737	849
797	900
883	903
468	661
794	831
904	962
403	451
399	975
172	518
779	967
484	790
489	905
561	744
478	975
63	733
533	682
579	798
887	914
202	811
91	980
94	985
892	965
47	644
322	620
505	970
665	693
381	934
482	986
609	798
755	852
460	675
181	994
33	867
778	984
676	973
41	462
855	975
299	757
426	798
174	991
241	752
408	929
790	994
931	970
287	868
573	996
177	996
759	863
396	811
690	992
196	457
51	776
128	996
525	632
692	809
623	938
898	914
521	927
466	991
6	481
820	994
312	524
652	858
979	987
500	989
302	479
393	863
250	585
764	806
750	871
576	755
273	717
245	884
350	937
914	979
528	943
247	930
228	422
849	998
11	424
618	873
967	990
750	763
226	992
188	471
749	767
960	987
872	874
321	1000
715	890
747	879
450	592
474	949
386	836
212	720
803	895
536	551
761	898
654	772
474	841
421	951
462	952
696	890
608	777
516	959
202	503
408	608
647	890
366	611
378	436
770	960
489	947
140	564
420	847
189	914
684	893
395	790
183	382
40	562
587	960
513	782
325	731
677	890
797	955
2	980
800	960
566	793
557	973
340	975
353	914
614	955
788	842
256	981
121	793
61	513
286	860
649	683
695	799
822	840
436	804
417	562
485	962
619	925
512	799
820	915
484	966
267	968
682	981
621	971
165	691
404	973
82	922
734	848
445	745
161	986
357	632
16	339
334	914
771	915
86	812
75	919
873	899
591	984
198	989
294	697
929	979
822	853
250	627
379	512
153	694
86	704
843	912
796	800
80	889
542	920
662	756
882	988
679	925
173	299
959	979
692	864
141	990
351	571
375	928
158	930
875	985
204	817
188	284
262	987
625	810
47	833
415	1000
509	864
748	917
863	867
172	949
144	887
741	877
474	762
653	993
756	862
847	980
692	877
733	878
260	954
301	992
411	598
650	880
125	995
359	933
741	998
262	1000
633	647
509	877
817	993
734	995
305	818
296	998
62	831
766	947
636	837
689	929
768	993
481	670
819	931
681	701
516	893
645	778
20	955
243	963
661	722
430	826
113	890
32	965
198	439
411	961
230	657
175	721
309	950
133	724
78	788
9	954
44	911
147	743
193	859
895	902
853	905
550	904
728	910
323	861
596	956
749	969
50	968
661	856
788	897
265	627
153	157
177	514
746	900
448	977
737	851
556	776
828	969
294	510
700	969
304	969
244	689
285	461
758	910
119	923
205	963
31	810
380	735
168	815
424	741
387	859
459	964
693	902
596	969
95	687
274	918
637	741
582	805
174	751
86	867
741	798
22	882
400	505
892	967
565	572
547	969
621	918
676	854
748	959
271	805
744	988
563	684
843	967
48	467
265	990
919	962
33	869
156	939
66	228
618	970
477	994
16	407
852	908
549	870
48	588
609	921
386	583
553	760
732	991
243	534
148	940
253	993
528	703
390	998
333	464
775	809
439	860
150	757
114	834
198	239
58	939
323	419
689	742
190	829
146	988
762	991
896	991
407	763
660	980
250	816
217	639
664	870
185	835
460	811
768	927
606	865
358	763
831	983
416	704
564	639
849	1000
164	897
525	876
179	239
525	647
819	865
805	930
576	878
884	994
925	995
226	994
259	942
229	999
363	999
578	887
812	825
872	876
632	894
761	779
296	945
34	945
684	761
524	543
185	848
652	994
812	946
756	822
379	835
612	777
502	905
579	600
763	946
656	820
279	833
83	958
124	959
661	898
108	722
605	774
468	476
365	792
277	908
253	322
594	615
373	616
800	949
918	941
482	788
702	828
366	613
724	846
594	965
709	952
809	890
800	841
818	895
339	860
922	952
127	977
448	803
52	803
167	790
401	728
203	972
115	859
478	682
128	569
384	495
436	685
744	801
876	957
769	831
552	981
505	906
651	731
64	934
370	452
366	976
177	811
581	901
820	917
584	906
424	688
286	983
401	970
649	806
924	974
877	899
896	912
390	811
260	930
375	917
623	753
199	691
364	758
534	681
80	999
295	924
176	744
355	975
470	925
533	981
421	511
379	514
384	858
670	986
169	704
475	976
582	873
351	452
86	935
493	801
746	981
350	981
245	699
83	637
107	994
308	755
602	973
762	925
333	519
21	927
249	525
543	743
576	691
218	946
875	987
553	936
317	925
391	645
33	937
490	587
784	805
863	869
44	537
338	755
954	987
912	990
342	874
361	887
409	635
474	764
288	345
620	818
606	920
622	635
315	892
914	928
160	725
416	651
817	995
214	436
57	489
337	772
404	533
675	767
854	998
334	474
284	882
504	885
654	829
497	882
189	729
263	715
419	962
763	772
36	901
380	711
413	659
707	840
8	839
839	996
27	852
168	562
566	837
645	901
538	775
483	839
340	790
422	829
730	945
441	842
909	947
17	551
22	858
75	721
407	965
429	724
239	334
593	832
612	845
610	772
703	963
196	903
297	955
140	971
811	910
508	909
758	791
568	896
427	920
471	963
490	976
691	966
880	902
883	907
681	958
841	910
115	806
390	974
266	450
920	974
600	969
526	791
176	907
773	897
718	961
878	913
410	579
896	967
868	905
348	869
81	525
549	630
554	974
950	974
414	442
686	864
584	853
9	622
718	853
415	815
156	820
665	697
799	926
885	966
494	815
664	738
438	920
364	705
135	882
584	974
281	936
831	851
523	698
182	405
257	993
305	512
577	934
370	641
414	684
680	803
74	993
844	911
627	913
835	862
439	862
463	990
203	356
342	929
53	826
736	819
636	881
686	998
245	996
861	999
900	927
960	978
569	827
51	901
701	983
35	893
433	939
185	837
529	647
823	865
545	591
624	884
643	934
421	821
151	960
729	937
641	824
539	813
659	878
222	840
134	764
163	647
784	994
439	996
76	678
854	945
661	779
872	999
624	897
591	720
930	940
355	709
990	991
291	953
310	966
907	956
332	496
860	881
846	946
629	948
23	909
793	827
476	891
985	997
696	894
682	730
272	832
781	938
918	943
596	892
471	897
108	845
608	902
415	736
621	841
511	969
973	1000
207	972
609	723
380	671
194	215
378	561
677	894
401	959
387	795
318	961
533	620
390	800
480	959
499	972
130	617
168	872
97	403
50	328
778	801
112	977
248	572
616	739
552	983
500	793
568	964
609	965
521	852
153	456
947	960
606	667
336	806
959	970
530	564
287	806
176	975
773	965
556	967
129	634
734	973
393	680
274	988
348	937
375	811
342	634
194	470
460	626
947	973
592	745
542	924
132	760
440	876
643	747
627	739
343	980
384	981
687	753
766	817
301	983
857	935
331	825
713	927
486	884
673	710
884	930
925	931
796	817
648	653
969	974
606	922
570	999
377	833
537	822
745	1000
476	812
467	992
152	607
840	981
201	994
891	946
932	947
32	956
206	843
314	376
613	938
814	928
323	839
409	879
309	712
768	997
592	1000
726	1000
344	669
181	382
112	548
585	997
115	782
920	950
777	938
703	723
397	882
113	894
216	726
730	947
307	615
886	965
121	839
56	215
591	788
219	916
635	831
15	857
524	963
739	888
655	665
457	909
913	960
806	834
195	909
654	965
18	983
670	909
155	500
427	922
292	963
672	955
586	686
551	665
809	960
437	563
681	960
679	850
739	901
40	863
64	991
246	968
380	968
499	919
399	981
22	994
619	984
130	793
452	578
572	909
135	871
938	966
748	842
82	981
593	968
660	729
679	971
613	617
637	974
521	799
502	520
667	853
889	966
400	509
584	855
129	689
720	864
706	966
128	989
463	979
711	815
838	856
576	856
199	869
488	743
667	974
47	1000
732	874
181	1000
229	748
687	808
632	872
972	977
650	926
414	915
576	748
279	461
470	995
775	813
720	877
733	816
631	805
227	715
70	997
667	987
842	988
421	931
197	957
412	882
838	990
208	823
142	469
956	982
763	816
71	939
233	772
85	608
84	649
791	999
226	998
362	593
45	657
334	531
432	837
196	826
633	827
941	943
944	985
654	886
557	953
513	883
854	947
578	783
572	709
751	940
149	377
687	955
948	996
645	958
612	781
648	963
596	773
59	834
12	493
110	799
880	946
313	835
695	900
814	888
10	568
785	830
422	778
582	730
719	964
512	671
314	915
80	748
489	953
112	966
390	910
552	743
305	314
802	891
843	892
191	737
628	738
526	956
556	835
596	907
119	982
320	743
177	923
347	846
70	797
667	787
970	973
271	972
290	985
852	954
785	964
600	918
418	618
762	916
519	929
679	918
734	854
475	859
278	988
875	978
61	990
597	970
19	993
358	459
327	880
795	985
674	924
104	808
660	797
257	821
577	991
389	977
783	867
650	981
1	306
815	819
586	996
551	975
611	760
616	875
344	416
555	865
486	994
522	688
199	937
534	927
119	419
891	935
674	937
137	998
266	883
145	822
805	868
328	943
309	701
708	935
768	986
606	924
432	771
518	811
647	696
233	827
461	950
617	938
722	991
942	994
900	997
476	935
89	260
677	696
396	417
761	838
580	763
351	940
425	889
511	892
893	994
700	828
428	894
226	945
362	540
191	429
927	992
860	938
497	886
323	962
758	890
455	889
923	994
97	915
298	905
499	895
518	945
559	946
696	951
737	952
888	892
170	841
92	958
207	908
656	771
802	825
655	775
719	790
911	997
140	854
203	910
244	911
477	624
862	960
311	857
672	836
931	952
683	850
774	968
581	839
259	788
908	968
223	865
245	624
630	960
883	911
528	683
560	901
118	519
412	737
202	927
683	971
42	911
586	809
686	747
713	850
140	988
919	955
148	812
776	906
368	852
459	970
63	970
257	984
491	922
651	911
155	973
628	927
306	876
713	971
787	920
387	986
445	927
560	914
431	992
357	814
329	981
563	919
447	973
722	912
768	799
798	907
690	879
60	712
385	997
412	871
238	755
632	874
543	802
851	918
111	879
873	973
914	974
303	820
592	694
685	922
382	884
287	997
736	823
328	769
54	237
845	995
979	995
944	974
379	936
117	936
632	887
814	864
411	659
367	818
823	869
465	895
647	872
532	656
344	834
330	936
182	772
206	900
209	646
247	938
310	957
420	600
967	998
703	888
376	530
837	888
513	764
67	189
60	967
944	987
677	872
38	656
818	996
221	777
362	716
675	947
389	590
301	477
853	953
886	901
127	849
346	893
580	831
371	428
441	901
515	850
499	842
531	831
66	960
264	450
621	953
915	942
293	858
413	960
848	888
457	966
322	778
869	947
587	968
339	866
545	971
719	858
658	848
556	837
630	786
244	979
137	853
101	930
753	856
494	861
908	915
586	864
773	956
892	907
778	805
440	746
674	684
450	976
720	800
887	977
885	904
544	574
494	982
683	918
466	920
667	910
727	961
345	630
570	748
704	977
924	980
440	867
794	907
42	979
713	918
878	985
470	931
616	985
891	924
46	869
808	926
357	990
954	980
41	875
597	864
27	711
242	636
508	526
291	757
764	977
103	706
939	978
851	865
490	593
569	886
935	980
310	891
425	878
365	598
692	993
631	983
507	947
708	937
380	583
504	878
509	993
397	523
803	945
627	985
742	935
319	603
57	832
327	427
544	950
733	886
492	531
442	939
722	993
983	997
735	932
754	945
217	713
851	999
648	899
763	886
152	961
446	950
661	838
719	779
886	956
144	319
825	946
589	706
682	897
33	488
415	553
277	848
15	848
87	953
106	966
240	966
802	935
821	948
881	999
517	951
434	953
649	841
57	966
88	316
459	717
175	958
40	504
950	954
702	889
526	892
292	725
466	612
994	997
779	843
314	972
448	972
487	900
170	964
538	902
202	916
441	969
628	795
287	502
760	951
256	923
262	674
811	916
79	967
225	792
662	793
118	400
899	965
436	975
35	631
18	987
732	973
61	805
186	985
454	736
643	672
841	916
780	906
945	973
45	982
642	972
549	744
3	985
617	619
655	911
801	965
639	903
341	980
60	701
789	847
764	790
609	916
342	572
75	982
479	806
892	975
28	641
63	864
783	924
208	693
204	988
451	865
592	804
210	473
382	994
578	640
877	973
715	874
734	924
632	876
122	774
414	919
870	933
54	347
410	948
611	938
652	747
215	709
798	801
192	991
907	936
673	769
81	894
722	927
708	992
413	815
532	766
430	755
421	935
696	874
715	887
11	771
219	949
668	812
6	841
823	871
647	874
96	1000
242	825
710	930
443	815
770	944
407	892
481	841
467	943
833	1000
693	697
879	887
629	941
923	930
358	892
707	780
27	792
591	834
223	438
696	887
327	495
332	839
79	430
621	713
874	893
194	905
505	538
675	949
320	721
647	887
812	954
374	957
291	959
365	908
258	782
506	618
626	949
533	721
290	734
515	852
124	967
609	716
573	793
614	831
302	973
677	887
170	790
473	562
651	834
59	959
191	849
512	904
230	962
868	953
469	978
725	904
804	968
482	917
843	896
89	693
419	568
947	953
107	976
286	978
924	969
313	852
836	856
404	970
574	856
187	218
579	971
739	960
706	783
563	963
530	786
783	966
480	965
917	966
17	975
77	989
130	852
878	974
19	984
795	976
389	968
293	994
623	869
595	807
139	527
667	912
534	797
639	850
537	573
220	866
863	972
82	932
898	966
37	637
639	971
754	921
551	858
817	977
495	697
481	762
109	927
52	356
93	128
475	984
549	933
629	633
754	813
229	928
363	928
845	931
564	918
729	756
333	756
47	133
117	872
217	581
764	979
750	815
650	877
562	764
460	982
942	985
157	944
624	824
569	888
756	980
995	996
530	933
48	893
34	995
650	998
139	782
433	1000
675	762
867	932
691	706
149	423
200	883
627	987
816	886
902	926
57	834
656	870
403	424
339	668
160	962
575	652
346	829
846	886
730	940
174	722
609	650
666	955
793	996
380	598
751	999
200	896
368	709
640	902
860	942
73	791
904	948
378	609
594	907
217	957
748	822
304	845
560	771
610	888
128	848
931	943
105	901
91	966
270	968
347	663
185	335
181	859
363	607
487	673
225	902
211	738
813	843
276	904
422	958
904	961
293	807
26	692
802	950
769	773
320	681
655	900
586	800
80	928
773	892
630	843
676	959
855	961
170	858
250	558
711	916
554	969
493	959
512	972
295	974
50	389
65	926
588	967
660	843
775	793
579	918
665	921
236	515
482	985
623	695
158	861
204	977
424	980
584	969
840	895
261	693
280	743
486	811
417	977
324	749
95	926
665	813
632	636
618	738
7	813
72	942
669	932
328	639
842	860
787	924
933	978
759	862
831	967
850	980
541	868
145	639
819	849
301	923
683	988
686	993
460	916
823	968
639	918
23	649
498	942
979	986
715	876
830	863
164	773
731	857
37	934
713	988
565	824
671	991
454	993
316	534
844	919
715	768
434	755
425	706
524	648
562	940
960	986
944	978
696	876
305	991
580	930
833	881
937	938
455	706
647	876
955	992
633	941
807	828
886	892
913	995
448	895
668	935
415	489
728	949
43	846
390	661
629	943
651	702
670	715
730	766
620	894
325	946
462	951
536	900
677	876
589	763
663	712
902	994
635	879
728	841
814	881
5	446
337	956
552	844
175	894
334	887
582	723
108	840
869	938
478	787
744	906
417	548
642	895
265	908
807	962
237	846
503	965
126	978
229	433
767	782
712	846
161	972
744	798
7	505
191	851
36	977
139	395
561	798
390	916
109	903
491	968
871	960
141	855
378	798
586	976
658	852
718	903
126	991
415	865
644	688
841	973
539	608
2	403
361	750
466	803
171	626
312	565
892	911
570	860
418	732
597	963
616	976
504	506
55	414
270	339
563	857
213	744
254	745
567	976
37	747
264	938
685	968
363	917
430	449
743	909
803	923
486	987
519	935
186	237
595	930
507	817
815	933
28	819
513	568
859	976
836	992
522	802
555	750
935	971
646	868
747	920
692	984
43	309
736	990
842	928
551	981
303	879
905	984
509	984
583	933
416	527
729	987
458	938
604	992
736	882
942	987
694	885
680	987
418	987
638	990
523	774
316	710
608	818
728	883
681	808
488	938
469	659
331	954
532	944
740	893
812	998
738	820
476	820
858	885
457	541
47	377
508	772
693	754
846	996
758	883
818	934
573	837
578	952
913	942
99	954
825	829
603	716
715	957
355	651
897	934
580	998
681	821
103	844
411	960
698	990
376	939
395	952
441	839
408	662
721	893
526	654
140	847
827	996
802	939
494	786
383	726
286	793
855	950
313	667
574	671
827	888
546	609
18	978
210	919
283	909
83	555
566	968
473	740
87	970
655	902
163	965
760	955
820	969
295	855
732	856
322	958
248	743
745	795
299	745
440	455
445	799
398	687
296	676
604	792
530	614
637	740
678	741
672	963
873	953
308	915
701	846
467	679
541	628
269	923
34	797
898	902
617	623
667	969
801	969
243	641
432	577
726	795
542	974
79	984
963	967
197	939
627	789
849	865
576	972
650	921
347	920
653	926
823	849
293	354
162	874
234	979
541	641
453	757
835	859
819	851
208	926
650	813
648	703
460	918
456	947
291	816
659	754
912	934
423	706
534	988
565	826
191	585
974	994
289	891
330	929
803	883
233	996
462	590
635	747
967	991
731	980
409	700
703	881
636	891
400	880
564	988
738	875
228	773
751	814
663	701
659	996
700	997
497	934
216	655
629	824
298	953
867	881
22	789
125	244
550	945
443	819
80	730
407	896
434	999
66	603
181	553
272	937
2	847
166	955
941	951
839	940
443	711
811	841
797	943
816	956
52	560
368	537
860	999
772	886
436	900
499	956
760	997
709	951
929	954
511	966
403	615
17	845
896	898
354	615
101	923
573	918
774	908
322	784
575	964
602	838
607	916
115	979
725	908
623	860
34	502
89	926
149	977
801	903
759	906
468	959
602	959
743	898
753	862
799	978
711	865
7	749
576	906
810	844
796	909
309	333
116	921
498	986
878	978
308	862
616	978
729	855
151	878
266	865
440	752
285	878
734	970
665	870
577	986
558	744
296	744
213	975
636	812
667	916
424	929
861	930
947	970
644	932
826	909
905	973
509	973
141	991
783	983
824	984
39	943
736	871
433	870
364	999
620	696
234	926
349	876
951	981
803	817
16	932
392	465
735	804
666	933
119	306
740	882
622	863
571	817
700	702
428	997
851	871
78	884
730	810
554	584
325	761
710	868
99	943
622	984
641	997
668	871
90	894
198	427
640	772
934	990
464	812
194	951
758	764
326	878
147	610
496	764
812	1000
624	949
476	822
911	979
302	669
429	710
195	543
608	941
797	877
38	825
781	869
406	726
337	892
65	433
376	820
376	591
78	897
601	938
353	836
881	992
399	952
913	944
402	728
916	949
976	1000
709	885
217	948
35	153
114	446
348	613
707	960
521	541
719	785
311	731
493	708
170	957
32	498
257	616
45	962
876	890
573	852
719	906
570	783
162	729
396	667
957	963
621	785
832	968
582	793
342	552
383	849
551	662
262	559
690	740
1	932
204	968
424	742
704	796
657	684
239	696
794	955
357	917
393	611
535	960
232	922
502	517
116	976
653	686
336	979
850	971
10	994
674	974
701	848
835	848
819	840
585	673
783	917
540	930
686	984
601	617
919	963
437	923
745	810
16	866
833	859
733	921
796	977
254	694
823	851
317	750
485	563
509	920
784	859
844	910
527	708
164	656
967	980
81	887
134	979
345	933
138	869
606	974
620	872
522	980
481	713
613	869
241	997
796	990
534	990
955	983
246	523
284	815
913	986
352	949
214	490
833	993
29	939
84	646
337	826
593	752
749	999
826	990
559	875
96	885
621	706
220	362
411	896
249	834
340	952
818	991
793	934
663	824
579	830
216	778
698	818
482	897
642	886
141	375
344	963
383	891
732	779
503	956
718	881
603	665
401	945
621	948
695	897
332	845
781	937
137	606
598	735
480	945
204	781
131	976
748	881
693	945
868	946
780	833
692	720
637	784
871	951
361	620
22	925
70	673
801	892
248	450
454	555
445	964
813	902
498	975
410	633
745	852
373	980
734	959
414	725
433	738
364	867
746	969
861	919
947	959
129	741
239	872
662	975
150	800
26	993
249	513
438	974
340	402
567	859
396	977
456	991
836	983
472	972
546	921
150	921
711	988
315	988
634	741
528	988
388	685
426	977
541	927
338	864
150	813
604	983
259	985
400	924
279	634
418	978
435	881
471	575
118	716
159	754
200	755
453	935
112	642
912	991
851	981
6	889
562	878
312	703
928	935
592	757
726	986
946	989
839	863
920	936
464	693
791	822
615	825
983	992
427	774
504	994
25	996
187	829
424	476
300	706
723	809
613	937
742	822
915	979
511	889
60	199
134	939
571	940
615	946
890	922
25	888
589	930
30	966
816	892
506	666
904	941
274	545
614	879
471	830
880	998
214	908
552	903
767	828
568	884
769	874
802	822
122	272
705	889
94	964
135	736
952	995
167	954
24	905
519	847
161	910
661	967
265	967
163	956
39	395
795	903
868	893
158	962
94	977
135	749
281	803
630	957
308	906
776	782
271	795
835	837
482	978
683	968
480	905
856	896
176	908
644	976
446	503
625	734
385	752
338	906
439	729
852	898
755	965
870	915
144	811
493	965
364	814
28	865
699	804
470	981
657	807
321	629
49	924
140	288
351	737
865	958
722	909
815	871
653	809
620	632
36	581
583	979
275	634
280	978
454	865
836	930
402	409
71	804
720	984
921	974
618	973
912	925
72	948
736	928
507	876
92	634
345	814
553	992
231	941
317	981
606	855
410	943
721	805
863	925
154	465
462	581
967	982
48	941
612	754
557	818
731	742
617	869
837	872
188	463
9	986
620	874
625	989
187	992
963	984
622	691
742	756
659	987
337	936
180	989
367	815
675	702
485	807
757	1000
302	834
828	880
29	712
645	944
478	538
648	949
276	589
64	898
243	900
540	598
545	713
159	943
723	756
943	988
258	656
423	952
123	431
818	993
205	995
637	652
802	985
804	829
614	934
3	780
853	950
154	949
603	775
508	952
487	600
103	903
767	883
423	844
973	988
216	780
147	909
651	708
496	834
788	942
688	775
94	790
244	963
915	939
739	942
697	716
480	947
683	781
438	950
591	963
806	888
759	776
611	612
46	611
440	501
780	835
15	214
507	676
383	906
424	678
506	976
514	837
512	912
240	453
405	786
748	896
462	502
109	909
463	912
912	967
722	843
405	907
451	794
555	851
701	905
627	727
393	560
747	792
255	855
282	692
461	923
595	923
144	987
254	630
653	864
111	581
69	813
449	576
495	921
211	933
118	705
90	872
577	990
664	915
53	990
263	571
717	741
309	687
722	856
273	764
496	513
694	757
305	918
197	890
434	574
98	359
461	936
772	798
617	924
414	861
82	122
870	875
501	749
740	765
8	816
335	716
481	999
76	721
428	880
414	982
782	883
36	770
726	988
429	701
30	955
797	868
902	921
668	754
79	588
511	999
277	832
617	937
221	937
510	811
96	942
490	832
520	711
165	483
318	762
497	993
786	830
937	999
64	845
677	816
827	989
464	937
483	950
758	889
964	994
568	994
399	956
128	614
307	845
477	731
785	884
950	951
320	784
442	481
774	954
223	851
346	958
79	843
822	887
660	825
560	887
101	861
271	784
813	838
540	908
278	679
479	669
451	836
162	733
685	774
258	966
275	381
660	946
101	982
357	908
646	782
40	972
202	805
931	951
29	325
125	558
218	749
273	456
295	969
78	217
778	857
327	921
588	962
607	975
822	900
321	618
495	505
863	901
68	926
343	902
558	561
463	967
945	970
664	957
86	980
447	730
204	972
856	898
479	911
861	976
14	811
537	852
253	864
349	801
373	929
775	909
329	859
912	914
870	917
359	738
488	623
171	916
842	855
873	959
105	562
685	908
349	922
151	937
803	863
412	749
444	701
650	806
42	923
212	809
845	981
944	960
830	858
252	881
849	871
423	699
631	914
175	634
273	940
451	983
321	873
233	989
48	943
590	997
442	870
620	876
881	917
481	946
374	820
541	997
324	999
131	833
511	825
879	992
777	981
340	943
138	994
936	974
284	819
710	927
751	928
742	879
607	654
846	936
648	951
707	777
182	892
297	879
784	997
116	538
536	895
985	987
448	782
874	890
813	880
246	540
256	962
575	944
272	943
142	833
376	771
788	944
325	954
457	844
214	857
396	834
811	847
167	782
739	944
238	662
17	959
91	908
457	965
209	900
792	955
776	947
588	896
290	973
651	952
780	837
799	850
475	726
783	842
232	968
829	958
562	614
283	970
553	794
947	950
905	953
127	393
8	213
637	909
582	973
176	965
787	853
430	552
137	973
371	911
613	673
595	804
777	781
870	972
727	960
455	501
586	984
350	973
787	974
861	923
308	976
74	809
5	938
349	748
32	812
701	907
541	689
122	705
689	789
437	982
611	869
311	348
407	810
574	987
90	874
331	936
854	977
308	989
946	980
316	584
517	574
761	934
365	705
199	938
648	993
400	928
161	417
689	802
699	995
41	995
344	767
757	936
913	924
440	1000
233	936
90	887
181	480
635	687
506	536
249	880
538	754
428	882
441	821
666	939
927	980
523	890
407	944
737	819
434	818
164	957
464	926
464	697
923	982
501	993
790	830
628	768
503	773
487	765
217	941
74	367
327	547
304	829
758	999
918	988
159	182
596	937
656	988
152	960
521	534
37	192
718	819
11	957
828	950
349	427
700	950
901	940
156	786
785	994
964	996
265	958
600	948
194	260
591	899
520	955
112	901
635	942
487	778
500	717
679	948
216	958
827	883
1	804
343	770
472	655
790	964
442	483
595	725
283	904
589	947
547	950
945	959
815	849
19	686
588	843
808	846
609	902
72	697
493	956
644	859
685	897
850	964
247	671
51	759
49	686
866	908
172	985
254	795
466	974
488	733
875	913
437	916
542	969
437	687
561	982
657	919
275	625
476	615
123	756
324	746
838	967
857	980
810	905
870	919
70	866
543	561
782	806
553	983
377	757
363	859
745	924
187	862
132	926
844	903
62	867
9	977
372	800
680	916
840	905
270	523
944	962
803	986
117	924
360	416
659	978
640	699
689	857
914	975
611	937
289	886
696	981
159	813
16	993
673	997
747	983
673	768
115	706
449	996
738	870
619	653
550	819
691	758
47	427
682	709
539	926
203	940
132	242
367	819
358	999
812	940
476	991
154	940
830	994
654	997
906	989
436	774
381	838
12	712
410	492
621	941
760	992
672	879
75	660
121	776
343	825
496	838
931	995
549	664
204	895
493	769
283	959
402	910
792	836
877	880
640	967
552	854
393	538
885	1000
436	908
618	656
26	744
12	846
81	451
213	607
466	787
727	828
61	967
759	780
93	919
126	867
616	960
910	949
491	965
810	947
576	780
903	909
581	895
89	921
254	500
507	680
135	808
126	988
542	903
643	955
280	903
863	958
775	845
563	962
172	811
787	855
138	446
616	973
468	846
638	732
285	873
467	850
541	799
541	570
893	958
824	858
306	932
276	501
166	629
460	847
468	967
662	981
729	742
467	971
627	960
398	871
189	239
851	853
419	930
293	296
647	794
297	681
13	922
756	966
90	876
577	994
392	689
318	511
515	759
909	915
680	863
298	532
251	686
826	917
745	992
550	982
360	592
580	861
310	771
791	815
39	951
166	992
837	931
983	985
735	920
110	831
666	820
941	988
8	820
261	1000
839	977
580	982
411	944
953	998
120	997
557	998
772	923
675	990
270	941
707	942
672	692
218	256
691	705
971	988
781	864
640	888
409	992
106	954
496	651
246	705
36	895
504	1000
531	874
448	839
679	708
785	875
193	963
876	993
716	775
489	998
649	950
723	936
186	960
84	949
841	891
524	955
651	767
67	487
144	670
727	762
517	952
778	956
676	945
552	909
588	603
596	952
193	976
494	904
697	775
12	672
727	883
553	730
759	835
253	963
487	901
406	976
41	326
247	431
357	791
692	781
986	999
903	964
755	837
815	851
83	673
28	737
570	791
671	843
261	450
555	668
85	453
899	966
747	838
186	276
375	966
783	791
306	866
680	784
759	848
96	504
674	969
527	690
678	859
631	784
447	963
595	861
364	928
601	612
671	856
757	859
830	849
11	517
72	941
595	982
796	972
23	756
372	910
592	913
358	746
652	964
891	980
674	982
333	689
319	754
742	857
122	883
139	823
606	969
320	346
886	986
41	931
430	743
3	410
657	934
490	528
622	913
696	862
775	926
879	983
648	821
532	875
14	949
578	991
812	929
275	990
27	888
416	700
388	867
770	932
800	811
220	236
689	980
312	993
35	190
587	932
499	590
638	934
672	747
797	927
267	698
742	991
341	418
599	942
43	724
84	762
411	891
837	999
895	940
499	940
540	712
127	839
691	881
291	947
929	938
744	892
716	830
224	893
260	550
251	996
867	999
545	948
677	875
603	660
98	902
621	943
533	830
901	997
371	768
431	553
59	947
568	824
339	735
521	712
149	840
42	714
586	612
489	945
938	1000
795	951
533	951
822	825
794	992
54	724
651	714
549	666
521	833
180	311
107	964
415	851
360	915
418	597
822	946
711	849
232	851
75	904
176	956
671	898
597	720
951	952
748	889
632	677
342	844
829	962
680	839
19	864
583	906
729	731
123	921
752	900
474	626
396	972
449	569
454	913
440	749
123	813
255	969
590	922
414	962
483	567
264	937
652	790
905	970
352	986
384	975
764	967
782	984
708	806
614	619
798	965
872	914
724	750
641	752
847	857
492	629
392	691
516	986
626	858
645	871
650	986
659	806
610	621
465	940
284	865
316	817
839	858
173	997
770	987
536	820
544	940
860	917
824	994
821	925
418	986
435	889
27	835
591	877
443	750
173	889
682	995
976	984
492	642
156	656
443	871
536	833
737	823
709	990
542	584
626	992
786	944
600	710
531	876
572	877
751	879
181	726
98	957
795	885
855	936
392	946
244	782
101	962
142	1000
395	951
670	890
133	951
615	954
7	546
351	356
191	892
480	766
630	939
864	877
910	993
583	598
786	957
753	780
598	906
422	946
482	960
361	670
457	903
460	649
350	777
195	903
88	777
778	958
602	998
456	678
676	947
795	898
90	557
40	965
255	890
596	954
764	767
535	944
240	501
369	911
759	837
377	506
36	213
215	444
477	858
144	914
634	778
364	917
658	906
280	960
514	898
261	452
574	912
775	902
849	851
701	724
169	863
136	686
494	919
873	952
386	568
831	955
762	855
882	920
103	630
304	391
861	982
960	961
220	922
657	923
803	977
877	963
668	789
250	801
912	920
645	805
39	995
157	987
854	915
583	866
571	977
700	862
230	684
268	939
111	992
455	802
735	856
289	998
104	989
663	687
742	980
668	802
162	176
62	992
712	808
818	975
529	872
432	939
807	816
707	878
770	934
663	808
208	938
601	869
587	705
485	923
31	487
540	593
719	824
292	528
8	769
825	991
943	983
566	996
915	921
87	998
557	947
491	593
367	823
251	877
760	983
825	883
23	195
547	875
566	888
131	142
246	883
158	770
344	960
619	899
658	827
195	837
369	724
723	993
473	781
519	668
799	951
582	953
656	939
785	824
769	816
688	891
961	986
512	894
806	883
718	999
157	437
253	899
795	953
44	496
183	840
706	881
752	997
141	843
394	794
658	840
281	853
391	496
561	907
24	968
602	945
690	792
748	999
197	630
412	555
899	902
114	861
711	851
134	547
639	948
281	974
532	556
836	967
211	915
407	561
49	853
472	956
935	946
852	948
274	971
502	569
452	977
369	979
625	905
905	959
19	866
757	795
528	972
762	910
151	985
385	923
536	567
49	974
835	900
939	957
840	951
518	671
201	964
733	973
444	870
497	733
356	757
190	990
854	970
152	469
91	459
638	857
583	921
784	911
448	467
654	801
166	983
216	346
923	962
99	929
467	867
453	932
599	986
82	467
455	749
548	940
702	855
270	932
707	933
467	988
693	742
593	804
409	983
235	601
326	985
638	991
858	994
737	933
76	958
365	832
406	833
392	935
814	924
612	938
698	978
271	645
582	766
353	943
224	829
628	653
270	945
330	996
619	833
199	247
383	822
87	945
64	961
265	722
688	825
600	941
22	964
526	763
452	548
797	997
575	884
855	938
392	948
679	941
698	991
887	890
257	723
871	882
31	905
769	871
265	843
688	946
765	900
405	594
649	954
910	995
313	776
165	612
827	997
820	957
947	998
405	715
859	885
363	718
561	962
373	911
80	100
174	967
771	957
232	908
28	849
680	775
96	266
505	959
68	921
665	911
21	846
678	850
604	672
686	970
634	780
102	919
745	796
831	836
454	849
321	734
660	954
238	965
257	978
852	895
315	919
249	336
562	796
873	954
680	788
743	844
206	868
44	806
426	908
80	234
434	732
558	798
329	975
590	979
287	978
576	852
625	973
143	933
638	912
743	965
541	979
412	865
731	847
956	965
553	989
270	866
526	563
187	868
844	909
33	401
236	989
511	928
39	889
312	984
245	994
615	756
928	987
532	987
119	589
427	705
680	922
449	989
462	699
714	920
203	704
230	807
698	912
717	925
104	173
59	925
307	761
529	874
656	915
936	969
913	985
383	756
154	704
319	1000
453	1000
189	890
395	995
758	818
133	995
147	664
513	758
77	834
705	928
457	826
589	982
195	826
718	867
792	816
415	829
520	882
360	664
220	361
533	821
700	998
753	824
818	990
353	890
821	995
862	996
325	828
369	834
327	608
332	952
113	127
505	880
596	769
458	539
269	374
730	998
370	426
702	936
210	962
862	888
58	605
149	952
218	557
116	546
184	946
257	899
68	734
885	993
563	942
95	608
977	996
58	955
177	906
526	831
20	205
787	835
308	837
368	888
657	725
662	840
693	944
734	945
973	998
458	781
351	426
727	942
303	614
690	794
197	861
301	955
917	958
20	676
488	781
278	971
875	961
68	868
491	971
442	786
810	953
347	963
419	802
787	969
410	982
50	676
391	740
129	740
280	909
151	987
351	789
604	969
678	918
626	728
645	741
562	972
498	987
754	913
451	912
798	956
674	920
673	695
227	874
166	635
545	631
324	928
88	163
668	738
136	877
276	628
680	977
587	749
754	926
41	990
504	751
242	980
125	166
531	625
434	921
30	831
527	883
497	977
698	967
120	990
557	991
827	852
469	878
510	916
362	523
212	993
812	988
825	927
272	980
654	816
74	241
781	857
629	988
326	987
413	875
858	996
765	768
934	991
371	585
937	996
688	935
581	809
584	814
952	981
718	814
560	642
329	709
642	940
802	929
494	776
380	940
559	942
600	943
125	421
256	904
401	999
179	886
690	836
98	961
528	545
748	814
32	607
679	943
486	548
472	650
188	891
670	894
637	717
141	779
535	935
554	948
15	145
526	886
746	889
704	892
183	897
202	910
799	900
350	781
98	974
285	800
747	831
669	911
6	567
732	967
892	956
31	102
206	628
104	846
574	795
141	913
342	903
606	720
322	961
96	618
618	959
62	741
34	908
750	849
507	862
754	968
933	970
611	919
826	844
690	983
624	858
710	898
266	921
544	865
714	788
733	801
337	801
101	295
92	741
111	983
226	970
782	922
69	986
446	744
229	746
960	965
435	814
42	102
849	868
62	983
860	963
46	221
189	529
717	914
735	968
715	989
797	799
613	978
175	752
161	817
548	997
394	530
724	930
228	763
186	766
814	860
659	986
282	999
552	823
610	801
529	876
837	992
224	994
494	589
320	473
499	704
397	922
853	936
3	537
39	194
94	884
316	997
536	1000
374	938
718	748
503	594
267	583
258	763
318	814
909	989
609	697
397	814
765	944
718	869
723	984
607	772
423	951
593	874
579	939
156	607
422	992
188	825
582	944
348	777
114	610
785	815
482	777
904	995
535	640
86	548
265	779
162	772
635	992
382	546
201	471
492	943
579	831
785	936
760	879
223	903
372	474
792	831
809	1000
924	950
454	772
215	261
82	900
546	775
164	444
255	828
381	967
637	893
119	967
898	934
512	898
355	951
500	780
117	490
337	493
884	891
727	944
873	998
713	780
410	971
468	949
643	950
354	847
522	660
838	896
227	742
221	439
18	339
754	902
872	894
454	906
137	970
252	920
333	616
35	922
38	439
296	734
810	955
669	979
636	802
446	907
509	963
385	927
819	896
450	504
185	987
218	935
235	350
58	394
349	866
657	982
13	917
168	525
613	912
351	912
376	676
92	917
235	471
653	984
292	453
770	980
930	969
429	687
489	738
714	856
920	924
6	998
124	990
124	761
303	992
578	931
108	753
278	410
131	885
712	867
832	932
340	995
133	931
515	996
601	807
329	348
432	998
633	988
485	861
512	698
825	929
930	982
478	821
221	936
821	931
108	995
779	934
765	999
839	985
99	946
264	488
622	987
336	593
556	633
198	888
346	823
445	765
290	662
937	998
788	875
311	950
366	657
605	939
262	536
313	996
289	373
44	313
412	480
475	536
834	883
746	999
135	845
484	999
355	885
107	783
646	768
887	894
458	488
193	971
554	950
88	891
556	996
322	829
850	948
349	666
514	770
25	313
665	902
725	953
595	843
861	962
773	886
859	889
556	888
382	964
165	966
99	383
238	956
238	727
539	655
305	488
277	389
29	324
303	792
363	843
93	982
182	273
500	848
183	912
558	789
444	687
153	740
636	857
782	911
446	733
45	160
798	892
527	806
269	807
444	808
87	507
9	853
224	741
826	846
454	974
710	900
756	787
849	978
888	906
700	855
29	687
617	857
185	934
331	988
587	685
118	880
714	911
621	683
222	937
29	808
296	923
860	965
189	531
180	977
152	878
913	976
737	750
420	814
43	827
340	821
422	631
601	862
642	863
675	811
807	930
624	994
737	871
874	876
323	773
563	691
293	830
749	881
2	129
353	881
228	886
770	940
248	306
471	994
545	943
719	830
209	765
985	986
498	602
24	719
294	543
588	761
640	951
113	239
579	941
353	894
380	997
554	884
540	720
171	594
691	889
897	994
929	946
290	959
632	659
114	733
293	964
67	658
246	889
92	422
484	946
262	833
286	961
456	847
198	848
146	658
662	952
404	953
285	736
324	435
403	728
582	959
475	833
838	885
245	785
639	941
732	903
773	941
93	916
354	957
588	895
137	959
192	666
692	723
463	900
67	900
172	916
769	943
254	726
433	957
171	728
947	949
924	965
509	723
817	839
225	964
544	680
838	898
134	782
208	731
516	847
259	962
942	955
498	978
537	906
242	729
300	441
546	911
632	914
255	964
714	724
263	788
263	559
516	739
304	331
483	562
694	745
647	670
745	976
96	567
5	937
743	903
206	927
352	752
324	919
860	899
571	796
461	924
502	925
576	911
125	975
185	989
782	979
735	904
358	917
237	398
2	760
772	907
326	857
212	984
331	935
279	745
50	922
69	935
592	976
726	976
605	915
946	979
844	968
300	575
828	923
761	933
511	758
409	747
579	633
386	992
367	750
565	994
702	969
399	931
471	807
85	1000
319	938
131	887
814	917
714	979
244	764
610	858
68	538
367	871
694	1000
628	646
867	928
330	989
168	890
591	993
388	930
295	702
195	764
828	936
700	936
299	592
786	939
445	646
587	995
716	880
788	985
545	769
283	998
402	949
38	938
693	869
404	766
445	767
362	998
147	844
477	719
279	1000
172	608
177	952
314	957
355	995
313	998
616	770
151	670
519	608
307	954
651	764
697	880
320	893
843	934
686	721
792	888
88	772
864	993
107	785
449	485
354	891
789	819
271	893
472	654
150	603
57	375
155	947
898	991
470	958
852	996
458	611
549	958
764	883
411	499
356	563
447	947
20	614
667	950
452	796
625	953
658	901
372	544
181	976
710	768
627	770
109	844
899	963
398	681
379	439
577	912
692	899
852	888
26	809
53	912
650	902
823	830
419	740
231	918
873	947
625	845
303	794
592	668
449	848
652	719
113	670
335	517
426	901
314	394
219	571
488	961
345	912
419	861
666	738
803	972
555	907
453	859
599	913
544	977
612	623
414	904
419	982
768	907
143	818
110	641
523	810
292	389
421	799
756	789
668	676
57	751
571	972
805	910
925	975
689	735
224	864
143	939
55	826
784	972
242	689
944	961
715	872
663	682
814	851
62	987
800	916
337	926
340	931
92	866
474	931
821	975
913	978
495	990
715	993
186	878
695	755
10	652
423	821
1	832
395	988
325	929
760	857
572	577
522	985
19	593
538	929
63	407
790	884
769	798
559	988
848	862
655	696
897	983
317	408
575	932
608	880
635	983
704	817
695	997
148	370
855	986
528	591
929	935
931	981
205	877
31	953
788	932
34	470
172	663
251	993
347	701
466	652
655	817
922	932
283	945
402	896
484	706
575	824
468	698
387	773
579	943
161	955
348	781
790	897
301	706
875	941
787	828
465	548
167	891
459	999
421	478
767	886
141	838
12	724
658	835
560	943
104	663
558	833
530	771
497	594
664	771
875	954
116	902
639	943
312	548
281	969
597	946
385	797
558	725
852	943
497	715
865	882
650	728
452	972
340	502
548	680
479	846
620	785
501	605
49	969
481	626
269	972
731	774
721	729
812	847
13	908
715	914
789	900
338	964
935	954
103	572
810	959
543	844
433	972
376	438
56	985
653	975
708	911
826	903
430	903
701	908
508	742
847	962
420	629
736	865
303	983
657	986
421	975
696	914
352	875
934	971
590	932
469	871
703	809
501	860
647	914
485	852
867	917
672	678
302	879
360	820
888	976
459	570
629	981
804	982
105	981
661	933
361	412
677	914
622	978
751	863
640	995
855	920
786	820
670	874
307	822
890	914
100	758
477	479
67	581
952	974
365	948
888	989
561	594
887	993
71	178
482	944
702	984
788	987
535	578
70	707
820	939
443	989
718	928
42	416
594	892
542	702
690	829
896	934
170	830
211	602
18	961
670	887
384	530
554	941
535	699
614	992
834	995
572	995
336	718
649	949
748	928
324	371
585	641
697	882
945	947
213	769
686	723
135	849
341	954
644	726
229	484
179	892
574	896
835	937
829	893
345	780
570	898
542	836
743	826
674	955
607	965
808	955
659	832
268	452
204	962
400	608
768	775
162	965
624	730
720	963
255	900
84	264
231	691
27	632
51	989
555	788
269	919
342	909
111	747
405	965
842	966
881	894
349	804
27	753
858	910
385	986
756	899
728	800
590	866
211	281
675	910
97	933
564	850
435	928
681	846
411	985
626	910
703	864
708	979
749	751
928	982
224	637
564	971
206	997
550	807
470	518
962	980
20	992
610	794
353	872
735	974
876	913
377	1000
447	507
572	687
897	972
71	930
112	931
580	807
506	592
684	864
6	949
703	877
207	939
749	993
513	982
540	590
127	946
369	708
459	867
901	983
376	869
68	716
491	819
334	872
637	644
895	939
218	660
168	839
630	870
289	311
440	480
333	354
183	824
992	993
697	816
227	372
540	832
704	940
809	993
984	994
473	778
65	724
813	883
725	999
145	424
491	832
558	593
477	897
174	896
843	991
4	421
479	714
498	727
355	944
410	614
234	883
877	989
165	783
794	991
852	932
475	945
972	997
783	832
829	948
889	999
686	899
405	886
658	837
267	952
748	996
343	947
859	948
878	961
652	884
726	833
960	1000
611	617
872	887
201	719
569	849
729	838
192	899
734	953
197	977
357	966
434	661
558	956
954	956
599	728
766	905
912	959
631	717
884	897
139	743
735	774
605	664
297	319
990	1000
388	437
238	907
374	502
117	846
286	389
659	671
796	905
152	574
569	862
118	926
756	954
503	508
953	973
268	870
231	988
573	688
724	857
930	962
352	985
508	744
654	798
728	747
48	988
263	913
106	929
386	983
207	523
642	680
587	744
735	908
432	870
518	910
316	695
495	926
178	990
136	993
700	806
516	985
104	223
515	989
413	978
284	864
182	816
490	932
569	996
333	985
770	986
214	768
580	862
684	919
4	931
441	932
494	529
793	862
311	822
397	862
894	914
503	763
249	883
595	702
77	776
163	816
457	997
952	976
401	873
55	199
767	930
753	766
417	817
758	881
771	820
480	873
760	927
792	879
864	984
487	997
520	945
690	831
665	774
136	430
260	725
623	777
581	817
658	771
603	835
107	897
850	941
179	773
523	546
986	987
623	898
843	938
213	771
177	848
221	366
135	851
391	777
685	995
905	998
294	844
762	949
519	962
486	785
338	658
636	729
708	834
59	196
762	841
500	841
808	957
819	823
796	839
106	392
861	968
138	610
4	381
622	659
660	951
412	849
477	978
442	957
631	893
142	207
891	968
192	967
431	983
766	973
282	860
404	557
155	267
625	970
532	742
821	845
437	919
416	567
963	965
775	914
723	724
88	213
525	968
814	842
282	981
689	847
243	989
936	953
377	989
55	938
624	866
132	929
167	627
76	997
134	975
225	568
846	915
483	863
428	927
501	917
389	447
807	923
614	794
443	912
154	809
462	925
167	519
962	982
640	931
43	712
46	458
566	753
901	972
612	869
505	743
598	705
193	885
353	874
716	926
17	925
661	761
325	812
793	917
619	993
779	982
512	638
374	933
561	759
406	885
524	877
785	918
702	920
251	984
297	871
880	926
420	941
643	690
156	602
706	746
417	643
334	874
642	990
292	877
237	941
297	992
517	995
737	998
465	539
52	895
602	810
421	469
706	867
147	903
427	957
359	759
658	826
317	533
588	996
495	539
68	731
288	1000
7	721
174	898
535	877
961	985
732	896
551	821
253	898
776	939
533	952
132	608
467	598
31	970
72	971
956	991
586	963
699	840
905	945
720	899
169	796
315	850
375	901
595	904
235	332
878	963
495	902
261	506
789	891
431	917
766	907
516	961
664	896
764	834
120	732
455	722
474	735
152	684
485	601
146	906
605	666
187	678
696	784
522	668
673	800
958	969
942	961
694	859
418	961
64	463
726	848
330	848
275	912
335	926
44	979
635	666
136	982
648	864
399	803
302	870
352	987
116	222
121	566
547	674
282	928
615	808
694	872
738	915
779	916
149	520
346	805
599	985
236	933
235	937
118	123
587	867
908	922
397	743
806	911
388	923
85	885
429	695
280	572
698	856
753	755
651	744
436	590
788	978
779	929
383	929
416	877
727	739
751	867
165	706
855	924
10	832
612	937
739	978
832	940
978	994
656	980
785	865
614	983
619	832
89	603
971	991
809	929
244	891
113	179
390	945
436	832
381	896
496	883
95	539
155	590
370	478
655	876
746	994
737	945
778	946
789	812
371	824
357	889
491	889
706	814
857	946
521	768
240	489
634	645
295	950
88	886
570	889
126	912
850	943
951	995
65	902
574	779
393	704
431	959
868	997
852	989
38	247
581	940
755	827
138	599
231	790
303	666
537	604
338	889
145	494
981	995
155	953
72	918
502	731
810	884
636	731
741	784
465	849
789	946
863	895
169	972
664	951
447	953
699	908
845	962
91	500
638	898
412	851
761	968
296	905
893	895
356	919
738	957
671	967
275	967
252	983
200	793
145	857
613	962
742	847
594	683
398	808
370	975
585	900
731	954
268	927
249	685
543	903
615	742
386	690
592	795
845	975
738	849
839	901
2	929
673	868
20	983
386	811
427	583
69	875
270	865
578	981
853	920
550	919
443	793
393	972
281	465
341	516
510	968
703	868
188	688
675	806
587	922
532	986
802	847
821	860
110	997
707	987
807	925
663	917
943	971
346	752
253	524
566	755
120	934
13	54
240	999
837	989
642	979
353	876
821	981
719	933
256	943
209	868
737	987
57	999
217	988
360	771
869	914
1	838
832	995
491	702
329	640
475	694
461	530
669	708
22	897
719	825
765	941
369	941
484	928
806	979
281	828
809	984
420	943
368	753
984	985
202	949
977	982
397	932
999	1000
157	425
644	772
811	949
202	841
672	992
364	839
331	433
704	944
126	967
841	949
32	551
486	721
646	710
447	766
259	944
856	934
732	898
336	669
836	955
877	993
789	880
835	996
618	998
494	962
530	656
861	904
836	847
426	949
233	783
453	786
384	952
692	839
81	914
604	955
631	829
442	664
15	331
278	970
544	796
736	737
328	683
56	978
231	750
757	796
250	965
866	968
425	966
645	969
678	917
805	958
240	691
413	848
840	952
550	853
149	509
402	460
71	855
341	450
136	984
134	911
254	976
166	863
689	904
890	894
895	972
430	909
930	966
543	971
515	872
358	925
881	966
672	792
913	918
379	984
599	987
791	928
147	826
675	982
298	995
716	754
452	644
56	186
602	854
184	866
602	625
230	982
679	808
684	923
546	693
885	913
964	977
790	824
462	995
621	988
492	874
290	888
408	880
716	996
191	882
77	780
850	932
239	778
739	872
598	896
268	432
259	878
350	767
966	999
919	924
401	998
643	760
478	952
216	952
431	840
109	826
783	999
623	781
917	999
810	873
586	899
634	647
451	940
776	996
473	958
514	996
132	665
789	935
863	884
486	897
527	669
945	953
865	930
989	996
28	958
446	717
845	951
234	834
60	681
46	783
720	956
393	598
637	958
241	958
131	332
571	604
648	787
345	786
611	676
208	902
312	730
565	910
465	972
100	322
317	845
694	795
377	859
537	848
845	964
564	722
481	916
333	789
461	974
309	846
735	954
854	905
518	956
537	969
160	982
335	754
825	847
844	897
641	797
318	787
791	970
708	972
422	615
145	980
473	516
404	682
216	631
675	916
397	908
330	918
812	921
724	808
355	682
663	798
148	352
310	939
492	916
626	916
571	980
175	980
827	906
596	744
730	973
804	922
241	287
319	880
24	932
263	985
785	801
67	521
297	983
931	976
91	999
366	938
378	763
66	942
267	932
396	817
14	486
437	589
924	936
258	883
473	771
799	941
381	953
205	993
311	894
961	976
792	938
690	890
607	892
560	817
384	820
274	948
12	948
755	992
428	597
438	827
372	702
759	882
542	884
473	784
385	900
555	823
627	699
926	995
282	435
815	898
326	707
567	833
961	989
699	952
773	938
831	879
294	903
354	954
747	885
604	836
315	733
287	900
461	787
543	826
326	828
565	844
845	898
803	901
183	964
613	777
819	882
317	900
523	968
51	929
233	906
16	908
571	901
501	842
148	983
927	950
130	377
627	954
429	444
527	979
398	865
2	865
907	971
203	626
455	847
620	914
694	863
274	277
177	573
638	968
113	854
462	971
569	868
173	868
622	960
816	974
425	860
277	696
497	965
698	955
937	971
510	675
854	973
320	514
707	923
807	861
569	989
388	914
751	966
589	904
272	968
828	920
492	971
700	920
478	578
106	935
128	694
73	758
818	912
108	981
672	794
402	704
478	699
120	991
698	968
813	918
918	971
510	917
978	985
78	994
515	995
50	932
81	245
191	871
168	887
691	928
737	815
179	753
332	995
547	920
290	998
753	759
375	584
3	941
149	995
52	833
822	980
99	356
206	253
426	522
739	982
940	972
11	14
268	313
278	772
567	646
759	816
470	713
778	829
588	934
390	949
450	1000
582	890
309	472
727	985
801	934
856	870
479	883
653	770
468	990
335	609
63	712
753	893
868	880
472	880
899	947
577	896
959	998
425	539
475	885
72	909
810	875
856	991
460	762
221	251
372	649
583	832
891	948
951	999
844	873
154	426
627	875
76	506
595	842
221	601
548	730
606	937
652	824
710	765
836	904
178	904
252	853
30	740
701	945
219	676
618	947
763	776
854	894
451	955
224	498
210	563
891	961
252	974
847	891
310	915
866	904
722	896
9	960
212	794
446	961
606	950
881	889
858	905
379	907
659	961
263	961
282	974
406	515
120	683
428	799
598	685
684	725
123	163
740	805
830	964
828	854
728	916
1	587
207	692
69	987
707	978
493	497
605	738
209	738
85	931
267	679
434	856
761	985
258	630
122	998
483	977
423	697
818	967
785	790
730	854
97	941
749	867
688	857
834	911
779	975
853	924
517	975
300	977
184	802
514	677
786	870
334	746
862	865
388	982
723	972
332	821
841	927
299	644
390	762
703	993
298	944
301	690
227	475
3	996
559	985
232	590
655	693
685	801
487	816
468	574
693	921
472	693
238	526
744	886
783	814
843	865
554	762
774	994
3	888
77	837
672	983
121	880
739	929
219	368
582	945
752	868
287	768
595	884
278	948
961	978
396	940
382	776
449	537
877	984
577	722
463	886
78	486
419	550
60	846
662	951
836	838
426	940
338	827
835	879
343	942
269	727
577	843
819	871
549	781
320	958
493	886
176	950
658	953
625	776
878	956
55	623
757	895
622	707
178	959
835	1000
646	835
255	950
604	838
870	957
474	728
419	792
634	717
823	882
611	962
148	972
335	798
729	954
300	548
71	725
847	946
184	373
736	849
259	961
534	900
587	726
226	905
143	870
369	395
291	970
594	742
230	731
132	159
763	965
782	978
485	957
941	971
306	460
599	978
673	927
483	803
59	970
92	918
298	986
513	911
642	796
163	798
168	876
691	917
718	791
162	573
167	688
184	857
929	974
920	925
557	873
610	965
596	801
21	570
124	991
77	879
751	860
883	979
978	987
785	858
895	989
447	570
834	979
278	532
443	865
355	981
586	648
825	930
107	650
382	589
561	820
354	527
651	979
904	930
600	933
719	884
746	987
383	935
746	758
369	771
140	948
38	937
174	946
293	897
716	1000
535	925
249	302
878	998
685	869
630	933
795	1000
225	884
660	812
257	836
86	954
301	879
359	820
667	936
727	987
820	949
9	707
143	670
597	877
260	962
898	990
315	669
516	659
553	955
190	903
124	549
129	893
248	844
652	934
146	833
247	885
388	595
935	993
549	957
282	842
122	624
810	998
227	677
60	914
247	777
63	956
252	855
412	844
300	374
527	565
328	850
634	893
157	739
266	911
310	688
530	957
645	678
464	603
328	971
254	793
507	973
312	963
680	901
821	840
499	560
583	968
784	958
283	676
178	919
222	925
557	915
684	727
196	909
237	681
751	902
425	917
93	178
543	909
716	800
485	904
289	992
545	918
707	751
292	509
779	856
388	971
305	973
860	966
188	802
4	981
716	921
802	961
243	997
696	979
704	803
248	294
332	931
43	828
294	410
684	861
114	708
513	979
802	853
688	980
172	420
347	687
820	870
61	818
690	760
506	939
459	864
552	826
538	928
524	993
684	982
711	819
477	652
205	984
697	921
755	862
347	808
559	987
600	988
520	995
679	988
385	541
290	947
21	759
697	813
232	942
356	483
292	993
198	836
762	878
822	929
546	765
326	469
105	241
468	818
748	872
835	989
824	830
755	996
190	958
307	311
23	552
151	737
145	663
357	842
847	935
604	948
919	996
283	489
539	940
668	825
508	607
810	945
138	781
638	838
946	954
7	971
26	984
34	845
824	964
51	223
736	851
400	902
102	979
85	746
580	725
953	970
40	222
492	733
805	964
698	838
505	672
73	749
243	931
17	854
535	551
319	926
654	916
640	981
184	738
915	957
103	813
832	922
26	529
306	583
812	980
58	518
765	868
489	970
71	982
594	986
179	744
828	924
165	580
146	338
700	924
885	906
307	929
964	970
556	852
406	827
392	929
827	857
577	645
633	991
719	994
889	917
952	973
704	871
547	924
492	988
371	927
519	825
725	930
683	933
788	986
683	704
378	822
815	823
438	873
225	994
662	995
695	943
822	984
445	997
351	581
310	314
394	951
521	763
33	945
745	885
514	989
951	990
5	617
646	879
169	954
664	933
53	779
433	771
567	1000
553	836
190	784
919	930
561	956
555	882
660	935
477	962
857	954
378	956
859	1000
933	949
726	885
58	197
146	835
643	887
285	913
714	767
497	769
664	946
464	592
565	903
372	774
14	800
13	841
747	836
879	955
593	598
717	893
750	841
791	842
218	980
601	718
518	949
380	490
215	682
705	775
495	965
580	780
346	613
351	957
198	449
673	971
392	729
758	786
446	965
69	978
413	788
518	841
881	893
886	971
158	269
366	447
531	780
321	970
457	565
751	783
365	976
681	724
538	904
920	969
197	345
207	804
601	960
274	336
936	950
673	984
142	567
804	915
909	968
950	969
50	978
210	930
573	753
416	806
586	692
25	921
157	286
682	925
723	963
470	517
703	984
578	989
760	966
531	914
913	979
267	804
916	984
795	923
855	974
712	925
246	866
769	907
843	856
380	866
499	817
688	982
223	882
171	463
415	823
327	710
563	923
581	977
655	697
787	816
878	934
349	590
472	926
899	993
665	826
973	979
269	597
315	713
972	983
540	831
209	997
984	993
357	831
200	359
926	988
766	770
843	990
391	829
759	996
456	958
437	716
676	998
660	990
398	724
169	901
692	942
678	778
535	995
576	996
232	957
273	958
97	732
479	834
787	950
391	721
518	762
759	888
440	842
49	957
180	888
634	829
212	840
859	947
638	948
671	896
757	899
294	909
569	848
192	898
272	598
953	959
282	791
805	832
180	780
617	781
653	963
854	953
551	952
990	999
525	670
860	889
538	609
763	956
432	856
55	869
793	835
490	797
872	899
858	964
175	678
328	920
78	974
422	784
95	160
666	915
489	959
663	846
164	933
464	902
698	840
524	687
526	733
834	849
182	694
705	735
383	684
405	443
584	674
508	864
220	397
222	995
266	513
304	805
123	464
109	566
510	910
246	571
110	939
545	867
760	792
765	870
11	933
87	928
560	623
417	803
188	980
725	919
642	921
279	869
408	754
661	934
208	400
545	988
602	970
521	752
774	932
471	931
111	359
591	996
264	601
262	757
952	975
348	945
370	704
339	896
53	539
727	978
59	290
74	827
308	765
196	295
330	524
662	997
10	842
404	998
734	873
841	999
780	989
959	991
398	429
697	991
752	927
631	637
493	932
4	475
933	938
418	529
456	784
500	827
683	948
466	950
273	784
259	886
201	881
757	833
817	884
187	717
354	894
789	822
458	951
477	964
631	879
939	995
636	957
851	882
763	769
713	948
193	387
798	992
5	861
25	776
495	725
536	726
631	1000
805	887
698	761
428	900
245	964
334	484
666	957
321	959
641	900
522	720
461	969
612	613
610	769
895	901
531	890
476	954
913	955
932	968
677	715
250	907
370	972
714	782
263	846
703	852
890	944
331	980
928	970
688	729
302	922
388	962
797	901
24	685
234	266
879	970
717	908
837	973
749	860
568	785
661	976
821	965
55	937
215	926
485	787
223	750
746	791
654	973
343	559
139	234
591	809
300	862
385	411
524	984
1	714
362	922
417	629
876	914
559	978
158	634
774	866
171	573
517	981
533	925
748	850
292	984
180	514
732	761
456	826
79	876
662	931
170	994
101	894
885	976
711	823
917	928
29	237
769	801
977	979
306	774
56	599
264	777
498	944
616	707
877	977
165	771
299	1000
10	897
495	646
896	990
274	943
246	881
158	997
774	1000
350	938
229	648
597	815
762	882
371	997
407	654
333	476
558	594
884	993
502	662
111	777
708	767
474	600
875	944
364	728
625	998
963	993
550	595
316	428
250	599
240	783
171	949
455	479
248	903
413	482
844	934
269	962
585	939
345	957
534	893
171	841
212	842
275	898
622	713
448	560
953	961
717	721
212	963
349	968
550	958
770	961
30	922
589	657
761	912
112	503
626	953
356	863
409	955
455	842
633	848
793	837
779	902
261	976
605	786
654	907
365	804
714	958
404	732
256	982
457	743
723	899
525	914
566	686
249	979
15	812
629	971
648	984
615	807
119	869
210	987
504	976
154	863
498	636
591	864
795	859
201	386
395	925
381	990
978	980
133	925
105	863
91	928
760	794
806	910
572	743
131	1000
169	703
904	923
702	974
628	759
526	977
746	751
369	764
140	941
484	751
841	988
285	770
579	988
940	967
255	635
384	520
637	700
669	881
567	870
875	986
572	985
498	770
126	898
382	824
275	469
767	931
753	996
305	577
288	933
866	873
463	934
340	534
875	878
966	996
341	944
753	888
535	931
226	819
537	711
280	826
35	958
766	948
277	491
153	721
507	953
708	714
861	956
391	778
611	781
335	617
393	824
16	837
257	963
733	892
764	996
703	720
653	899
157	961
74	963
252	969
641	781
4	840
928	959
564	948
158	260
297	604
228	733
173	797
434	838
420	674
98	394
533	551
474	910
596	607
298	913
895	903
8	622
346	617
87	851
449	974
760	836
209	733
575	790
365	980
599	918
304	741
120	920
519	629
450	795
725	734
150	274
802	954
300	972
520	975
712	916
238	508
629	918
730	970
532	985
447	618
669	694
765	927
737	865
695	868
160	295
15	880
321	398
54	808
785	798
265	991
394	876
341	986
957	989
377	414
709	924
855	978
170	875
679	981
899	984
535	973
783	809
554	986
359	747
424	647
773	801
124	355
286	942
341	878
445	935
882	936
183	935
417	873
155	873
329	760
507	766
815	882
121	996
644	1000
468	811
528	825
458	766
241	768
810	925
142	237
378	773
873	981
451	992
261	602
352	720
585	699
777	869
689	756
840	925
564	761
877	992
137	953
833	885
483	543
166	836
56	964
364	851
842	890
243	790
726	944
201	830
250	951
370	787
571	777
796	895
942	949
793	826
872	890
75	317
28	205
599	960
318	718
299	439
645	847
343	482
185	862
601	777
53	154
341	557
847	954
612	791
818	896
97	870
702	950
633	850
41	975
347	493
619	686
302	979
691	791
751	842
214	866
66	739
816	971
420	971
709	845
203	973
673	922
511	860
32	337
529	914
21	444
633	971
848	896
853	974
490	922
435	986
429	912
401	850
323	930
271	740
73	755
399	925
705	968
89	699
438	853
322	678
52	817
448	817
575	858
98	933
308	514
640	987
371	799
142	976
235	938
496	979
403	522
554	920
361	525
366	869
655	743
228	935
83	517
850	918
910	969
621	866
679	807
114	769
752	797
783	864
586	993
727	740
584	920
732	818
102	651
759	921
745	757
546	813
389	866
669	883
567	872
875	988
639	977
110	367
701	808
618	810
164	374
425	644
549	939
356	544
507	942
144	890
540	890
326	638
919	923
726	757
504	644
275	821
542	936
819	921
838	934
750	821
336	952
143	786
597	993
148	901
611	662
734	998
159	538
893	991
530	939
585	646
741	893
288	359
331	729
625	947
435	786
187	721
233	837
121	367
62	955
777	937
106	732
37	898
763	773
735	940
105	544
622	770
888	889
65	327
791	956
309	724
82	267
161	560
529	727
565	909
735	832
779	838
624	964
173	799
756	891
814	832
733	907
610	773
703	964
362	671
441	964
358	966
432	915
108	791
13	968
556	658
387	620
772	956
739	779
730	959
763	907
403	564
45	856
568	897
804	908
609	669
17	794
471	964
504	912
190	456
30	992
621	679
10	754
800	910
423	923
441	977
81	405
193	646
399	980
633	918
897	964
440	459
827	905
610	907
780	793
832	983
439	500
744	870
408	921
788	913
628	695
672	967
484	916
825	980
396	803
547	972
901	975
445	695
178	580
25	109
276	923
431	760
739	913
799	927
482	991
444	470
37	348
368	862
910	916
813	983
887	932
54	931
491	932
596	985
370	642
549	873
678	758
931	975
788	926
975	981
70	646
512	991
873	970
713	752
603	880
363	639
924	935
211	999
463	991
664	981
884	984
287	765
359	870
796	871
961	975
281	950
699	709
435	599
555	930
794	983
486	830
849	882
324	768
315	948
771	999
576	989
89	901
45	77
528	948
151	961
256	260
49	950
747	992
236	776
510	527
648	720
842	1000
100	363
699	951
74	899
12	21
196	596
219	728
444	846
568	589
418	830
745	959
738	771
242	833
784	887
44	848
486	964
508	723
599	841
483	895
624	790
756	946
687	846
222	975
318	720
675	728
854	959
895	960
554	667
466	554
550	962
261	859
173	975
668	954
649	675
525	905
566	906
323	919
381	631
408	505
20	100
8	800
438	613
853	855
858	970
319	921
580	962
520	682
258	911
19	400
640	976
874	914
337	975
373	403
18	929
656	957
441	803
867	911
619	809
605	911
402	811
770	978
448	927
570	624
200	862
415	750
728	981
332	981
84	916
65	408
758	860
807	981
922	968
344	991
864	963
286	986
401	973
415	871
253	809
597	619
46	516
285	532
18	942
752	907
334	919
394	933
391	635
952	968
303	522
709	981
487	868
368	688
73	999
577	761
752	799
53	761
442	573
180	573
342	406
820	933
765	997
317	578
242	404
228	240
95	650
711	882
301	984
755	925
347	871
653	877
859	982
792	992
685	866
575	994
891	934
514	984
674	936
970	998
734	987
169	949
683	941
153	712
361	890
461	828
824	880
553	831
284	643
294	836
674	828
775	880
104	712
472	879
492	528
750	823
254	885
722	990
796	939
856	990
534	710
713	941
465	839
740	778
358	484
690	957
316	487
803	834
329	951
544	839
264	970
606	936
969	988
845	952
652	823
146	951
858	891
714	883
276	657
56	913
840	995
14	916
397	654
830	950
761	850
805	893
717	780
288	374
143	922
517	840
159	903
379	906
520	845
816	907
38	613
943	948
263	960
510	837
138	965
480	665
955	958
633	907
765	797
264	515
453	976
828	853
236	978
511	917
700	853
772	958
194	981
529	971
251	963
867	966
619	864
605	966
765	918
773	779
809	961
341	627
828	974
700	974
299	630
373	579
423	925
579	913
615	866
327	813
248	291
258	979
547	853
855	969
693	907
874	982
582	810
76	184
375	746
848	966
547	974
901	977
352	469
904	982
581	972
655	921
194	297
586	821
556	915
93	888
79	990
354	929
789	857
426	805
472	921
766	873
609	926
655	813
534	752
501	575
336	767
685	921
850	988
299	885
252	773
558	816
687	701
866	932
442	641
226	757
438	936
61	949
878	942
616	942
473	893
500	996
99	423
255	936
155	998
296	937
384	821
258	416
838	991
842	881
83	829
279	475
657	835
247	937
863	940
608	650
379	827
150	775
134	767
645	717
464	642
823	989
518	649
215	840
160	904
289	789
597	942
944	986
531	588
94	550
206	791
963	999
830	884
902	989
668	822
615	666
248	909
927	938
949	956
164	915
731	999
284	953
178	971
314	566
830	897
506	736
179	378
280	430
139	979
524	790
601	781
854	961
36	972
594	741
129	153
189	921
304	908
268	985
670	736
35	225
802	892
45	684
941	970
572	844
677	897
622	961
682	975
797	962
811	860
93	580
117	974
203	977
547	787
607	801
934	967
813	906
656	959
695	806
552	986
767	911
90	174
711	750
480	854
325	980
628	752
755	793
922	970
584	911
429	808
649	811
420	988
695	927
235	942
711	871
554	924
273	645
130	862
61	991
479	750
778	817
753	989
67	927
208	408
966	989
503	999
262	644
344	417
209	229
808	817
183	994
835	920
665	768
799	997
97	432
224	473
570	881
597	984
382	830
65	894
211	948
338	989
52	137
604	879
783	881
683	943
144	894
130	996
727	986
391	1000
532	710
699	887
559	584
456	900
643	992
536	600
646	997
360	374
692	884
731	812
722	992
689	815
548	839
639	994
713	943
620	715
435	669
33	366
833	944
866	892
714	764
409	653
562	895
564	941
522	715
272	769
360	616
406	503
304	721
636	965
749	842
352	913
305	838
731	946
772	947
804	899
807	904
881	890
270	736
449	967
490	739
214	804
30	983
200	906
363	375
406	745
73	801
399	971
344	806
894	950
536	976
635	955
828	855
271	678
152	986
765	920
792	794
23	54
809	963
167	742
828	976
234	503
387	745
640	925
459	850
220	339
307	981
100	917
378	632
273	350
677	965
718	966
360	992
602	791
588	856
156	933
431	643
193	1000
741	805
94	994
542	861
406	1000
748	966
767	979
574	813
725	982
799	931
752	856
442	630
262	928
603	992
146	753
289	307
519	998
899	990
43	251
810	918
644	885
387	1000
588	990
192	990
789	980
384	931
945	998
736	824
856	926
606	751
413	585
878	944
919	982
960	983
657	945
454	882
877	985
25	705
51	906
516	942
342	826
115	369
722	818
708	883
653	947
587	593
564	875
641	829
520	539
136	842
478	542
345	952
367	711
231	850
418	942
117	950
136	963
805	829
529	894
276	485
362	488
231	971
647	886
740	848
867	889
946	953
522	891
429	663
508	956
742	894
420	843
814	999
277	794
48	971
323	910
182	907
638	958
259	373
476	896
24	735
566	789
