612	905
423	740
918	948
661	797
707	913
526	838
927	953
435	979
691	905
825	905
811	970
85	866
112	969
594	972
800	848
48	984
304	910
1	872
684	902
922	959
110	815
242	971
897	902
15	928
538	969
436	921
150	335
413	974
315	402
199	456
195	980
396	741
341	805
809	910
528	631
128	926
598	875
7	636
105	979
526	972
108	984
801	911
438	859
746	975
424	695
190	528
603	926
864	967
360	939
69	238
454	803
640	993
63	918
519	703
72	886
452	878
567	865
70	584
556	972
317	461
358	462
778	819
74	703
734	978
674	698
808	927
560	862
389	980
494	996
502	591
405	924
713	811
840	852
685	978
542	929
349	763
206	714
63	931
104	703
394	950
543	750
634	639
129	881
597	986
776	988
784	812
555	760
35	724
585	868
460	873
330	763
44	894
775	884
761	949
38	362
659	938
764	991
442	940
879	941
939	992
923	984
460	994
534	943
513	591
900	1000
358	717
812	887
757	951
798	989
44	786
20	843
851	1000
648	900
455	771
708	951
763	887
688	713
797	885
164	972
439	948
733	900
497	889
134	837
230	774
698	879
703	728
601	946
853	901
495	964
575	664
392	957
645	908
950	955
647	954
402	857
443	895
797	898
5	403
832	855
496	906
771	845
619	976
751	903
374	916
621	793
244	806
767	847
827	898
469	924
251	967
110	991
485	905
707	981
507	627
605	970
378	513
314	757
943	965
216	865
524	981
725	971
744	984
642	973
771	858
573	873
213	567
774	863
456	702
253	639
299	984
896	974
71	339
288	862
678	751
282	293
347	688
223	881
23	298
88	693
850	979
197	599
725	984
577	820
117	347
718	981
341	994
299	997
588	871
679	989
49	822
868	925
54	937
678	764
86	889
755	984
562	818
667	871
424	884
933	990
165	889
289	430
748	981
268	492
312	764
699	944
900	934
845	998
726	818
798	923
495	885
627	812
319	659
236	661
585	815
309	651
359	997
111	895
568	582
372	707
914	990
132	954
457	485
844	931
467	944
613	998
733	834
34	833
960	998
743	1000
302	732
407	785
756	939
2	965
117	952
673	904
136	965
860	996
893	944
516	957
423	729
464	538
414	946
255	364
587	837
895	953
449	903
605	891
443	600
219	855
131	971
291	960
266	378
353	791
155	318
251	780
297	896
242	960
316	909
209	783
622	952
487	498
304	791
45	796
608	909
929	964
552	977
712	966
147	928
45	917
482	918
361	399
75	796
149	745
677	901
61	632
487	740
294	574
767	794
917	967
829	854
75	917
586	867
223	815
572	969
295	920
971	974
412	687
70	694
171	517
479	633
162	697
561	931
349	523
555	628
560	972
351	569
783	980
7	530
493	918
878	988
518	682
759	808
970	991
822	864
385	826
63	812
651	982
609	985
375	818
669	999
667	926
861	940
570	993
465	711
878	880
924	996
564	690
330	523
495	819
137	882
398	886
940	977
217	582
766	824
521	993
620	706
437	999
316	709
490	596
784	814
223	252
164	840
995	997
34	996
103	601
664	934
502	835
884	937
376	467
507	950
331	953
842	940
988	994
559	588
569	781
426	998
305	937
310	786
733	889
805	994
879	943
461	955
53	901
777	932
851	881
455	881
796	945
620	948
331	845
587	771
881	989
914	937
418	999
793	876
559	709
825	828
76	969
571	948
648	902
890	930
69	966
844	999
222	915
698	881
376	830
758	895
791	843
615	617
642	720
67	260
696	956
715	969
314	625
508	905
453	969
346	843
654	959
225	553
772	951
194	974
730	954
697	777
909	956
241	497
265	854
251	956
3	625
603	620
809	954
188	792
21	386
480	671
94	864
512	623
97	115
360	983
415	690
533	682
216	975
390	862
772	964
610	902
931	957
353	980
22	880
727	898
572	795
186	988
101	880
1	942
257	639
40	870
311	875
223	991
181	994
570	806
878	922
597	680
711	930
26	827
507	871
130	921
842	861
470	989
234	978
382	876
671	750
588	981
199	876
667	981
755	865
414	572
875	930
116	878
553	879
584	983
859	922
699	704
831	860
849	877
178	709
857	997
535	983
810	922
740	826
91	417
611	712
891	995
297	522
789	984
453	769
539	809
30	437
33	183
706	986
604	938
819	863
277	543
226	992
4	650
735	869
157	892
298	602
303	946
979	1000
44	951
659	766
571	653
543	820
166	833
97	962
83	835
377	787
349	954
710	933
70	78
789	997
62	897
227	964
464	648
501	715
143	970
647	769
214	621
742	777
392	664
777	1000
288	543
749	901
895	955
224	787
243	800
633	955
490	906
526	600
25	843
930	949
522	895
369	387
346	898
828	901
524	904
469	968
450	726
325	731
619	912
261	975
748	770
607	794
758	963
496	963
191	852
91	914
672	896
691	909
355	960
825	909
828	914
291	975
487	621
693	955
249	978
598	866
744	920
769	950
581	670
126	763
253	575
855	909
896	910
899	915
799	977
959	966
100	976
917	969
77	992
94	932
253	925
841	866
290	992
288	919
725	920
535	796
595	810
584	917
606	676
336	815
905	972
371	809
794	912
780	977
618	915
530	802
697	979
535	917
58	992
488	576
340	412
787	872
616	990
354	990
951	980
65	887
734	982
104	815
467	638
613	692
558	756
632	705
439	576
465	942
317	815
704	995
745	996
757	821
662	998
407	479
357	887
384	990
439	697
525	700
577	890
351	584
571	816
461	944
230	294
37	882
942	988
92	589
372	872
872	929
261	775
388	587
830	932
486	893
342	885
824	888
496	534
465	955
587	652
826	934
756	875
761	953
847	993
520	598
62	952
544	955
464	703
390	488
460	998
317	949
40	146
754	950
872	942
550	891
99	955
622	996
118	968
608	832
145	842
654	948
420	781
459	480
791	953
689	942
422	827
205	829
675	778
928	958
724	899
316	845
302	910
825	951
673	853
714	891
79	380
36	912
292	609
218	394
517	956
913	956
874	964
18	979
427	918
702	894
89	630
746	900
121	848
462	912
429	735
943	956
173	220
758	910
128	743
45	974
790	862
821	966
29	212
103	161
399	977
259	674
894	956
223	751
383	740
424	741
704	795
478	977
128	864
730	969
573	985
829	911
232	692
366	921
600	859
75	974
126	939
630	738
387	980
170	982
885	964
783	916
375	862
609	800
820	983
572	918
713	857
718	972
778	986
19	934
198	936
192	862
618	970
669	935
768	914
364	824
166	351
331	647
336	991
933	981
148	940
468	918
19	826
363	636
151	945
211	996
390	998
286	352
398	593
926	978
198	239
466	993
199	878
278	942
102	945
657	938
354	937
877	978
192	875
233	647
899	996
310	830
752	983
604	819
29	588
972	986
37	937
328	655
713	991
317	991
873	980
410	953
532	650
270	650
41	827
352	948
907	941
184	354
340	830
446	997
152	550
55	846
696	879
558	945
673	895
29	830
411	895
585	819
893	935
805	822
268	846
612	656
851	938
656	699
23	786
391	953
886	895
476	997
641	835
742	887
291	951
365	671
180	891
422	653
526	710
182	671
209	774
66	725
401	715
2	969
709	831
84	779
332	615
392	666
299	438
285	503
254	961
736	964
106	797
97	977
936	995
568	599
633	728
366	613
98	798
487	610
712	728
846	957
721	962
499	849
292	785
286	970
795	847
192	325
790	917
848	895
237	970
366	855
214	986
451	670
506	865
528	624
748	893
230	967
712	970
321	331
670	973
785	960
389	960
141	629
834	852
433	508
283	978
588	796
127	172
734	850
49	747
637	917
978	981
917	971
158	919
875	974
355	975
373	992
41	290
454	688
514	739
734	971
799	871
852	963
328	697
518	565
864	973
602	973
65	997
51	833
329	814
226	807
658	989
28	822
88	873
817	982
65	889
970	995
66	296
269	884
866	874
475	989
306	951
768	982
787	995
349	769
435	772
803	939
844	977
949	993
238	938
121	124
282	715
590	831
125	997
708	823
42	999
391	887
449	828
416	651
789	933
80	436
338	997
635	695
175	710
824	890
865	928
906	929
925	942
353	716
485	643
523	898
113	1000
798	874
641	890
627	992
164	965
761	955
580	880
566	716
557	896
161	667
620	952
738	944
839	996
545	549
710	882
825	832
267	541
547	595
791	955
548	968
969	998
270	960
399	616
22	629
27	973
839	888
448	966
30	978
723	942
635	829
487	665
615	850
22	750
677	947
704	784
38	960
470	617
13	149
887	905
114	460
573	974
581	835
108	911
311	745
880	902
420	917
602	894
822	897
244	691
151	463
491	797
329	735
482	977
397	906
493	843
875	908
135	869
561	977
690	862
15	989
32	404
68	586
871	910
790	985
314	992
303	574
456	816
308	689
220	576
514	794
500	859
51	767
926	967
576	854
3	992
306	764
820	985
584	974
658	923
80	946
630	861
79	987
817	916
96	402
896	980
13	633
21	982
577	934
637	985
711	934
912	924
535	974
442	517
199	759
815	991
741	813
727	915
823	852
975	980
787	929
336	764
905	921
965	972
882	937
687	698
549	993
783	931
631	803
488	754
125	702
518	862
50	528
743	980
280	990
228	534
660	982
766	883
530	872
411	655
53	947
576	988
423	480
777	978
851	927
433	939
975	993
226	875
231	953
622	811
830	989
863	937
393	759
351	991
907	943
122	902
263	649
543	932
842	999
504	940
437	950
60	963
177	316
902	986
860	989
307	547
279	714
466	540
927	935
696	773
948	994
282	904
497	829
612	779
629	948
670	720
582	607
301	365
719	841
228	789
217	896
781	938
203	961
60	158
712	838
390	558
270	907
793	948
58	499
189	918
244	625
450	959
524	908
771	785
31	746
941	967
820	906
457	854
264	459
184	961
695	911
280	669
15	923
183	736
595	680
80	988
195	975
732	914
952	954
253	916
547	905
676	790
533	970
239	523
450	972
422	910
293	988
769	954
292	800
61	867
966	973
451	793
570	744
776	849
289	465
877	901
445	978
665	981
343	967
362	980
799	981
375	690
273	642
259	744
567	860
699	750
644	814
253	929
542	803
313	980
954	976
197	768
389	975
871	978
810	968
447	916
452	994
278	878
947	973
176	867
416	519
822	978
21	929
819	909
764	973
43	193
276	401
171	873
73	301
116	937
205	457
878	994
657	995
420	530
893	979
444	887
26	899
361	889
722	868
474	766
97	779
735	807
720	943
668	753
434	586
866	997
819	922
208	997
211	248
414	873
469	543
183	186
372	876
427	546
611	892
798	984
495	946
32	956
11	604
489	643
976	990
571	941
851	995
443	648
641	892
30	967
921	946
411	844
571	833
879	949
212	900
408	546
881	995
592	892
330	892
292	371
869	877
277	965
189	623
450	893
59	779
274	667
174	729
312	959
367	895
110	973
807	901
25	902
677	828
286	906
841	899
514	541
612	847
422	952
298	916
394	624
575	672
728	914
676	724
5	519
827	893
887	907
152	983
804	909
890	949
480	785
251	962
380	847
806	955
570	678
487	909
505	734
706	724
375	853
394	866
801	961
396	912
266	802
519	982
101	994
417	971
475	912
447	850
755	966
669	697
889	966
741	802
861	867
211	987
679	863
183	925
200	340
945	982
199	869
218	882
240	412
768	797
732	874
391	581
248	761
877	969
679	984
810	915
567	928
741	815
129	931
243	538
432	703
905	923
850	987
757	759
803	875
145	646
164	659
153	995
208	702
166	705
634	810
686	1000
960	980
597	928
239	954
756	921
830	870
632	885
24	248
185	839
656	690
754	996
205	525
358	767
325	590
192	1000
508	711
654	765
304	652
791	999
20	893
906	986
395	770
837	886
504	942
941	943
160	903
622	934
963	998
580	708
120	952
175	659
851	942
312	893
765	838
911	929
175	780
6	971
202	617
441	899
381	619
586	728
222	976
225	722
640	735
915	940
188	840
615	907
17	958
494	617
172	566
196	960
807	848
452	620
493	658
200	850
160	219
827	948
697	838
427	977
452	741
820	908
603	910
718	897
607	800
290	864
697	959
12	856
174	689
374	979
748	897
970	973
109	910
463	913
370	685
350	972
704	975
143	413
542	684
239	646
679	918
665	983
835	906
12	869
741	978
89	823
671	919
776	972
154	400
357	759
447	918
553	819
647	683
924	991
266	991
233	814
407	701
701	919
448	473
921	922
458	932
315	883
958	989
669	886
741	991
671	932
146	818
182	475
525	814
81	837
488	932
328	714
768	986
215	773
701	932
406	489
461	950
326	991
942	994
205	472
707	831
316	946
476	706
833	943
362	540
446	948
443	879
622	881
368	476
318	884
547	707
87	722
73	787
964	995
515	903
476	948
302	795
897	941
916	954
294	382
887	896
744	847
950	952
691	957
283	903
603	844
145	969
103	972
656	892
697	893
661	970
149	795
897	954
693	895
560	780
665	796
785	898
207	921
848	954
691	970
883	911
10	986
739	903
744	981
945	971
711	804
204	973
575	916
368	852
813	973
692	912
912	915
581	852
672	970
873	960
861	869
680	794
28	639
243	298
657	810
607	989
646	917
352	470
764	909
246	983
755	860
97	594
386	468
845	982
979	982
632	874
164	540
315	938
659	748
254	699
870	931
391	933
157	766
905	925
803	877
750	987
925	988
111	771
694	826
312	532
625	992
427	482
803	998
963	987
319	656
489	579
761	772
673	888
731	866
717	931
359	994
474	944
749	883
432	718
509	938
541	890
483	885
235	783
923	928
474	836
77	611
779	883
335	906
985	988
622	936
481	960
195	374
415	606
439	1000
580	939
874	891
198	379
712	829
953	955
532	898
633	950
425	957
334	546
57	911
795	840
561	673
203	965
549	555
480	721
366	848
707	912
267	842
709	958
910	948
234	436
381	863
155	786
149	742
737	912
126	758
420	976
244	979
161	981
235	930
257	689
752	897
755	902
366	861
667	789
773	956
792	969
107	866
759	792
234	678
569	631
352	404
799	864
683	918
208	396
581	907
534	795
553	808
759	913
341	925
382	926
234	799
762	918
836	867
574	867
665	985
899	923
502	698
859	972
690	934
951	975
662	872
674	926
49	874
720	813
847	854
714	739
669	996
845	929
738	803
643	980
858	868
641	870
286	413
403	998
819	913
259	990
400	929
419	942
18	598
460	980
856	980
854	870
334	346
900	986
292	349
550	644
715	940
467	875
849	940
527	889
580	752
912	996
309	932
612	704
824	883
689	924
823	924
331	950
330	991
509	993
803	945
687	999
442	939
636	953
615	830
881	986
143	791
201	998
25	772
411	956
626	881
890	927
716	774
260	494
740	902
261	904
605	714
825	946
305	947
323	964
505	712
702	997
55	920
897	943
723	827
855	946
716	787
661	851
682	910
684	956
904	959
383	964
171	556
192	615
720	734
771	965
573	980
521	790
655	790
671	734
676	849
192	736
660	841
348	983
458	626
34	564
774	862
586	811
584	967
718	967
50	508
753	924
750	855
447	854
306	878
308	924
421	801
321	863
588	978
674	981
95	816
571	745
631	796
483	632
722	914
667	978
235	301
424	991
768	801
680	688
743	973
660	975
775	925
541	758
219	707
502	766
757	992
454	991
154	699
696	753
269	945
84	640
549	999
733	820
824	938
483	645
529	761
840	919
377	892
886	998
31	255
638	933
55	612
252	897
673	890
167	301
282	776
271	358
837	998
138	768
243	784
666	887
726	938
330	938
508	944
332	718
208	948
423	836
423	607
114	495
41	956
564	997
779	885
737	888
943	993
323	790
791	895
610	820
656	936
601	1000
202	500
408	834
347	595
237	723
8	900
180	189
806	880
173	967
462	841
561	783
888	949
406	909
621	834
538	836
409	951
183	608
408	726
471	782
283	960
536	911
362	960
524	793
279	962
228	916
171	382
47	575
313	960
98	806
165	567
552	976
445	850
450	965
147	927
134	436
227	627
650	730
369	976
451	786
778	915
415	863
776	842
899	912
436	922
472	616
563	734
306	812
414	611
889	904
410	869
470	920
644	807
363	794
179	973
776	963
528	861
693	965
822	850
305	560
293	994
67	917
628	984
372	506
542	917
338	858
866	977
940	963
618	912
525	684
329	809
563	976
180	686
120	406
658	984
220	987
872	913
349	643
335	708
849	929
893	972
530	920
810	974
717	746
268	654
82	235
722	861
741	874
441	582
861	939
247	982
729	985
555	869
863	985
61	68
835	923
342	990
115	304
421	990
995	996
544	831
865	923
115	425
557	770
906	924
469	657
768	990
279	762
666	942
36	775
583	944
677	808
98	606
207	778
983	999
295	598
503	547
291	893
547	819
318	996
833	947
87	834
469	899
529	950
730	940
661	840
647	942
424	604
99	844
522	947
314	732
503	668
718	822
360	848
723	937
786	956
593	827
450	778
340	906
441	958
656	883
821	950
862	951
210	796
58	668
96	960
672	827
751	891
360	969
695	959
547	832
874	961
354	437
395	963
931	943
716	789
9	375
52	974
19	797
748	943
45	971
716	910
287	733
22	987
42	673
938	959
649	856
896	962
145	276
618	725
683	854
158	969
75	971
873	951
892	964
289	405
583	623
588	967
558	795
885	961
100	920
394	872
755	851
130	799
135	877
787	803
919	959
344	462
896	975
192	859
577	929
477	991
356	472
488	857
452	934
39	536
842	860
565	811
933	978
745	927
662	929
720	870
145	639
665	934
667	980
226	749
708	752
229	754
845	986
248	767
720	991
324	762
590	881
805	806
815	999
708	873
812	930
798	803
668	693
401	578
866	937
117	819
284	932
518	870
826	986
191	475
96	881
421	937
321	999
481	951
42	123
860	984
309	881
428	832
851	935
548	897
413	938
955	992
927	930
531	701
591	715
663	820
200	830
814	989
57	781
888	938
43	617
395	776
240	902
909	997
620	894
408	486
881	935
127	961
572	823
85	964
814	881
621	715
717	948
288	771
496	949
152	910
193	911
293	849
716	952
876	941
719	957
719	728
8	902
605	892
424	551
484	602
47	335
332	962
100	841
705	951
127	974
66	964
156	857
706	772
188	846
95	618
480	954
521	726
889	893
655	726
479	729
391	616
281	744
415	973
704	847
79	795
579	852
408	970
482	919
260	806
568	959
222	285
139	287
92	441
603	916
503	978
570	739
583	678
244	983
729	732
959	965
838	904
586	868
732	922
625	796
313	975
743	788
305	562
609	973
829	976
87	339
634	737
713	801
685	968
487	983
113	742
555	858
882	987
112	288
310	532
939	969
634	858
699	987
331	591
638	748
817	979
836	992
951	979
252	941
733	985
62	817
631	974
428	874
736	990
426	986
42	57
687	990
525	699
958	995
367	527
680	987
638	990
913	929
379	995
286	538
258	705
645	885
254	1000
515	775
587	651
721	880
886	947
729	1000
641	887
737	824
668	990
758	883
367	769
334	592
622	995
392	947
524	837
785	878
389	420
36	790
559	831
927	998
572	770
429	950
214	796
300	836
570	660
869	993
492	777
579	665
758	896
45	731
821	952
683	722
342	429
89	737
438	662
154	903
591	904
589	831
52	855
998	999
597	655
709	896
506	796
607	848
175	962
348	853
760	834
295	963
264	630
28	390
179	788
160	509
371	729
646	668
945	964
265	976
375	619
581	724
64	168
616	910
616	681
607	861
390	863
174	979
683	856
843	845
120	221
278	807
787	913
873	953
933	967
685	902
652	725
253	979
46	686
882	921
390	984
431	985
835	846
26	936
67	974
711	810
683	977
584	971
754	857
64	410
690	872
762	977
674	864
197	710
852	907
838	972
79	166
461	985
535	971
567	923
933	980
196	687
77	241
371	984
641	808
849	986
238	869
150	985
967	978
29	466
249	698
823	970
479	931
793	798
215	821
960	975
272	574
544	996
599	703
538	693
323	539
326	810
59	695
583	880
247	931
453	770
420	593
860	865
175	762
791	994
510	752
568	693
430	759
471	531
278	365
443	698
902	983
453	891
411	894
516	947
51	322
142	706
557	719
531	932
668	937
427	959
848	989
760	876
536	902
723	994
811	841
575	830
561	666
681	997
915	935
63	655
772	886
937	953
255	596
17	953
34	139
894	997
448	910
608	899
809	889
313	951
869	940
929	954
566	902
748	879
767	892
684	894
49	383
381	856
890	999
389	717
265	910
210	974
399	910
503	967
404	961
734	836
472	836
276	961
486	505
145	212
563	725
438	959
106	220
611	621
179	735
588	674
285	865
674	677
519	803
136	513
494	975
361	860
452	978
56	749
643	960
132	744
467	734
637	916
609	854
741	973
553	922
859	965
231	642
831	903
850	916
330	392
662	865
569	637
954	973
539	731
497	505
264	940
307	344
845	922
275	806
462	632
233	809
486	989
789	798
238	924
16	811
183	988
780	978
733	866
53	878
958	984
245	819
28	821
124	758
58	175
531	624
99	701
539	744
95	996
84	578
226	927
54	177
9	929
83	878
565	881
928	933
798	860
407	938
462	645
233	822
879	933
386	771
210	774
116	358
484	525
434	933
696	704
291	884
258	478
739	751
510	699
207	890
389	409
721	882
229	945
812	1000
108	884
490	949
927	987
242	884
930	992
341	597
217	827
43	903
626	995
846	998
698	871
763	1000
923	989
964	990
582	659
22	736
493	587
839	995
402	728
214	906
299	492
582	780
193	739
800	895
700	957
193	860
67	492
834	893
896	953
808	840
899	958
931	947
697	780
595	732
498	799
336	737
759	840
674	732
841	909
154	208
576	611
414	549
345	678
686	742
498	691
198	924
368	847
676	963
574	915
500	737
637	971
241	742
375	971
554	973
72	933
810	899
428	568
378	976
259	796
933	969
630	968
831	958
19	814
146	855
51	995
206	640
258	278
604	686
507	753
326	678
878	925
542	976
963	969
393	853
257	992
296	920
810	912
669	936
956	966
344	587
803	872
412	987
847	915
296	812
39	890
326	920
534	869
40	68
666	988
104	992
508	816
687	818
599	705
733	934
626	808
791	875
763	813
358	993
391	941
105	584
344	600
173	947
352	949
816	824
828	878
520	533
585	928
731	982
906	983
818	870
18	780
944	982
663	703
470	537
327	488
220	362
860	988
120	949
389	585
735	993
36	726
738	998
416	947
677	988
765	835
897	991
575	711
610	934
804	948
477	553
730	770
705	942
806	994
691	778
589	996
281	614
415	843
800	950
767	773
101	912
293	853
936	996
977	997
166	260
121	783
126	861
167	899
676	776
184	839
780	833
197	512
188	958
260	797
586	967
965	1000
506	974
46	730
841	964
799	967
100	966
577	625
636	680
701	782
472	959
632	682
274	974
475	964
678	798
199	800
190	980
190	751
778	921
710	723
32	579
123	697
731	782
750	795
447	794
433	859
129	862
652	903
776	969
96	456
891	919
431	934
491	985
893	965
840	846
224	348
289	706
564	682
605	683
104	926
49	990
761	930
250	751
497	857
590	819
53	880
631	857
923	965
460	975
418	978
74	939
638	981
757	932
182	701
344	534
27	827
421	754
770	871
398	999
7	885
791	930
414	980
6	889
823	919
909	922
289	948
201	872
187	937
858	876
154	531
541	940
539	867
659	932
645	997
617	935
684	696
216	362
730	812
793	868
275	942
527	897
198	658
906	930
422	817
45	830
293	666
601	819
609	643
22	846
531	989
719	774
779	825
85	902
341	599
869	984
79	599
695	831
337	894
245	487
264	500
31	908
241	489
176	774
322	828
47	623
556	766
468	653
1	921
90	212
664	713
862	957
567	780
402	972
878	901
957	965
79	962
597	659
5	747
832	970
436	970
73	918
114	919
546	613
15	159
484	903
778	855
487	908
238	618
89	983
452	806
498	922
418	670
690	863
752	960
425	565
857	976
774	978
667	852
606	842
933	971
224	511
905	909
368	970
454	973
583	629
285	935
808	976
431	989
384	914
664	968
824	920
865	958
521	919
87	398
782	923
565	925
498	935
231	820
606	963
28	757
639	911
699	925
27	761
944	958
476	624
104	981
715	869
252	879
849	869
458	984
332	350
576	976
791	864
851	915
562	812
763	802
708	866
914	971
100	229
721	805
583	871
891	987
90	938
492	689
819	855
455	807
837	872
606	976
279	581
421	930
803	995
522	982
324	997
181	423
742	756
62	997
217	642
733	936
428	825
804	816
955	985
113	935
569	949
173	720
85	607
379	825
742	877
272	699
828	880
483	882
612	767
906	985
610	694
510	756
708	1000
312	1000
675	823
628	711
432	836
242	941
545	713
44	956
80	613
517	651
742	998
814	874
640	950
673	898
60	146
469	839
413	944
707	896
438	479
591	721
167	888
888	944
767	883
772	998
323	906
610	936
739	821
711	722
568	939
568	710
760	880
111	434
572	829
364	385
800	952
357	611
670	842
255	600
515	968
609	832
499	960
177	909
471	898
374	965
468	829
662	843
230	957
404	844
868	948
151	398
109	896
491	961
679	783
447	891
600	904
65	974
354	848
753	853
577	627
530	781
750	784
339	984
457	976
773	953
456	751
426	845
539	722
636	803
273	751
586	982
498	869
845	913
137	863
445	979
431	815
319	345
26	995
521	974
502	695
815	926
37	632
336	928
592	625
643	856
646	861
11	350
169	936
425	862
172	941
232	992
254	751
202	295
854	975
803	929
228	698
569	762
118	826
355	510
816	868
310	767
346	461
731	797
722	977
851	862
881	970
81	126
900	983
914	918
812	870
294	944
178	998
484	516
935	977
847	864
258	698
700	814
328	942
166	880
202	537
854	988
694	770
119	539
243	834
71	993
709	755
805	988
543	988
763	991
381	660
418	993
900	996
25	998
140	719
915	981
832	946
307	832
482	833
587	886
661	835
788	876
688	709
177	493
705	878
825	943
214	789
404	886
524	951
524	722
427	789
513	829
792	887
489	886
55	99
612	956
235	969
959	1000
422	832
639	766
952	997
828	961
201	540
43	920
560	658
11	150
307	966
324	381
642	956
315	561
72	803
399	969
600	959
223	972
383	961
345	440
919	941
630	838
373	916
156	918
646	782
417	959
16	386
114	921
637	962
852	887
769	889
218	749
713	957
234	959
864	897
10	985
109	964
546	965
665	916
843	959
650	793
787	798
181	988
20	747
502	521
636	750
410	932
229	857
644	870
523	809
550	683
426	913
154	454
835	852
370	981
7	929
967	971
356	817
115	462
287	983
521	921
185	935
562	693
624	753
209	282
489	565
544	989
879	979
34	924
870	930
97	714
740	820
504	809
454	988
187	873
624	874
932	990
457	468
830	979
71	927
219	825
272	688
425	930
948	971
800	807
356	830
312	989
928	992
50	760
688	751
691	756
489	807
121	411
663	694
175	876
804	818
620	997
694	946
821	987
86	309
751	928
696	992
415	713
630	638
387	422
142	820
510	987
563	584
408	710
587	941
334	532
545	944
526	702
302	957
589	987
481	959
742	1000
728	836
781	928
855	877
423	954
937	946
601	997
675	946
802	987
105	830
628	834
702	820
297	1000
545	836
314	903
517	774
593	998
73	962
651	710
804	952
788	944
614	828
746	947
880	947
308	492
373	850
651	831
496	957
158	898
788	836
875	953
811	968
281	739
179	728
910	947
662	845
767	898
887	963
494	968
783	842
141	621
306	688
364	629
570	963
27	455
206	686
211	801
426	726
519	917
780	958
711	858
604	732
309	555
774	914
815	915
829	850
438	965
138	673
97	406
410	866
336	688
36	167
46	855
54	975
747	902
272	380
403	863
475	968
529	679
327	989
182	342
393	791
627	729
186	232
606	791
518	907
592	856
537	920
666	805
699	982
833	918
571	918
650	982
669	995
722	858
886	929
467	982
949	985
49	994
90	995
486	995
527	996
687	985
654	808
277	592
411	821
837	929
212	877
740	996
900	985
14	892
849	939
281	418
976	980
236	941
387	585
370	941
934	983
598	768
124	885
388	931
911	972
10	490
235	837
749	829
619	948
705	988
204	477
300	939
770	888
313	649
376	934
684	821
455	998
629	885
697	760
802	813
661	837
614	991
707	953
760	816
11	957
33	716
682	896
19	552
542	593
74	259
87	952
141	663
315	550
135	619
336	609
644	725
594	904
676	943
492	893
874	958
514	652
385	730
915	996
482	848
394	964
149	904
765	907
33	958
102	563
551	655
885	945
637	843
444	677
683	959
315	563
213	781
875	900
542	956
776	894
583	728
607	856
808	846
539	658
852	889
752	951
153	622
759	846
148	921
327	923
523	569
674	967
775	790
319	510
442	846
824	911
70	974
409	440
125	681
37	797
648	685
669	808
801	964
61	925
509	792
435	577
393	846
687	798
618	964
117	682
733	914
590	865
650	916
488	854
216	395
708	857
845	862
743	851
228	405
486	929
431	993
546	980
714	793
226	975
529	747
363	980
430	741
275	867
541	986
902	965
136	937
879	981
376	397
656	680
504	811
275	988
696	752
589	626
511	935
800	809
731	975
610	685
782	940
666	994
826	983
215	829
127	945
944	975
429	758
641	937
420	938
267	467
626	814
101	434
381	717
749	884
515	717
554	645
559	989
806	866
333	942
434	994
626	935
48	958
818	876
59	824
501	940
397	819
218	551
242	945
605	997
691	1000
723	989
594	838
943	992
662	713
904	1000
422	768
31	617
471	889
894	992
591	954
677	994
765	841
424	548
570	602
709	946
184	832
127	261
459	771
552	962
478	784
426	594
679	774
524	900
744	903
480	830
246	663
466	895
237	843
149	959
801	885
383	897
864	941
836	842
877	880
579	957
596	897
771	898
408	846
790	911
628	849
540	965
875	955
792	957
473	682
211	911
73	977
199	793
479	847
570	736
924	968
528	968
618	898
155	908
475	849
277	339
53	860
361	976
378	916
556	959
261	745
373	986
475	970
414	960
515	517
59	274
372	734
432	519
456	876
844	958
500	919
627	960
646	973
448	463
750	801
923	958
14	881
3	463
333	863
935	968
351	917
236	701
585	855
617	807
548	936
496	517
501	861
215	992
344	877
418	863
449	930
242	637
383	576
176	283
645	990
557	877
939	979
983	985
642	692
740	998
215	884
306	477
724	990
261	1000
668	866
310	892
700	818
786	821
423	769
736	1000
918	977
937	990
37	999
642	813
895	993
380	813
196	992
633	993
545	651
724	882
911	974
300	820
272	987
709	759
98	834
129	184
860	928
390	713
502	954
450	764
684	931
73	777
326	994
804	996
367	766
353	831
158	592
360	726
487	767
717	1000
524	834
730	939
716	775
802	815
867	944
619	842
809	939
883	888
299	837
767	942
901	942
380	947
614	885
526	772
245	493
355	890
229	256
896	948
533	896
255	659
12	901
282	496
91	965
595	727
774	958
359	716
162	845
644	848
542	837
882	905
706	716
585	655
480	898
584	955
18	49
706	837
95	912
747	838
637	966
838	956
623	802
755	958
829	907
562	792
686	858
391	910
680	784
105	324
592	671
215	684
641	792
486	918
747	959
945	974
337	566
35	874
53	928
777	959
433	920
501	566
605	623
27	646
844	905
219	587
708	980
397	566
13	869
481	708
777	972
328	880
689	859
634	923
804	809
413	924
895	927
913	981
869	911
814	975
673	999
626	924
967	988
249	937
502	888
837	878
348	421
721	932
826	985
3	652
163	641
738	872
302	948
462	937
319	888
828	994
943	981
599	942
814	867
258	649
249	829
684	986
257	424
78	947
735	988
210	837
388	880
911	921
814	988
464	875
412	419
207	953
293	727
807	948
517	886
201	357
855	881
802	991
482	784
521	712
135	676
792	946
685	820
71	368
210	971
727	938
820	900
116	784
864	943
371	781
560	717
646	720
394	913
671	898
954	957
384	841
76	459
769	948
227	628
102	862
47	926
28	684
798	831
924	970
500	908
701	898
780	962
899	913
169	808
475	851
493	905
61	982
446	564
537	911
220	746
476	672
522	788
539	728
893	960
134	679
884	911
736	747
171	975
826	906
251	446
285	996
715	809
269	988
291	747
958	981
942	973
534	919
367	513
840	962
757	927
335	709
159	749
775	981
935	970
203	755
659	806
700	807
631	973
414	975
675	750
432	992
726	981
633	753
578	817
108	639
476	806
27	714
858	871
302	653
902	914
654	812
65	417
409	752
568	745
110	833
812	876
457	648
203	768
404	529
538	758
44	186
1	553
307	825
675	992
656	750
289	956
930	989
71	999
723	925
267	645
197	320
92	240
125	188
897	933
797	995
434	943
43	792
325	892
581	818
429	949
448	962
387	952
681	941
533	777
505	944
813	831
637	834
752	821
480	887
176	890
121	954
718	944
732	842
170	846
320	790
122	280
273	678
512	960
83	554
704	901
864	890
382	850
10	978
244	916
252	740
16	500
632	732
885	949
194	277
47	981
193	281
726	781
836	912
467	786
200	442
632	853
618	955
585	778
263	498
512	973
476	727
388	614
421	562
269	922
139	812
877	963
132	809
541	977
197	938
632	866
796	974
111	871
221	514
501	568
545	574
550	918
674	984
209	396
541	869
701	858
742	859
351	974
833	977
585	912
571	977
153	989
703	867
507	992
615	754
735	856
886	988
275	871
657	936
462	926
963	979
503	698
453	877
761	993
814	856
714	918
837	988
601	748
231	949
793	918
416	931
589	859
682	821
186	883
360	770
122	898
607	647
791	993
730	983
422	638
334	754
740	947
158	528
880	927
322	636
308	472
681	983
860	985
249	831
557	947
918	926
161	718
749	888
416	944
476	995
383	767
173	957
429	883
511	952
593	762
772	993
629	944
651	703
785	932
950	999
94	785
404	947
598	961
463	773
279	952
917	943
581	765
961	986
479	717
811	961
396	719
179	950
341	783
776	940
132	609
156	966
753	956
118	445
343	829
324	550
463	894
843	886
273	504
350	953
759	892
864	945
905	946
602	945
506	971
225	958
473	794
841	961
579	961
835	887
260	915
363	784
160	684
951	954
533	966
271	966
68	866
274	971
221	556
204	912
787	967
18	227
88	966
336	802
303	625
146	907
743	897
65	982
877	897
500	910
403	977
563	966
516	625
144	982
551	848
812	852
200	510
577	985
654	680
673	693
525	566
72	998
111	926
56	990
317	802
330	741
113	972
622	849
481	873
641	862
121	338
374	518
7	990
180	918
648	986
763	973
185	996
345	985
534	921
133	577
523	991
817	980
622	970
527	881
613	921
599	986
733	986
700	809
851	978
6	886
532	932
196	983
867	922
599	878
700	930
105	757
633	876
738	929
853	879
209	814
608	819
379	996
520	706
681	809
698	978
702	868
397	986
765	887
226	350
388	937
572	758
806	925
415	774
520	827
888	994
318	878
205	937
771	823
802	927
705	994
779	943
520	948
112	894
14	322
277	961
46	540
239	440
13	363
321	479
216	951
712	889
918	994
18	966
871	882
876	997
163	832
452	669
512	720
369	671
718	825
396	774
748	933
132	435
827	997
739	884
324	605
482	962
530	710
438	892
116	612
551	769
140	969
465	500
795	900
877	939
896	952
868	890
628	908
745	904
748	946
266	906
187	384
463	962
838	839
172	978
884	955
278	916
534	613
325	439
657	912
473	862
407	737
701	955
808	852
250	790
899	970
851	899
768	901
754	966
88	913
666	853
234	967
55	470
270	395
555	793
302	347
431	986
866	914
766	976
306	991
534	855
597	911
817	914
421	914
544	984
442	973
636	987
455	912
106	529
202	466
702	789
358	750
738	971
770	923
66	578
412	986
527	936
967	979
318	570
758	805
4	868
656	794
501	920
348	412
881	912
839	915
200	928
497	922
392	640
749	877
601	750
246	522
848	856
245	297
333	935
434	987
916	990
387	646
122	900
423	828
610	920
890	974
380	643
536	890
319	892
556	576
662	706
901	988
137	592
758	939
730	877
802	982
40	430
353	890
642	764
913	998
551	582
593	993
285	611
480	823
848	990
820	891
880	942
43	970
206	439
917	945
320	726
755	883
195	960
625	773
649	901
146	775
274	960
764	824
246	898
625	894
88	955
179	844
766	789
144	971
636	679
185	514
405	783
262	963
951	956
373	979
808	907
444	859
664	899
829	966
826	897
759	907
745	972
327	984
866	969
356	867
309	563
638	967
891	918
182	458
729	856
574	982
731	902
395	687
694	983
231	993
69	702
206	936
89	122
761	929
282	931
851	859
923	964
386	988
23	936
749	811
303	990
418	977
839	970
589	795
398	998
580	975
599	988
84	808
915	965
239	416
543	864
629	867
221	813
69	944
397	746
624	937
402	824
302	886
61	531
145	939
469	999
213	521
339	660
834	868
705	754
443	983
858	996
135	601
369	539
621	760
772	929
250	295
334	932
716	997
64	842
67	588
413	996
633	999
864	868
74	483
822	871
159	298
614	878
526	994
292	827
271	889
852	871
334	945
683	833
442	478
295	953
773	992
952	994
597	766
776	997
850	946
910	997
762	833
693	999
560	884
665	900
431	733
144	905
727	997
815	844
875	895
639	884
198	912
662	787
711	908
871	897
134	604
554	961
177	974
933	957
451	725
363	612
542	843
10	982
882	911
123	859
1	344
686	972
801	959
840	887
298	567
555	903
104	967
734	905
678	744
590	860
731	836
15	400
543	785
823	839
231	927
784	847
544	865
824	919
502	868
722	908
264	996
143	935
886	979
710	790
756	906
558	921
122	768
483	747
39	999
777	965
482	522
124	814
592	919
129	929
916	979
508	925
305	862
379	811
425	927
948	968
411	992
967	981
328	994
543	919
648	935
928	989
721	925
303	937
564	978
292	519
25	929
314	537
962	987
406	769
400	991
670	815
661	995
790	880
559	984
99	999
38	989
635	979
709	928
24	825
547	866
373	484
381	833
441	884
485	927
388	994
792	818
603	653
737	882
281	602
943	987
368	527
165	427
598	952
684	992
904	995
491	597
193	903
769	807
688	882
311	895
378	656
591	949
195	720
102	492
630	648
602	815
533	715
712	946
813	998
54	946
610	935
403	605
119	846
650	711
466	890
807	954
686	893
4	78
107	957
822	939
343	712
843	998
683	780
595	896
433	834
875	950
961	990
639	710
355	951
393	654
109	895
347	952
746	957
778	909
248	680
456	858
55	514
179	846
66	380
866	958
711	855
217	320
461	680
259	960
372	837
102	976
606	775
878	968
437	966
191	267
808	909
398	745
189	342
562	853
405	906
842	907
680	845
243	807
817	850
247	734
544	920
136	866
337	627
249	743
750	796
958	974
722	963
284	737
798	958
517	679
626	851
700	800
805	853
170	342
650	979
474	982
694	985
50	691
578	810
550	977
839	851
181	356
483	923
763	977
964	967
749	813
224	928
432	877
41	992
536	934
219	998
916	926
186	821
714	977
953	993
464	802
10	366
524	816
832	932
501	869
36	769
812	990
186	942
654	818
860	923
240	949
59	874
243	954
839	985
443	985
751	872
897	926
184	990
346	823
404	993
552	891
216	942
455	995
554	937
609	644
908	940
237	772
691	942
228	952
663	880
690	717
225	883
304	947
271	770
445	657
785	991
87	131
419	604
364	668
80	909
811	899
555	650
753	894
376	944
417	945
959	999
40	958
255	883
752	935
375	719
769	875
829	889
361	555
433	660
686	840
181	853
762	835
435	440
109	950
458	838
405	948
364	681
9	719
449	725
564	712
165	737
256	330
835	946
475	899
153	619
92	380
451	956
518	717
644	856
91	384
597	781
891	962
228	389
849	965
847	892
477	864
203	561
549	969
623	918
824	908
139	805
77	112
383	384
81	985
578	744
624	860
677	723
16	977
668	903
428	921
906	960
450	451
708	975
578	865
210	469
206	993
495	867
608	744
761	986
81	998
879	978
516	926
717	916
721	806
807	809
160	998
770	927
663	801
281	470
552	704
612	755
142	577
6	945
629	924
110	773
416	816
839	919
28	411
379	934
962	989
120	939
629	816
436	650
86	537
17	703
770	940
897	981
723	865
131	953
616	702
910	920
846	935
156	488
408	938
760	868
825	997
985	986
322	642
883	938
593	876
987	995
293	843
996	1000
600	1000
234	650
459	997
794	987
348	900
871	941
752	761
141	836
568	940
347	941
727	933
168	969
424	895
644	898
965	990
299	900
822	941
533	838
968	995
579	954
753	841
141	728
218	911
262	954
495	667
794	1000
374	377
632	672
389	951
659	775
669	968
39	801
4	322
745	963
665	970
527	740
766	793
819	885
72	870
125	962
777	888
331	572
504	729
490	565
951	960
440	744
443	490
104	795
351	672
824	855
474	742
680	847
611	976
110	465
844	955
458	919
115	516
939	963
601	675
578	920
485	500
178	986
319	696
566	573
189	586
694	987
661	810
100	285
867	915
311	468
481	879
527	995
608	691
742	920
828	923
907	987
538	861
617	925
629	979
441	928
150	227
399	702
793	858
545	756
531	858
149	527
44	999
159	986
277	941
800	982
934	982
329	579
909	925
591	993
811	996
649	705
409	989
276	874
174	826
329	471
760	923
619	947
839	987
880	988
718	926
602	751
794	921
32	369
54	653
656	987
191	887
245	598
630	934
971	998
107	664
148	436
506	898
748	926
643	644
459	823
189	962
693	990
343	648
246	944
655	883
595	603
359	592
457	898
603	952
355	887
919	929
781	995
371	831
679	947
114	909
535	939
810	878
521	775
190	904
551	883
4	256
993	999
316	491
109	952
780	891
558	778
263	601
810	999
125	896
223	973
162	963
181	976
187	727
354	904
393	832
90	565
269	796
857	966
222	455
120	673
447	839
617	725
378	968
782	792
449	848
485	542
523	797
638	784
657	797
256	453
51	987
835	840
217	727
296	791
819	832
507	974
708	964
782	913
9	963
229	966
518	840
382	979
738	843
879	967
337	684
464	725
851	905
914	961
336	984
526	556
891	977
333	915
393	966
756	789
599	805
6	934
455	797
675	800
784	972
622	910
517	628
159	920
830	859
262	338
305	974
682	695
709	798
101	649
82	407
730	857
694	934
119	703
853	927
310	944
425	931
786	873
818	862
587	929
821	867
867	983
180	282
402	883
584	631
594	824
580	926
943	978
640	940
280	634
337	939
681	749
478	649
161	942
376	867
790	884
707	886
855	986
406	894
681	870
931	981
302	958
429	999
723	988
660	868
68	727
637	884
119	958
191	834
614	937
655	938
378	889
760	991
89	786
214	966
262	714
322	765
808	887
426	593
431	900
973	991
871	943
232	956
773	822
105	363
262	606
759	887
74	784
5	684
473	789
822	943
706	997
329	781
370	782
766	782
92	545
42	953
176	953
850	897
5	805
473	910
379	723
90	620
444	852
296	725
332	382
370	674
669	970
419	795
345	617
83	846
745	965
201	838
643	954
863	957
467	728
68	982
62	908
95	856
126	169
604	962
153	797
590	798
259	964
433	851
326	725
856	954
942	957
768	841
157	916
859	959
456	983
954	967
508	621
310	636
315	980
511	626
912	970
268	868
865	895
823	898
25	854
388	677
250	972
816	858
313	503
392	567
557	863
854	857
316	922
641	978
663	737
76	940
934	971
194	932
736	986
271	398
548	935
666	927
608	922
828	925
869	963
492	747
901	915
763	981
615	817
36	881
210	768
140	938
682	992
640	995
874	933
681	804
934	984
739	745
832	936
596	925
918	976
21	465
17	989
573	941
779	817
586	651
374	997
88	640
556	745
594	1000
813	815
535	807
493	581
732	826
214	900
322	699
649	828
580	994
118	374
579	769
301	761
213	648
540	777
70	599
130	650
691	946
56	435
556	987
971	1000
809	938
10	733
526	1000
655	885
741	888
773	877
718	941
377	382
561	957
220	664
426	769
71	541
453	606
669	904
829	893
774	957
653	896
713	947
245	613
386	552
14	680
745	899
657	786
178	788
412	726
665	906
365	614
678	845
664	947
516	783
306	973
409	428
686	965
59	315
551	777
60	917
51	868
254	904
39	750
870	907
708	845
245	855
78	449
157	742
148	922
757	966
690	976
187	850
528	914
674	968
333	675
849	969
722	901
273	809
229	739
583	971
8	740
849	861
893	904
772	843
796	971
18	640
183	219
496	679
95	106
661	746
399	746
757	979
638	799
402	751
761	869
351	971
101	530
488	976
23	876
688	741
300	861
305	976
943	967
184	686
557	931
818	972
417	628
582	695
358	987
17	694
56	356
508	931
57	995
828	872
511	936
626	923
607	644
82	530
744	878
818	864
155	520
788	921
292	525
75	756
560	690
515	947
769	800
853	942
894	980
327	603
492	936
813	991
482	891
554	996
191	944
788	934
581	870
177	780
218	552
806	988
752	873
857	889
917	940
498	727
387	896
373	961
720	776
810	935
227	614
328	666
652	763
243	329
817	830
477	910
7	732
452	853
176	955
658	958
787	843
451	894
354	961
156	976
332	384
636	795
212	733
118	805
847	951
866	964
618	899
167	209
623	977
879	903
342	964
636	916
534	905
735	895
300	674
434	674
544	805
953	973
254	972
768	964
854	967
886	919
816	860
19	287
227	990
268	762
648	983
474	867
174	575
740	986
578	924
339	413
738	913
897	906
830	916
827	847
343	505
386	875
196	980
499	752
793	970
471	919
760	793
471	690
825	922
626	978
409	980
395	816
596	806
983	986
499	873
190	303
797	981
468	513
640	997
855	922
216	935
151	311
133	937
477	481
246	814
848	919
237	994
471	932
11	947
556	747
709	989
327	658
660	804
128	943
338	524
11	129
804	997
320	655
922	989
834	876
130	760
537	589
308	766
616	653
561	717
15	958
137	655
808	823
338	416
871	879
447	817
614	994
52	961
831	928
14	440
588	941
662	890
926	936
403	666
549	949
144	671
479	890
312	484
47	967
143	446
38	366
623	790
576	944
222	446
442	715
232	905
409	538
447	830
595	957
856	998
474	667
768	885
551	887
317	720
47	859
99	497
357	792
819	823
203	554
488	723
345	903
754	842
64	395
583	960
583	731
569	796
541	963
164	747
815	973
93	988
294	978
657	801
569	917
178	803
714	783
805	901
478	506
304	390
818	840
111	978
37	800
102	929
647	729
504	909
559	616
201	908
839	899
522	734
830	850
681	727
860	958
263	739
772	845
240	984
400	973
754	976
936	953
476	968
624	866
32	991
589	616
420	807
948	963
406	643
590	989
309	976
323	645
928	984
298	817
707	985
837	987
224	989
279	696
191	812
270	876
182	992
397	917
765	818
751	920
811	934
38	984
874	990
693	915
147	890
513	984
707	998
20	297
705	925
718	864
685	687
346	992
258	879
753	821
257	654
802	979
677	984
718	985
676	988
294	657
535	985
31	957
103	308
843	872
748	985
299	893
799	950
885	990
692	824
477	670
24	136
494	839
581	993
218	904
774	893
75	892
419	665
396	947
607	901
519	788
651	944
348	906
683	896
419	786
801	888
787	953
162	901
965	996
151	971
748	998
789	999
338	834
747	773
346	429
444	735
361	966
474	614
713	896
606	770
410	858
303	732
60	974
657	964
46	847
421	724
546	904
585	832
208	616
543	835
185	861
567	963
816	849
599	622
370	799
548	805
620	681
721	733
113	850
710	840
481	980
536	687
541	802
575	615
635	666
387	564
332	628
590	923
557	746
689	902
288	558
634	966
86	343
430	907
504	856
449	920
930	964
608	913
30	936
668	964
949	977
566	687
538	854
221	689
661	924
661	695
941	978
614	620
681	795
772	913
315	408
432	993
490	934
113	984
112	988
742	926
712	754
276	867
964	975
721	988
633	875
602	744
640	999
874	937
496	991
876	983
427	891
241	472
499	996
549	588
213	639
397	985
108	882
591	999
795	994
387	940
93	493
189	955
868	984
670	999
472	526
862	940
603	945
148	550
868	876
646	763
813	940
596	942
375	943
572	999
176	999
933	941
644	838
910	994
808	946
701	820
667	943
653	779
498	905
349	782
338	660
546	838
2	445
857	959
535	945
631	653
359	948
78	440
363	838
160	738
449	612
159	779
546	959
706	948
805	890
634	779
592	782
60	921
531	543
256	338
710	774
178	913
838	959
700	729
650	908
844	895
401	554
112	451
547	608
444	924
948	952
381	575
821	847
518	846
344	922
41	921
531	785
462	914
94	518
140	634
406	753
263	970
833	857
510	847
240	986
372	913
955	968
499	688
213	331
275	980
407	870
589	847
1	825
376	739
519	522
610	906
906	968
207	930
35	180
205	857
193	766
463	627
515	817
719	812
148	471
365	994
813	861
106	999
441	989
895	930
936	968
134	280
633	930
311	879
811	936
635	976
437	466
814	978
155	753
642	871
584	637
602	920
459	871
767	987
505	987
813	874
716	941
42	704
658	936
831	864
308	594
670	946
664	872
590	657
889	990
39	554
873	982
317	764
864	933
965	985
44	376
362	951
766	775
623	955
26	736
494	841
581	995
359	653
451	885
385	790
912	950
441	547
532	665
570	957
826	883
12	141
495	783
624	668
80	275
346	431
783	957
815	909
553	909
456	976
583	788
569	853
495	675
613	896
714	719
851	953
271	378
529	673
460	839
601	778
485	603
397	490
569	974
844	950
266	973
696	786
930	953
668	724
782	974
460	960
231	871
446	796
559	673
201	965
578	686
187	801
434	907
816	972
16	919
314	347
520	681
117	971
527	869
48	871
340	979
496	738
138	801
432	982
287	335
531	961
130	388
434	799
291	979
728	980
800	856
478	805
717	858
617	920
114	528
64	936
675	861
284	976
894	905
839	969
383	689
858	982
589	794
497	976
593	913
115	645
320	754
573	934
834	975
806	913
594	993
869	969
304	931
794	795
54	756
133	820
35	248
807	993
559	928
853	880
168	777
792	870
811	883
883	988
649	821
445	762
563	754
771	932
568	869
595	706
889	924
311	947
328	362
448	952
267	877
473	716
8	128
882	884
780	873
725	937
926	927
582	888
595	827
262	883
553	601
137	659
357	662
637	945
852	870
296	652
595	948
177	960
135	963
933	943
685	878
74	724
863	884
733	774
549	953
125	891
70	955
466	955
507	956
989	996
326	652
345	665
592	771
298	324
877	940
789	827
555	660
472	891
940	996
477	969
2	447
444	792
277	386
9	837
840	994
933	956
789	948
632	964
139	802
196	555
921	959
107	217
689	838
193	634
532	854
814	954
459	497
156	459
689	959
400	856
124	692
265	631
173	813
756	905
219	929
24	461
640	693
151	236
340	926
785	788
169	290
513	854
587	803
936	957
377	993
55	942
96	980
793	908
435	934
677	962
536	986
696	975
369	580
286	811
781	790
194	993
698	792
615	986
548	996
648	934
582	809
293	706
862	863
760	852
168	940
737	868
470	524
566	986
216	873
202	709
936	970
163	983
848	857
894	973
198	940
478	994
607	879
445	817
665	820
172	429
801	866
512	763
924	936
695	884
662	707
472	583
463	992
783	933
264	782
836	944
247	586
290	956
85	258
403	833
334	999
89	902
185	610
116	776
372	473
630	997
924	949
588	1000
32	782
266	720
211	784
123	900
968	992
926	995
461	895
961	989
787	836
352	844
285	854
935	936
577	962
458	782
711	962
332	377
221	546
331	677
129	957
605	657
949	955
990	993
747	777
76	572
296	841
134	779
571	780
464	654
199	908
419	911
157	911
620	672
812	842
858	958
118	919
775	960
849	909
912	965
153	913
851	955
254	736
50	677
726	960
96	793
927	950
591	735
930	955
81	929
139	870
92	795
620	914
255	264
603	681
503	743
508	858
401	732
851	968
647	909
330	973
415	522
313	740
222	881
758	861
881	968
399	928
545	982
299	697
640	761
769	848
17	984
499	987
378	468
737	815
112	992
267	637
809	920
473	476
290	998
794	797
752	800
494	764
788	982
705	984
779	933
94	830
267	758
635	925
734	867
679	931
123	484
250	296
834	990
171	417
23	253
929	998
841	885
505	936
450	1000
417	823
21	823
389	990
623	891
86	952
516	536
194	485
474	539
553	832
905	991
776	877
509	762
574	891
178	662
697	998
375	947
282	719
565	778
397	413
571	714
810	996
576	829
405	947
187	724
489	537
310	794
57	385
444	794
857	963
359	952
548	851
190	914
138	724
251	601
798	999
454	960
729	899
75	146
863	899
7	914
678	853
120	791
142	321
565	912
757	853
641	907
541	969
816	908
558	909
184	668
81	984
566	733
442	963
400	966
23	979
675	905
8	856
335	985
341	507
478	741
925	972
257	284
587	913
413	797
209	738
61	574
85	931
742	972
272	794
814	848
409	799
725	739
876	908
642	741
647	856
897	967
888	918
767	857
220	230
505	857
82	525
670	924
133	985
251	977
828	988
19	590
962	988
786	991
307	993
109	520
224	995
163	985
366	819
718	978
533	932
271	932
868	922
832	999
596	988
563	811
692	696
950	991
991	992
688	991
512	994
765	945
732	768
630	986
778	884
924	938
984	989
748	978
505	991
799	943
458	650
433	822
366	832
801	989
498	951
33	888
363	763
294	663
896	997
486	833
632	658
931	991
595	776
933	1000
437	833
831	989
671	771
354	835
2	612
58	958
634	825
819	992
585	825
180	776
284	604
528	964
132	964
847	946
150	789
365	677
585	946
144	974
92	784
460	951
212	849
303	967
513	548
611	854
597	956
191	268
484	490
370	913
29	620
645	852
469	626
106	574
826	900
624	914
784	903
770	968
627	956
756	841
324	918
594	742
48	983
772	785
837	914
494	511
559	906
900	970
256	868
335	932
663	734
511	865
48	875
694	986
136	170
196	975
320	516
559	798
867	914
333	980
286	868
401	855
346	919
547	909
621	858
712	976
60	67
409	975
739	850
598	874
703	927
274	750
403	635
922	971
182	932
834	858
181	478
915	968
557	994
340	996
343	513
301	516
154	991
503	879
341	817
709	984
795	987
901	925
463	928
604	638
540	882
443	986
369	771
355	873
737	938
415	887
520	940
454	815
695	941
491	882
959	987
21	704
76	374
664	810
394	949
755	928
130	876
741	764
875	993
713	931
908	941
314	956
281	779
234	933
831	923
690	947
528	885
951	988
440	772
882	888
692	764
678	829
664	931
843	933
394	841
755	820
562	654
686	949
424	949
861	950
685	990
679	946
775	883
486	780
981	988
439	705
659	708
245	839
639	995
33	956
162	841
644	844
289	616
456	793
844	875
849	953
866	893
236	726
62	610
356	791
461	844
323	385
400	605
861	963
231	796
50	721
826	942
377	850
297	598
453	845
921	950
520	606
618	949
477	973
98	388
736	904
502	737
290	329
288	485
312	613
914	947
3	501
77	450
789	952
682	789
756	775
527	915
250	903
360	509
318	778
717	783
777	834
818	835
842	963
353	735
69	976
127	917
256	573
457	563
66	449
497	901
392	619
552	571
268	812
328	863
596	614
675	907
661	743
236	981
700	856
590	984
428	922
290	692
925	974
890	953
257	286
513	966
241	278
265	635
325	686
242	917
962	977
258	861
323	990
557	928
703	982
202	700
381	931
307	753
904	972
155	625
367	804
224	984
58	692
707	872
869	907
43	828
693	910
827	910
206	297
596	977
40	759
238	286
697	800
950	980
320	813
867	982
705	920
542	633
156	826
739	918
885	972
237	936
600	759
875	927
649	880
13	410
752	978
217	405
563	813
12	939
227	598
498	832
864	926
321	418
197	840
288	995
141	945
810	811
438	939
653	827
107	839
12	13
537	652
313	944
239	729
729	822
497	701
683	891
230	357
428	601
414	703
507	894
419	781
845	889
671	773
762	891
844	930
123	904
35	791
926	999
425	717
865	989
736	838
507	786
188	252
102	966
136	964
645	841
736	959
437	848
504	609
509	953
724	841
784	892
11	676
608	666
269	971
907	962
714	833
879	900
342	961
152	800
138	902
699	969
545	731
481	975
489	607
673	916
483	792
736	972
235	690
749	911
702	836
14	987
614	723
826	902
779	790
761	921
544	923
263	910
772	787
194	810
271	505
68	405
740	983
638	972
724	975
335	934
682	749
420	749
406	814
800	970
915	957
786	806
918	962
152	934
274	631
265	811
339	760
215	990
311	927
746	855
94	700
272	972
84	921
712	978
323	937
491	521
804	981
788	973
600	922
195	873
718	914
575	865
704	750
580	980
459	919
404	983
915	970
233	347
656	975
458	465
628	876
306	825
853	994
658	755
198	999
266	645
753	992
706	917
147	953
799	879
692	753
77	894
663	991
671	815
883	994
602	981
924	995
459	932
51	612
491	884
57	134
655	992
58	773
345	537
369	894
368	935
762	825
321	594
123	838
343	878
926	933
609	997
347	997
685	992
275	828
564	702
745	777
762	946
729	769
118	615
72	913
273	903
634	882
873	935
859	1000
410	908
652	936
377	731
993	1000
454	951
583	836
891	952
935	995
439	828
226	949
202	326
446	952
377	852
344	675
379	898
16	846
324	962
599	901
747	836
34	900
411	621
147	511
83	792
844	890
252	978
687	906
103	855
312	965
573	740
564	957
316	855
797	899
57	860
580	901
203	914
221	968
529	855
515	920
334	616
485	785
215	924
605	850
283	570
462	801
608	855
682	804
401	562
423	809
615	979
749	979
224	865
325	917
31	470
110	763
765	923
806	961
369	465
360	874
883	915
392	863
276	917
441	984
675	922
788	799
727	789
672	853
806	853
350	573
594	933
201	221
352	353
353	992
526	920
22	892
806	974
228	997
443	922
739	920
384	692
843	977
380	987
287	759
683	759
355	930
831	859
646	813
799	826
752	980
62	533
783	818
576	754
493	756
634	695
295	1000
317	759
162	885
308	939
676	877
748	982
643	700
321	649
560	931
835	870
692	821
711	834
2	374
461	888
361	950
840	921
518	641
542	998
178	721
618	993
852	931
444	840
755	998
249	372
88	949
726	940
270	660
294	788
495	778
398	845
301	949
939	940
738	886
812	835
872	886
944	991
624	784
392	663
953	959
631	945
124	848
611	966
826	891
91	442
738	778
509	955
303	971
339	628
272	611
34	968
937	964
207	859
515	746
854	966
807	854
573	687
140	805
30	933
668	961
310	987
593	787
501	969
568	730
284	971
325	972
719	862
316	923
572	849
663	967
728	867
640	983
767	795
469	872
40	695
2	174
499	980
416	982
765	870
952	962
396	515
131	998
552	762
629	982
207	993
232	757
755	798
364	647
792	865
38	928
24	993
352	529
91	939
176	983
644	822
93	719
132	647
285	889
670	996
683	935
628	999
480	872
567	989
864	983
877	922
514	870
4	246
418	529
891	941
954	997
128	955
604	884
562	887
722	876
204	950
842	941
699	892
919	932
578	602
757	833
247	768
238	948
613	825
52	263
577	902
318	419
810	881
534	946
386	782
190	907
74	961
248	848
485	532
613	946
775	779
893	1000
511	669
636	849
111	735
188	430
625	956
826	946
715	849
921	954
525	954
728	788
356	916
464	715
694	911
735	949
358	733
435	916
833	962
552	683
20	859
633	793
531	782
259	323
641	913
781	893
59	908
64	986
279	682
96	975
297	965
470	627
869	898
888	911
566	860
225	567
818	852
441	865
950	971
105	916
716	804
867	973
8	983
773	786
503	925
85	937
253	750
533	804
615	873
394	874
633	927
361	468
591	930
560	799
813	979
210	945
880	925
33	989
181	887
170	994
660	858
233	525
885	976
26	720
716	938
576	635
655	928
452	828
875	931
727	804
603	997
773	920
93	666
743	748
593	989
431	890
899	995
596	994
752	982
169	661
172	895
548	657
787	939
778	890
602	930
822	933
113	473
192	766
863	934
835	872
664	990
961	984
116	892
148	844
289	554
32	898
13	656
131	611
530	882
865	872
652	993
743	882
605	652
247	944
863	947
949	950
200	603
403	962
805	942
571	775
359	892
212	842
435	850
108	492
761	791
747	893
590	909
268	858
142	490
529	899
161	503
474	734
50	901
229	903
779	781
550	958
569	971
333	960
930	950
39	927
582	617
31	514
900	963
622	955
173	863
654	907
247	260
422	786
572	730
407	922
415	746
365	925
48	989
165	342
222	876
142	624
818	907
71	155
802	899
894	902
195	635
200	979
596	915
890	904
697	738
642	802
168	882
401	861
313	977
785	972
843	913
364	420
864	972
299	934
142	987
579	988
159	402
174	939
117	405
76	138
499	995
829	870
493	921
820	821
639	746
732	937
952	977
850	929
385	600
852	975
692	757
609	988
158	823
218	837
204	939
273	544
727	980
350	993
367	408
46	767
646	991
491	888
796	935
875	999
479	999
787	886
611	889
549	950
840	870
859	883
456	907
770	774
838	945
260	968
777	935
694	900
372	886
100	427
840	991
757	956
41	786
151	917
365	846
654	720
370	961
925	954
345	904
909	946
386	676
886	962
798	886
858	900
457	556
830	838
30	748
819	945
161	679
23	974
138	961
119	453
378	384
233	969
608	846
508	908
117	794
907	913
103	859
48	923
610	892
469	916
689	956
119	574
379	915
681	728
464	730
904	965
169	516
563	672
536	983
175	977
63	507
804	919
688	973
297	859
283	924
765	927
828	983
635	854
943	970
98	878
373	817
440	578
473	526
794	847
417	631
150	287
788	803
72	596
540	701
457	932
811	935
262	464
579	814
558	691
799	817
785	919
843	860
380	870
889	976
311	999
350	927
639	801
861	877
649	994
506	945
643	691
304	996
968	976
412	758
352	478
642	991
862	994
130	816
491	943
912	936
172	897
755	989
451	992
248	892
831	984
743	871
25	591
546	1000
357	835
627	696
95	835
103	430
213	827
428	715
194	548
667	997
465	782
437	949
798	928
182	430
558	946
530	884
404	479
824	836
254	949
956	992
171	951
367	597
501	597
14	967
872	998
486	962
425	952
81	913
678	903
82	320
240	906
185	970
680	949
532	785
261	736
770	842
571	898
414	951
37	964
634	954
6	631
152	685
716	727
592	957
383	554
517	783
536	796
770	963
280	318
818	896
4	908
124	973
738	903
545	737
195	624
448	804
649	794
816	971
580	960
406	807
915	950
276	963
445	506
529	914
615	917
656	955
532	919
573	920
333	975
723	901
186	925
332	979
93	468
506	637
700	917
827	958
249	981
579	856
371	449
307	922
568	963
205	911
771	797
153	455
301	390
163	685
256	876
512	802
586	751
839	968
69	232
781	963
841	977
354	401
353	930
575	979
396	748
368	915
785	974
12	758
672	804
765	995
410	538
321	466
486	762
940	969
257	710
269	535
755	923
204	820
672	925
190	885
167	938
690	942
280	815
970	996
882	883
519	831
618	810
131	426
829	993
947	985
685	985
743	926
710	749
481	660
646	764
558	880
150	826
169	839
623	780
438	1000
80	208
337	773
764	877
483	598
359	828
823	932
446	945
826	937
165	962
94	264
305	713
38	598
291	778
544	958
747	829
981	996
805	999
552	553
395	606
86	265
349	904
724	781
803	845
700	838
538	776
824	904
837	843
881	886
91	730
688	720
638	899
724	902
522	953
203	907
879	961
832	849
821	956
377	979
812	907
677	948
536	972
309	966
1	584
436	512
237	797
619	862
167	738
580	907
621	908
654	856
385	402
205	966
834	908
163	740
204	512
765	808
536	985
319	987
695	749
593	738
560	561
147	880
702	910
605	977
168	939
223	646
295	751
66	928
99	287
670	813
296	343
628	816
232	816
667	744
140	998
341	988
520	990
695	991
426	574
376	982
250	348
477	768
669	938
975	981
801	865
553	763
429	993
630	983
905	922
327	945
487	934
924	935
509	693
65	945
762	873
882	938
627	685
393	518
546	760
491	824
926	981
898	919
144	945
875	935
391	822
919	978
831	865
3	188
127	483
114	958
530	873
771	999
488	647
400	763
433	711
83	827
391	943
735	753
308	945
382	894
327	958
368	996
233	771
967	995
865	984
551	824
283	484
266	840
407	779
830	882
52	322
444	846
208	835
230	594
410	969
528	961
333	951
209	427
990	992
756	825
448	672
351	776
805	946
122	687
304	664
428	730
689	1000
185	972
923	938
675	836
680	951
721	723
504	954
399	672
495	905
569	854
696	895
756	946
319	908
833	900
63	430
73	623
661	793
270	908
927	949
550	962
144	274
911	941
608	903
797	839
742	903
263	905
387	446
307	682
325	965
292	559
438	613
283	739
489	844
663	731
874	914
846	852
17	970
56	174
135	467
291	980
728	981
247	385
651	734
964	965
45	924
582	634
790	812
361	635
941	981
545	981
746	971
204	688
709	860
781	965
753	866
82	698
519	699
412	573
417	917
758	981
515	994
917	974
667	799
106	237
746	863
523	525
621	868
170	932
211	704
362	873
348	938
903	931
194	471
364	653
465	705
685	974
704	987
556	860
616	874
24	999
225	989
439	689
466	822
278	1000
639	979
892	930
588	933
533	997
674	936
458	823
562	880
787	998
966	1000
859	874
5	962
46	1000
280	938
294	836
509	761
627	753
35	841
631	872
213	884
287	833
521	1000
713	941
551	879
432	662
160	957
652	702
745	893
701	823
472	1000
425	888
810	995
851	996
455	767
743	941
206	965
844	993
440	903
407	726
715	842
241	959
731	823
20	960
367	775
881	996
270	842
399	727
517	719
696	950
849	963
575	660
98	506
337	788
731	944
708	960
837	845
119	565
564	952
622	893
300	842
305	957
164	981
761	971
41	93
170	732
337	909
772	837
180	962
629	788
735	955
707	856
300	963
828	853
236	978
846	907
579	792
82	511
730	961
804	910
269	337
890	950
463	617
483	976
197	582
596	853
670	802
904	969
600	972
719	923
600	743
551	558
938	967
635	966
621	802
421	448
371	856
868	908
887	921
87	868
436	756
86	643
672	969
107	931
448	995
676	859
225	923
799	929
725	751
711	816
604	690
246	982
619	998
79	990
251	279
808	870
752	975
871	926
535	977
755	980
15	187
746	931
207	357
630	985
704	934
416	467
822	926
385	888
987	993
835	865
664	754
843	985
466	998
133	300
262	939
281	952
143	722
878	942
537	649
93	901
373	955
238	996
604	824
67	885
764	813
20	773
722	816
240	547
606	870
671	999
845	886
564	873
638	822
757	773
687	943
26	968
241	893
244	373
925	1000
42	949
147	211
9	772
754	889
638	943
757	894
284	832
523	848
509	950
550	951
641	840
250	955
948	997
714	830
879	897
698	822
648	735
418	953
177	561
523	969
242	956
8	789
710	832
580	951
360	453
800	954
511	851
698	943
464	776
309	902
510	892
548	918
804	844
936	1000
504	848
765	852
589	892
489	954
930	956
84	905
137	502
610	951
596	787
515	862
494	510
301	381
540	626
707	803
760	895
457	857
737	911
589	784
131	872
712	854
445	510
554	911
499	975
540	747
765	865
566	921
712	975
290	757
288	913
769	957
108	982
760	908
746	973
834	857
273	295
283	983
658	860
765	986
966	976
484	744
537	570
126	770
781	967
239	647
101	942
393	562
651	857
329	577
623	758
29	56
540	760
3	821
56	647
773	968
355	980
382	817
468	857
63	808
393	454
670	991
799	876
871	981
549	930
482	940
567	984
500	701
183	994
21	932
539	629
692	871
917	989
433	876
474	648
391	879
432	651
327	894
349	653
729	874
574	1000
692	992
912	995
70	945
689	694
326	642
350	999
653	771
743	930
863	995
560	994
252	841
775	882
847	987
384	997
53	897
636	952
636	723
763	764
284	766
298	435
559	705
481	785
613	941
52	379
76	736
370	954
139	792
133	718
460	884
782	898
740	901
927	993
163	597
5	977
173	790
388	715
522	944
121	371
847	1000
557	901
736	903
78	903
694	906
532	844
69	854
284	779
339	678
707	845
721	780
107	557
236	967
225	549
700	842
496	783
721	901
143	924
30	983
520	618
561	619
222	924
703	968
340	916
620	970
77	691
811	915
663	788
29	916
827	896
376	731
35	401
152	986
27	991
365	986
24	693
165	403
901	966
276	914
64	994
475	565
600	745
853	925
658	686
470	635
676	969
514	678
244	817
54	922
651	912
632	633
133	986
931	966
494	928
400	512
873	961
314	997
484	920
33	984
9	398
676	861
762	864
786	992
968	969
90	471
609	807
115	235
741	926
460	684
658	928
162	990
396	928
644	764
979	983
179	930
676	982
514	920
128	884
535	979
586	944
83	818
892	987
625	643
265	300
743	864
715	765
458	880
766	996
926	985
645	706
419	888
801	990
78	595
157	888
157	659
878	944
578	652
564	754
798	921
137	946
255	938
52	84
731	867
516	713
317	998
196	708
140	318
189	439
395	544
166	721
881	932
437	955
430	767
523	729
817	947
16	898
833	891
791	894
777	996
289	912
490	902
261	850
90	968
645	961
230	719
6	974
340	850
501	953
565	968
821	894
724	961
619	679
168	514
214	630
635	889
356	979
