953	969
120	968
147	805
513	899
688	900
848	889
550	966
806	892
283	622
186	918
869	948
888	961
192	211
568	956
91	802
177	805
540	628
70	450
209	794
302	985
374	861
65	749
98	697
280	445
593	905
698	958
598	983
577	631
193	934
279	974
31	872
413	974
614	964
769	838
471	915
760	789
484	854
792	970
157	230
348	700
587	982
480	856
72	765
774	808
484	975
470	811
231	300
165	700
459	918
154	282
238	690
475	862
530	569
917	978
499	990
232	875
177	939
628	875
493	687
553	701
952	972
415	996
198	998
564	567
285	886
522	570
467	634
412	698
711	994
29	408
153	703
208	639
347	983
287	703
669	997
903	935
400	580
567	757
553	822
46	991
382	711
690	827
500	932
882	997
780	986
799	999
558	644
567	878
42	993
891	938
335	491
747	930
26	904
722	873
245	948
363	940
382	953
564	930
85	437
112	540
236	606
258	365
356	671
689	817
138	714
212	663
518	935
652	935
148	907
489	648
976	995
33	139
525	830
906	936
601	825
909	941
353	723
389	417
297	828
701	948
539	886
544	964
478	610
703	728
923	997
675	895
119	448
707	847
853	901
429	610
907	908
411	970
791	962
505	605
436	505
449	969
540	562
619	855
278	562
911	1000
396	554
323	978
445	446
703	970
343	664
188	790
578	975
360	981
916	970
957	971
709	906
640	806
13	385
660	721
593	731
950	968
58	801
199	511
581	613
586	691
443	908
806	960
487	914
368	734
98	873
566	978
160	290
404	916
299	634
271	801
651	793
480	911
820	979
195	927
625	740
737	981
456	702
79	752
528	807
459	973
662	807
899	979
491	925
780	799
771	979
535	968
103	291
788	919
774	984
773	796
704	925
809	978
671	748
905	915
561	876
30	422
799	933
535	860
862	989
347	809
465	764
630	868
368	868
676	984
618	750
291	355
991	995
158	994
268	600
774	997
815	998
441	528
685	925
826	864
905	928
192	992
748	981
720	882
777	864
199	887
309	530
328	772
768	815
28	776
410	841
303	715
963	990
835	990
269	838
731	869
571	651
796	998
419	782
102	846
413	708
652	990
325	595
509	941
22	328
714	821
337	834
400	890
138	890
537	895
578	896
13	895
569	847
178	962
682	724
558	954
590	906
510	883
273	970
629	834
331	911
886	904
264	332
258	554
483	901
612	786
730	778
23	916
881	947
578	909
517	899
11	798
322	431
654	904
117	965
640	969
566	791
187	206
325	850
94	917
778	795
649	681
552	977
767	902
423	863
661	920
297	909
438	848
880	964
797	966
368	789
580	968
795	856
473	805
748	781
841	972
538	971
560	730
288	796
193	936
889	905
873	897
368	910
492	976
693	966
244	874
211	697
711	754
301	856
609	972
235	236
470	813
418	623
690	816
500	921
66	171
463	810
771	926
898	967
356	647
750	803
741	754
727	856
106	243
658	985
551	859
179	987
46	872
528	646
748	915
109	928
491	993
764	859
81	600
199	821
704	993
798	857
817	870
527	771
613	811
604	991
530	813
555	762
467	649
444	894
631	986
925	938
842	940
358	827
205	356
740	892
363	942
729	999
481	897
939	994
37	893
510	588
23	958
840	988
849	956
935	996
847	883
525	832
258	717
645	897
928	956
96	840
927	997
168	450
420	900
654	838
192	255
758	895
97	920
91	846
251	835
17	668
812	902
619	736
869	884
580	781
406	628
156	682
101	746
679	723
832	965
235	746
529	964
749	967
482	623
69	979
339	803
270	969
163	843
886	972
490	972
424	618
536	859
140	859
506	916
709	787
423	918
524	970
183	677
307	972
515	921
595	621
361	454
19	461
533	911
491	685
408	916
86	865
260	752
554	970
707	983
586	693
314	988
825	975
160	521
674	742
841	919
463	973
494	811
399	988
347	798
686	981
457	929
405	739
484	803
690	871
258	985
660	736
664	855
91	993
166	578
567	693
831	968
924	930
523	586
127	357
863	920
178	588
128	996
546	755
766	987
40	883
664	976
683	989
521	927
259	927
653	817
820	994
658	932
456	946
93	894
430	516
449	758
285	835
849	877
486	825
329	878
766	879
604	817
494	945
722	809
245	884
152	656
551	927
64	543
451	989
588	994
500	881
412	997
558	822
7	948
442	876
562	941
400	879
708	995
518	642
657	949
743	989
108	478
412	889
733	944
62	776
370	892
497	933
777	987
185	846
224	774
17	481
349	954
738	766
569	957
677	756
830	998
687	949
492	710
178	964
145	787
267	484
346	777
819	997
571	895
175	895
340	733
331	913
372	951
325	839
677	769
448	909
200	844
888	952
354	493
700	901
230	723
469	968
661	909
339	858
807	963
438	608
517	901
880	953
751	839
313	842
547	780
175	908
161	973
381	976
196	967
306	573
256	981
760	780
302	868
608	911
167	909
396	732
846	968
393	434
739	842
283	976
61	863
718	904
470	573
752	902
875	972
223	817
644	810
69	350
313	976
32	697
321	571
674	689
505	917
233	458
431	702
73	994
785	971
86	933
521	861
144	645
149	989
121	927
759	918
778	931
234	804
762	923
38	340
563	979
623	993
260	941
604	751
669	880
340	412
553	705
773	974
699	759
951	980
533	992
651	984
673	706
475	987
26	895
829	990
736	762
722	864
903	939
653	764
606	689
468	984
671	818
46	995
877	923
104	936
627	977
379	646
838	931
48	546
254	880
595	944
741	998
474	883
479	998
548	603
933	939
674	944
935	985
305	818
613	934
847	872
571	708
213	1000
865	926
840	869
826	934
187	947
321	947
25	656
71	772
613	826
501	999
4	718
173	904
622	767
374	665
728	897
236	960
717	775
49	316
804	892
274	434
661	843
302	910
691	722
761	966
234	254
860	945
717	896
235	856
524	730
818	948
276	665
837	961
559	953
738	955
520	961
682	794
404	786
772	953
554	730
3	856
521	553
600	846
691	964
11	976
828	969
98	864
454	499
703	974
334	848
241	620
661	977
609	787
862	967
573	864
347	787
273	572
89	751
686	741
195	918
38	971
341	743
547	848
41	222
612	977
579	800
395	979
650	680
774	975
121	861
603	864
68	934
574	577
838	852
380	977
93	883
957	988
160	644
239	937
44	469
560	800
665	816
477	994
725	867
829	924
70	872
378	988
975	978
460	798
493	746
9	633
69	647
14	711
671	981
487	931
66	349
866	927
217	518
375	875
581	980
218	891
564	747
836	940
729	814
622	688
752	983
650	935
433	937
708	876
754	992
537	994
699	827
592	701
740	828
844	922
412	999
35	783
967	992
141	950
390	422
842	997
749	769
102	958
518	873
320	363
96	884
638	938
55	617
261	951
641	943
263	768
323	782
268	846
496	710
372	940
270	663
8	663
247	945
668	938
360	556
131	733
585	940
571	776
307	666
441	895
900	951
397	596
682	957
145	789
612	898
353	903
707	906
504	843
812	959
806	885
709	952
621	839
538	841
519	562
744	909
890	1000
124	972
168	978
410	511
456	627
709	844
10	577
706	775
719	973
686	796
765	860
401	849
709	965
910	955
681	903
679	793
334	795
820	917
369	981
132	516
68	760
362	978
959	968
38	100
535	906
72	879
232	868
34	395
576	678
774	922
792	976
952	965
308	863
649	927
850	917
55	417
951	969
431	933
287	925
625	691
561	935
679	927
100	991
678	931
878	992
162	822
745	877
468	865
891	931
555	982
893	977
544	594
12	999
717	751
562	877
465	944
174	243
847	982
921	931
714	867
717	872
923	977
161	425
815	949
840	979
229	825
449	828
251	355
638	764
817	995
715	947
673	950
805	877
73	433
386	893
969	985
243	844
303	895
826	936
930	993
44	900
374	775
541	952
346	713
733	893
337	893
626	767
851	885
400	949
710	882
305	833
874	953
192	367
483	839
340	790
689	944
688	719
883	894
561	614
786	961
45	734
936	942
913	958
383	729
916	963
957	964
440	445
293	920
367	906
463	843
144	339
649	969
649	740
271	794
211	514
216	858
352	453
843	956
3	979
619	982
204	740
195	920
336	630
88	565
575	912
855	966
693	904
371	853
813	969
338	447
558	679
852	897
169	638
697	794
91	984
581	848
908	977
264	875
382	867
627	671
384	684
380	979
232	815
655	918
226	512
28	756
4	170
718	974
859	913
179	925
519	993
679	982
491	931
40	995
810	913
829	926
815	991
460	800
410	942
107	941
418	803
215	703
762	872
151	718
266	705
197	834
472	810
747	978
683	993
590	765
824	932
488	754
636	652
686	998
59	348
762	993
836	942
77	136
453	652
420	475
241	998
525	528
893	924
442	759
534	991
823	865
501	814
451	993
657	832
99	770
830	989
164	899
332	483
610	693
185	958
601	873
900	940
127	724
495	891
622	932
751	817
527	843
406	553
464	531
557	722
937	943
596	650
372	942
784	886
346	889
814	994
585	942
318	827
46	139
703	897
823	999
73	501
578	902
705	943
605	776
25	955
228	789
173	853
770	843
508	843
2	971
915	938
422	776
802	997
661	792
260	448
894	1000
228	910
594	967
520	789
888	956
101	805
887	960
290	741
202	628
596	784
347	723
366	736
792	844
50	207
126	754
520	910
186	805
244	975
662	734
552	862
813	903
670	854
568	843
177	921
237	972
204	795
378	682
892	903
272	966
552	983
670	975
398	516
463	682
609	965
180	559
655	852
498	868
42	625
195	867
322	908
487	975
43	998
822	965
417	916
54	864
436	929
609	857
230	272
856	963
685	852
776	970
748	908
7	873
664	914
576	801
232	991
667	919
149	993
574	876
560	978
320	996
361	997
840	968
275	930
734	986
467	871
782	882
426	991
949	995
627	981
250	994
282	946
20	946
777	925
851	874
17	648
793	869
872	933
858	998
527	898
351	938
893	992
282	838
510	702
109	358
111	956
326	881
708	946
823	933
592	1000
229	948
416	774
261	900
75	481
517	826
608	715
805	1000
735	941
293	559
108	779
619	729
57	962
575	659
492	890
626	890
48	913
700	839
42	546
682	906
723	944
406	971
387	729
800	898
920	963
813	837
703	965
600	729
894	947
186	860
170	852
142	790
684	844
596	960
353	973
716	796
292	963
908	966
369	917
484	675
778	856
809	960
308	449
84	970
822	899
767	963
132	452
436	863
945	969
351	496
628	804
540	920
572	909
176	909
19	696
354	686
357	691
609	912
769	901
843	850
774	979
311	989
190	699
396	804
341	868
690	985
46	920
220	807
564	617
206	643
261	350
128	989
780	915
926	969
838	856
857	869
153	753
903	985
713	861
181	1000
652	851
776	917
294	648
32	877
51	890
701	743
613	630
169	882
549	874
315	707
268	366
620	754
468	922
509	923
641	813
49	938
486	939
324	877
539	802
747	980
356	600
650	818
474	592
424	1000
625	990
666	762
335	891
383	410
715	883
214	372
626	811
180	990
115	366
823	867
735	754
652	985
638	821
443	582
522	875
816	827
318	816
263	880
406	663
268	958
39	906
428	718
362	593
900	942
66	716
407	780
85	729
915	927
626	824
356	963
645	837
934	940
675	716
446	893
14	970
633	948
213	362
242	834
911	929
448	902
630	650
310	968
654	778
610	937
703	899
207	961
513	775
721	953
633	840
452	499
572	830
839	945
25	957
792	833
704	720
786	789
338	370
496	956
788	835
719	964
116	442
809	894
929	959
478	794
786	910
579	846
87	909
188	732
573	802
669	739
922	956
719	856
457	856
364	628
517	907
635	899
665	741
217	322
77	756
438	964
853	977
658	967
80	990
382	803
809	907
387	918
271	972
188	974
86	926
947	962
732	808
503	985
396	859
126	998
64	120
456	873
905	965
676	913
662	978
385	929
899	921
403	983
752	908
61	990
148	649
239	996
803	809
266	870
970	986
646	862
460	857
592	747
148	999
757	814
495	814
660	918
352	765
49	764
835	919
296	870
433	875
317	929
377	714
831	921
844	860
388	580
775	989
558	991
150	937
475	993
194	714
884	932
433	996
823	922
969	976
28	947
988	989
248	950
196	760
504	876
927	979
416	763
643	991
816	882
346	704
525	935
544	948
351	819
733	884
134	821
115	542
411	604
455	647
312	827
246	473
201	996
858	1000
696	709
830	938
547	586
84	596
134	942
483	830
587	887
702	874
969	989
825	944
374	779
322	360
599	897
585	999
299	605
511	784
640	669
15	617
505	710
64	967
105	776
399	957
894	936
402	962
932	962
209	604
33	607
855	944
915	995
681	828
626	892
615	962
191	900
908	955
869	1000
253	731
602	656
188	787
45	967
716	906
821	959
177	857
110	867
383	962
457	911
677	951
732	850
360	978
524	857
780	783
670	911
389	898
535	723
328	393
314	983
429	970
448	983
487	911
382	629
19	577
387	973
561	860
676	847
885	957
577	804
945	971
683	742
512	860
61	924
135	873
565	686
792	914
938	968
382	750
146	739
63	741
343	795
7	809
563	798
571	622
158	978
125	801
452	930
312	398
88	919
451	742
267	921
358	514
745	923
905	912
146	860
22	299
261	581
16	750
866	920
604	920
857	871
540	935
686	989
840	904
878	930
597	917
14	596
817	920
239	943
454	868
555	920
660	973
819	966
370	874
838	979
815	995
713	984
229	871
74	997
671	987
308	935
891	990
163	288
775	815
926	984
967	985
764	922
884	987
41	941
439	987
458	1000
632	887
464	751
557	713
142	471
956	984
534	995
620	998
653	946
152	664
754	998
592	936
229	884
210	605
261	836
761	893
2	841
750	1000
906	988
837	888
133	543
114	264
661	662
545	716
316	893
181	439
439	1000
580	710
29	836
225	482
717	944
735	998
936	988
432	960
592	949
927	939
199	200
140	788
131	968
327	385
511	960
670	724
807	958
20	90
572	603
792	835
797	950
2	975
602	711
800	955
478	904
1	979
769	824
8	911
355	726
649	907
542	781
253	678
82	796
642	904
545	971
667	668
781	955
404	968
693	842
173	281
598	982
813	907
26	756
669	862
20	453
908	915
658	969
295	917
215	399
690	692
910	961
225	858
528	630
533	974
552	987
808	913
82	809
68	874
109	912
785	966
783	856
208	625
342	625
521	856
20	574
567	743
787	975
446	682
924	980
583	687
137	866
789	792
34	630
438	979
639	969
713	918
553	700
699	983
759	805
891	924
371	925
954	980
665	877
494	995
870	986
424	936
694	760
625	926
47	949
826	916
118	829
500	931
645	760
782	994
331	829
620	703
666	819
36	652
354	998
641	762
309	932
870	999
501	873
124	886
721	876
330	991
550	765
13	826
94	485
457	537
492	531
791	827
326	993
23	955
312	829
647	819
418	996
592	883
633	884
839	989
75	593
550	886
770	889
536	722
508	889
635	701
198	663
43	789
925	948
559	827
162	373
869	989
93	502
684	943
813	828
23	968
224	958
191	781
485	770
696	953
698	999
188	897
931	941
76	161
547	951
406	975
662	672
192	494
920	967
524	967
161	915
665	677
563	666
329	499
438	900
787	788
503	800
575	905
776	895
519	744
458	734
265	864
556	784
143	349
280	620
753	803
665	690
40	867
692	793
58	921
130	797
567	798
111	518
364	698
639	903
653	801
820	978
262	687
69	521
500	973
62	747
783	803
631	675
218	994
273	701
345	577
424	870
498	819
732	986
377	758
77	237
454	749
588	978
863	917
371	980
445	929
238	865
128	993
645	694
857	873
483	632
466	988
856	914
754	866
372	572
836	935
458	989
527	594
475	929
516	930
796	984
956	973
116	996
914	976
317	757
275	989
22	543
5	899
743	865
789	981
352	943
481	599
544	884
351	755
203	591
731	976
225	350
502	887
837	877
620	879
735	866
279	586
532	766
944	976
316	653
159	935
268	841
309	879
736	946
804	821
694	949
738	992
504	825
812	941
564	876
770	944
420	831
763	941
909	995
172	207
663	710
943	993
401	710
673	903
277	903
146	191
244	726
934	944
758	947
87	779
235	677
582	721
191	836
568	594
80	510
30	918
54	723
587	957
91	790
520	903
855	893
10	801
827	831
290	855
790	912
62	210
586	853
229	323
239	745
225	618
393	431
123	570
697	842
315	511
650	730
325	970
807	973
503	976
267	965
396	850
795	855
841	971
697	963
119	986
369	868
556	960
745	859
743	786
693	965
519	812
711	982
389	968
375	804
72	766
685	966
905	969
720	923
899	925
155	922
320	989
750	802
543	738
741	982
534	689
446	576
740	757
354	987
514	976
935	969
527	649
866	869
664	920
870	988
414	745
634	977
861	939
174	238
432	533
905	982
643	982
646	987
902	913
392	582
356	659
791	816
837	932
859	987
418	985
201	987
182	479
421	761
641	993
434	700
673	945
654	703
893	985
409	643
488	936
823	926
550	996
742	937
654	824
420	657
365	721
409	993
68	434
615	832
942	998
23	957
582	655
270	834
578	950
603	714
233	952
897	932
43	791
175	947
390	606
140	845
295	490
520	837
869	991
98	619
5	391
263	952
786	956
920	956
610	996
510	829
642	948
675	896
45	729
224	960
243	973
771	833
75	837
369	789
663	778
916	958
234	601
272	893
533	897
607	846
175	960
285	566
651	889
381	799
138	260
341	848
415	797
640	915
822	892
660	830
315	566
581	951
820	967
586	800
732	854
556	894
685	779
662	795
82	974
868	900
290	923
491	913
458	736
771	967
26	584
153	625
70	856
89	869
262	797
79	861
506	928
762	854
192	738
361	924
359	851
796	852
382	983
41	461
476	618
643	795
197	937
720	749
637	980
411	637
115	346
755	972
667	859
262	810
215	698
643	916
242	343
462	575
627	908
183	931
632	986
530	975
136	819
26	947
301	923
447	977
386	472
391	816
275	870
657	935
440	937
238	988
659	752
449	878
784	868
849	997
319	768
150	996
384	934
731	978
488	991
125	939
617	876
78	598
694	830
587	704
666	997
886	1000
872	873
605	758
572	581
57	660
425	827
557	946
529	884
128	311
955	992
886	892
913	995
434	997
489	704
164	907
731	991
147	674
344	959
867	1000
751	825
140	900
797	941
580	943
126	507
684	1000
450	833
717	948
813	885
744	785
730	887
802	992
12	607
532	902
55	977
416	956
545	841
300	781
126	857
778	783
828	900
695	785
767	890
137	494
610	943
320	844
788	949
282	323
283	962
586	734
880	952
15	918
794	885
235	921
769	828
264	804
570	847
850	901
547	900
753	968
238	559
785	957
444	627
771	793
246	908
862	911
366	973
540	860
545	975
765	978
880	965
479	621
896	909
495	565
183	973
150	796
453	568
250	505
799	976
618	672
604	737
783	968
898	955
339	991
461	688
722	729
567	855
630	911
467	624
539	729
769	962
366	986
842	915
264	938
9	685
47	940
284	624
495	578
104	693
713	922
787	871
537	925
652	912
93	948
687	869
673	705
650	987
433	989
777	799
364	889
518	804
905	984
710	745
402	592
803	936
49	999
434	810
486	1000
453	823
816	875
921	928
296	876
543	982
455	869
105	756
611	887
913	929
775	995
150	943
599	998
310	895
645	885
937	993
510	697
620	828
647	931
17	764
289	957
509	997
724	885
154	769
283	654
930	990
324	951
272	761
888	993
492	764
659	941
543	995
6	790
441	947
661	950
243	962
881	990
614	875
36	669
256	901
531	877
619	724
677	931
118	967
654	947
786	837
832	953
785	878
532	957
867	947
218	501
605	947
825	950
80	796
429	721
346	952
547	942
786	958
655	660
998	999
753	902
596	955
725	840
267	901
201	318
321	612
304	968
128	742
494	799
623	684
581	953
567	789
383	968
80	930
878	910
271	912
794	953
810	897
116	974
842	849
262	799
303	571
93	761
616	802
835	846
287	977
158	863
359	853
655	915
639	907
143	474
757	862
831	848
583	746
836	926
692	918
585	792
226	859
23	759
410	939
382	877
597	802
302	588
252	996
379	808
835	859
403	936
805	916
222	595
125	928
97	829
437	934
220	936
817	926
696	865
701	980
95	941
167	292
318	690
444	829
171	936
735	978
606	864
150	998
186	655
1	380
395	536
881	924
303	947
36	832
17	590
518	872
374	827
102	139
222	729
571	883
367	824
955	994
36	953
793	932
278	486
434	999
503	604
608	886
90	960
814	991
57	783
360	555
510	994
922	938
719	838
712	835
524	784
788	830
457	959
792	949
181	795
676	774
607	903
60	276
799	844
141	615
480	835
130	722
75	786
864	946
253	792
225	730
445	733
431	569
637	903
100	964
31	864
177	918
259	728
112	974
421	497
390	918
887	970
785	959
764	836
581	900
741	852
149	977
359	558
498	865
97	292
88	738
181	929
743	898
459	910
841	975
574	860
560	962
361	752
180	677
873	900
551	849
432	632
630	913
692	973
227	644
142	277
667	916
262	867
570	983
726	971
537	806
798	847
266	986
49	988
720	927
530	803
409	742
18	591
92	577
364	999
381	414
4	464
102	999
891	930
495	930
440	994
118	943
94	357
687	871
136	997
296	986
7	883
183	291
768	981
69	943
330	984
449	935
745	997
509	986
118	835
295	468
322	342
324	940
425	992
907	995
310	776
678	943
626	753
879	933
251	812
418	989
96	938
499	648
578	941
537	940
641	997
696	704
995	1000
654	707
805	876
257	482
124	892
867	936
760	810
416	771
591	772
176	530
214	785
484	646
52	723
901	934
598	667
288	707
806	818
714	1000
832	955
890	933
931	934
790	958
471	949
58	551
108	897
619	847
880	888
608	954
649	955
547	944
170	728
607	729
679	834
758	898
480	890
655	891
135	855
773	883
350	551
649	847
593	952
32	390
123	508
785	893
250	320
931	947
568	895
172	629
466	847
655	783
130	669
456	573
244	919
926	953
348	976
378	855
686	971
254	331
280	963
795	914
63	965
662	799
101	991
417	968
219	229
554	973
636	746
278	809
295	978
410	928
196	447
51	995
789	961
882	923
835	848
766	977
865	956
359	855
188	219
231	818
504	684
437	694
555	915
511	579
249	579
631	681
755	976
171	925
534	748
317	750
652	969
583	869
701	861
136	823
59	576
317	871
798	915
182	646
944	969
710	802
803	993
388	751
302	482
398	944
423	708
552	593
617	759
474	939
496	698
482	534
105	584
872	985
550	705
770	937
911	913
173	718
608	875
16	1000
747	990
731	982
805	931
906	983
390	423
629	705
226	995
408	706
229	1000
430	990
564	990
330	823
742	996
423	721
152	901
749	891
661	778
397	705
605	883
591	719
973	986
101	562
381	845
86	668
609	709
311	786
724	955
556	819
27	209
538	950
698	939
338	367
697	943
155	660
811	964
695	789
459	778
712	958
482	910
801	892
765	969
4	319
78	268
355	842
47	689
924	962
621	961
63	899
404	963
271	848
898	946
141	738
254	615
507	566
460	720
345	504
78	389
281	977
314	925
468	840
951	957
472	959
71	386
114	985
725	910
477	808
852	951
452	980
157	574
685	959
542	910
55	526
349	744
63	912
560	964
123	926
579	977
343	966
687	739
582	982
540	985
653	862
350	861
451	913
239	993
528	867
269	872
893	965
315	988
409	623
829	980
273	762
276	508
190	993
449	695
65	998
863	978
627	967
183	990
623	996
483	693
777	911
185	999
741	988
647	801
537	929
440	996
747	924
194	940
791	930
433	993
666	935
564	924
858	876
407	940
107	419
847	983
921	932
93	255
189	717
263	703
404	413
395	822
636	948
548	835
21	352
983	992
394	597
839	984
715	948
176	411
800	992
851	994
937	997
675	997
436	486
289	961
927	989
70	365
316	835
536	838
742	943
184	881
277	843
478	833
846	1000
920	949
610	989
23	963
485	994
894	933
572	653
696	948
737	949
797	1000
52	846
415	669
19	669
781	992
915	992
445	548
343	766
656	997
744	844
931	936
619	849
322	828
448	967
346	956
602	882
547	946
662	667
431	734
252	274
651	774
35	276
76	277
64	977
414	538
526	779
779	959
402	972
498	680
957	965
574	675
285	572
940	998
288	843
18	982
637	960
581	836
584	841
267	905
303	333
308	677
676	844
373	806
467	670
458	850
380	967
309	498
383	972
234	849
256	342
21	970
475	911
631	670
553	979
364	814
135	991
372	675
102	814
468	908
160	755
775	799
539	788
477	876
819	842
764	906
750	971
466	983
636	869
37	806
694	810
224	632
583	979
160	647
762	981
354	927
692	922
287	873
395	635
166	812
562	812
293	358
721	805
933	984
210	589
17	460
757	987
32	997
569	707
527	710
580	802
766	992
516	817
865	971
212	820
565	938
231	833
416	815
545	700
589	743
678	1000
5	197
879	990
483	761
469	826
502	774
400	992
111	889
119	713
936	972
974	998
435	949
913	988
825	875
489	697
131	952
684	872
881	928
213	240
127	954
723	985
684	993
408	829
298	957
513	882
895	947
485	820
3	780
853	950
476	1000
209	656
195	721
897	993
635	764
365	903
406	675
5	331
700	893
802	877
342	367
506	963
189	798
706	765
918	944
35	560
609	832
769	821
471	898
283	847
313	955
74	444
621	842
412	439
329	670
609	953
153	444
175	203
526	955
896	902
560	724
475	845
917	961
337	386
447	783
65	866
280	791
627	835
753	974
868	961
780	848
389	963
530	673
227	635
777	779
405	907
484	971
456	872
734	853
219	636
558	856
403	982
263	679
595	923
856	964
726	854
354	982
550	628
789	910
252	934
849	924
472	974
258	456
153	928
53	990
824	867
854	975
83	869
726	975
382	936
416	520
710	738
866	985
777	913
63	109
636	937
763	978
837	927
6	541
592	867
229	815
858	986
784	808
393	923
85	770
66	528
976	978
411	711
474	996
909	924
193	488
143	896
666	937
158	467
407	942
737	817
360	601
907	999
194	834
326	990
418	993
900	996
839	986
462	999
333	885
195	655
319	950
556	634
976	991
74	365
915	981
411	953
290	663
642	822
821	824
499	773
265	606
339	555
603	830
589	932
162	599
575	768
492	770
174	838
702	994
922	997
774	833
366	550
140	961
245	260
336	607
739	997
807	902
848	940
727	879
345	548
672	714
828	961
869	999
692	777
205	955
862	959
639	658
778	965
542	725
473	854
22	164
159	435
706	833
871	900
282	505
493	725
873	946
630	959
611	680
170	974
495	505
431	978
306	983
667	962
199	628
644	978
322	964
919	954
341	977
528	803
486	806
618	962
186	285
475	913
53	924
502	750
755	967
870	917
56	929
185	814
653	919
284	564
308	921
789	965
715	750
847	906
442	857
65	116
144	934
326	911
424	988
317	862
826	968
196	572
118	881
462	691
775	922
814	850
617	979
636	992
851	917
419	994
157	994
330	922
476	747
247	924
674	991
28	62
250	929
833	984
134	983
733	817
51	194
507	999
647	979
143	951
592	814
242	701
13	878
316	650
462	933
495	881
696	871
219	717
217	873
613	873
962	990
79	414
387	530
428	827
818	982
596	640
821	987
231	956
40	193
289	897
806	864
668	930
881	930
499	599
346	1000
258	887
216	890
557	954
651	818
642	998
790	896
77	731
600	772
223	785
608	892
129	369
910	934
492	946
211	667
769	931
619	906
438	831
713	770
372	477
198	849
165	672
640	965
579	955
596	895
766	781
348	793
447	543
567	837
658	955
811	968
704	842
850	896
514	718
244	857
753	963
780	837
202	860
466	906
414	716
526	957
903	907
685	950
905	953
327	976
602	952
373	863
940	947
21	677
752	896
521	963
774	914
252	694
780	850
766	915
497	727
664	904
72	992
356	522
345	629
432	517
798	840
866	974
301	973
898	963
98	119
741	979
455	622
699	982
859	971
281	994
657	985
283	515
398	990
250	863
16	696
558	979
169	938
865	907
414	971
617	805
185	882
842	923
83	871
726	977
196	748
210	417
324	933
544	936
166	761
455	635
648	764
138	928
735	918
157	941
661	703
504	985
614	628
707	819
173	885
30	836
90	887
613	928
34	992
953	996
268	893
928	939
770	996
687	998
816	883
240	952
152	839
64	955
749	829
587	767
108	998
476	936
797	991
772	934
804	886
21	248
408	657
688	940
430	941
682	896
621	886
533	773
610	993
276	888
114	681
334	950
311	966
204	840
168	917
765	907
167	958
506	912
748	940
304	963
21	611
637	843
309	489
556	891
561	969
676	956
695	969
472	897
257	743
549	851
889	956
452	918
831	951
597	784
368	961
454	735
241	856
664	959
768	787
754	852
666	739
671	854
60	929
643	792
551	910
845	862
605	621
495	749
555	800
687	919
516	808
502	873
562	924
474	811
735	852
840	905
353	521
826	970
707	753
960	970
490	755
335	881
302	704
370	875
428	816
684	742
796	983
620	757
532	644
537	988
210	593
292	403
462	814
622	803
412	993
668	919
907	935
659	870
818	863
823	978
83	939
193	545
614	804
297	639
605	755
536	884
622	924
797	925
219	948
742	989
700	992
406	545
612	879
920	995
44	129
274	591
661	771
55	961
559	760
466	532
256	722
341	766
797	817
527	956
833	999
712	938
593	758
409	937
689	991
422	876
515	838
950	995
862	882
922	933
420	951
113	242
598	957
340	958
100	717
480	938
727	815
457	954
410	613
387	895
574	721
288	889
472	481
348	903
692	713
716	841
480	830
922	946
347	715
672	1000
47	682
695	903
165	674
598	970
540	965
774	903
719	967
534	662
80	980
179	959
616	960
776	949
332	972
808	901
293	980
43	280
628	970
631	716
213	728
359	782
452	973
727	949
240	565
190	973
221	323
405	898
611	737
864	954
354	852
476	549
44	626
481	627
361	747
259	965
312	562
597	960
564	783
311	337
509	618
674	914
706	903
747	904
236	688
156	170
199	806
947	965
262	862
644	927
467	971
104	919
623	989
590	812
342	747
689	791
680	971
391	868
592	858
60	997
27	820
454	924
440	989
715	928
673	931
747	917
444	879
34	981
631	971
782	874
842	925
250	986
902	912
269	999
733	874
203	645
161	648
648	995
166	763
344	769
523	1000
11	825
539	981
833	933
43	777
733	995
142	756
906	923
37	999
804	875
186	718
525	938
165	366
230	761
376	815
543	992
730	818
802	923
155	358
475	528
36	895
88	533
709	880
76	967
695	945
492	882
670	888
615	952
637	711
95	428
749	952
251	941
264	614
911	987
404	890
1	914
95	549
265	960
628	783
820	953
245	493
602	996
547	831
896	948
982	988
593	947
71	313
288	836
852	878
191	903
366	904
221	257
107	909
165	850
621	901
178	560
665	907
650	784
89	976
405	724
597	894
368	842
706	837
664	840
590	625
447	842
292	968
493	958
823	833
768	897
391	910
680	784
892	963
10	989
329	971
328	746
801	966
162	979
616	920
743	961
30	759
197	936
112	340
425	800
777	959
455	679
675	682
437	810
831	966
454	979
495	980
569	929
891	980
252	993
590	988
39	885
54	227
279	574
960	972
858	924
508	811
217	864
814	854
566	752
282	993
879	983
299	408
65	241
461	995
317	987
289	888
275	990
330	926
687	934
179	464
310	947
134	987
185	952
837	878
702	919
20	67
512	529
584	634
66	708
200	937
420	940
520	649
189	778
441	999
202	488
158	418
223	776
897	986
38	996
459	531
499	832
302	961
97	263
547	994
676	879
795	830
392	891
918	937
155	655
977	992
180	419
256	966
489	945
262	488
112	958
594	961
170	899
887	954
651	943
427	969
843	884
581	884
526	948
121	899
248	674
79	902
148	507
554	902
755	892
249	266
378	905
474	613
498	970
281	972
759	782
289	567
868	954
651	956
852	946
711	970
628	972
130	961
350	964
787	965
966	967
845	906
468	956
762	908
643	728
863	960
940	951
301	964
378	918
176	969
243	464
449	798
632	919
439	790
291	626
315	983
81	816
549	921
172	934
502	809
782	863
768	965
861	927
840	841
270	459
803	922
352	986
388	680
403	988
939	968
538	624
717	855
414	854
488	803
796	919
469	524
171	867
114	296
793	850
275	924
397	621
891	927
440	991
32	937
715	930
608	804
379	981
506	527
631	973
414	975
937	979
73	645
548	938
823	914
331	940
666	930
812	984
550	755
249	763
18	830
81	132
526	748
853	877
182	709
218	366
800	987
791	938
548	951
688	931
793	984
471	933
209	704
200	884
594	774
929	993
257	600
721	1000
633	887
760	928
619	952
416	889
226	240
737	944
415	664
313	882
772	938
233	364
832	952
417	710
439	469
62	253
193	736
246	599
834	998
531	997
314	962
825	949
498	554
19	785
681	941
445	893
739	882
348	960
692	770
370	490
989	993
139	328
584	944
487	782
855	949
552	911
445	785
868	888
197	683
389	890
226	603
570	901
88	669
831	942
183	906
405	955
861	969
133	267
410	804
303	678
385	976
421	670
808	850
431	863
766	853
394	981
72	930
543	781
741	796
190	922
367	555
787	912
849	972
338	793
109	970
632	974
678	861
184	326
884	966
465	982
178	925
453	635
673	867
750	858
796	974
768	912
974	980
740	813
132	930
453	985
967	977
590	990
750	979
432	818
518	858
845	987
96	869
163	401
195	582
71	812
544	995
610	797
381	708
427	824
143	836
355	692
286	592
781	800
318	810
786	878
207	942
105	702
719	824
839	926
825	991
360	891
420	942
962	996
693	808
860	985
538	934
304	767
901	986
463	760
913	996
383	767
448	896
855	991
404	826
670	716
274	716
697	819
210	960
278	606
584	878
943	996
662	717
151	501
371	770
579	948
450	834
482	786
103	201
394	673
655	943
788	829
719	958
672	883
980	999
809	888
115	965
247	596
150	663
871	948
12	958
232	961
829	951
479	838
135	799
570	956
556	829
244	971
280	665
271	845
780	951
202	974
857	905
58	966
540	969
512	907
727	832
773	948
652	658
795	966
354	735
371	904
271	966
764	835
361	859
215	741
468	958
146	907
924	972
393	784
342	967
361	980
345	972
498	985
386	515
537	913
31	287
74	923
60	988
734	969
467	854
687	857
557	747
111	926
452	990
303	867
248	931
710	962
743	910
467	975
497	854
442	918
631	854
736	870
284	975
699	988
437	988
449	813
619	699
858	981
440	993
84	806
117	754
497	975
631	975
851	978
749	930
694	994
191	639
358	816
325	639
94	706
206	947
333	988
536	822
888	981
225	408
205	695
298	886
941	992
707	825
793	865
490	827
121	701
374	881
641	996
453	945
487	529
332	655
827	863
54	647
909	932
702	868
573	946
688	933
807	884
707	946
779	822
145	950
695	828
598	895
197	551
491	769
771	823
614	876
894	930
663	997
792	882
883	1000
74	602
874	951
753	890
207	902
477	726
53	664
292	717
168	910
732	952
228	961
184	891
524	959
431	731
310	441
727	995
820	957
424	957
336	844
451	831
377	387
542	720
387	846
370	613
394	970
507	847
418	546
201	777
643	893
285	919
701	834
646	898
319	503
155	846
488	726
372	780
9	728
754	845
778	973
831	836
261	454
255	905
637	970
365	511
810	898
815	976
873	954
284	559
485	549
803	858
627	898
646	911
117	796
52	172
329	975
62	631
549	978
623	927
10	175
306	991
125	916
245	981
534	855
620	858
826	963
17	565
160	873
41	693
858	915
963	968
481	699
71	801
379	917
365	753
544	984
838	973
134	857
359	975
488	860
534	976
615	635
36	699
118	997
352	935
341	517
847	914
425	925
967	979
571	750
395	753
202	358
9	983
735	858
96	871
811	816
176	342
219	941
305	981
439	981
351	868
626	807
777	976
376	632
876	918
174	417
265	764
974	995
430	868
738	984
416	933
531	920
779	985
691	872
283	818
591	934
624	882
489	923
547	864
310	951
626	928
651	692
909	987
642	872
399	885
867	990
438	584
751	815
608	995
286	715
681	985
538	936
276	936
221	1000
205	992
876	931
719	947
281	721
167	885
376	995
560	587
744	896
403	603
783	824
149	952
383	890
240	316
880	942
892	996
533	834
885	993
403	724
29	254
977	996
58	726
240	437
792	950
47	796
811	963
239	737
421	485
67	896
39	568
89	914
611	730
96	321
836	848
65	742
25	377
687	725
940	942
558	611
494	855
616	966
294	915
850	904
3	214
266	853
238	791
434	437
296	732
475	963
277	453
86	922
222	517
865	889
625	907
148	982
220	858
844	951
51	820
173	517
252	810
627	953
761	916
305	673
882	977
819	894
879	908
244	397
15	574
741	974
336	925
513	558
41	748
674	920
233	918
300	450
269	871
272	617
401	502
585	848
870	980
708	918
694	983
513	679
886	924
127	872
638	859
13	807
282	931
879	921
423	641
175	576
736	872
133	808
298	875
284	977
413	862
854	864
242	980
316	929
641	985
56	66
816	986
76	947
134	925
304	811
516	990
925	929
307	816
207	878
422	574
427	652
215	998
930	980
429	698
200	875
503	647
329	467
702	978
790	825
284	990
7	187
413	875
821	929
881	980
56	308
589	808
181	717
332	886
607	825
712	878
832	943
937	996
384	524
296	411
512	709
300	826
286	891
828	945
693	986
846	999
920	948
684	937
450	770
579	655
752	812
205	939
499	891
719	894
116	601
4	131
795	889
74	375
373	900
896	941
712	891
660	701
104	483
887	892
128	840
852	871
697	997
871	884
876	999
394	730
507	607
92	365
470	954
776	997
150	720
945	954
241	838
576	828
774	843
686	959
713	833
773	884
919	938
341	961
778	962
63	953
137	902
187	494
868	892
646	779
711	908
84	258
232	910
801	838
350	902
369	915
509	666
178	795
720	849
780	900
134	725
372	782
231	806
363	733
762	967
531	546
398	919
838	962
375	972
304	503
249	338
326	787
171	913
854	906
504	793
733	801
84	392
510	729
763	909
839	904
963	970
16	867
921	973
516	924
139	937
381	470
95	113
974	984
55	714
435	935
591	694
668	914
728	928
62	875
967	981
846	920
548	997
890	963
147	424
105	922
353	529
303	937
605	979
187	991
624	992
121	637
797	920
608	755
420	933
450	812
329	522
661	995
141	471
955	984
339	715
793	922
779	987
913	987
154	935
811	939
406	890
626	930
109	640
656	809
477	541
614	812
471	992
402	892
825	995
603	653
28	422
200	943
797	933
883	936
943	987
368	756
60	374
85	138
515	954
609	818
834	936
512	885
980	990
658	710
662	829
679	769
813	998
744	898
380	887
359	535
419	549
809	1000
360	908
487	949
146	427
151	734
780	942
885	995
169	788
114	852
771	893
810	821
328	552
719	962
1	157
961	990
484	836
465	557
253	903
609	952
636	789
727	944
801	893
743	888
22	337
500	901
302	391
734	839
899	906
539	600
169	801
477	917
76	344
590	794
419	683
14	863
657	969
657	740
550	614
555	958
156	983
53	747
653	971
946	964
440	863
481	864
71	737
197	876
379	853
728	741
227	984
689	786
782	977
708	799
606	788
657	982
421	971
858	972
555	971
696	910
849	923
425	861
893	966
136	758
227	876
698	727
273	992
97	995
311	466
641	866
489	509
709	741
907	985
147	708
837	926
853	870
913	921
80	654
536	705
682	988
715	936
527	885
833	928
156	420
92	930
59	753
205	807
848	913
177	708
380	579
470	472
621	870
907	998
478	821
901	924
772	810
758	875
221	936
73	772
763	990
615	826
563	636
485	982
213	523
96	941
237	880
256	893
25	997
916	939
24	772
492	877
739	983
159	179
279	998
587	885
628	886
196	1000
402	839
317	472
649	945
285	668
119	901
581	932
760	934
331	491
737	950
982	983
767	829
753	894
376	944
104	485
813	945
202	791
95	665
274	896
273	671
672	942
226	596
264	851
387	958
989	999
540	907
600	958
264	972
639	886
778	964
637	961
403	794
838	951
172	861
323	505
185	800
787	905
294	972
242	553
926	956
461	856
306	982
521	907
686	974
606	722
206	980
770	793
305	730
921	962
180	964
218	990
400	967
768	905
501	790
854	908
377	983
674	977
176	212
530	969
48	929
590	983
824	921
736	808
427	696
465	988
330	800
504	687
784	970
742	744
103	757
777	967
851	916
54	343
446	867
298	703
913	976
624	873
52	647
907	932
373	473
323	881
362	580
45	644
427	709
564	980
163	636
261	942
278	357
443	690
608	757
552	825
120	939
593	634
469	827
110	894
397	924
490	886
435	950
584	750
429	876
828	881
874	997
640	830
307	886
344	953
85	958
943	989
795	825
561	658
373	836
505	992
799	944
843	987
34	360
572	938
594	956
709	943
509	589
426	820
293	964
582	838
667	882
479	831
630	771
215	492
676	887
748	992
577	615
351	538
843	1000
438	951
727	825
534	659
773	941
284	484
616	957
456	739
850	895
338	720
577	965
780	836
21	784
653	960
699	847
14	744
905	952
487	964
616	849
412	790
525	667
733	845
819	885
783	962
645	732
736	850
20	680
218	924
345	965
689	775
243	459
294	919
638	729
830	899
525	788
733	966
530	903
304	560
631	726
37	970
634	731
620	796
83	857
481	866
775	855
136	868
659	909
678	922
860	899
772	786
446	801
380	447
182	691
220	983
75	336
696	912
775	976
539	965
164	822
291	863
414	970
601	796
854	976
432	987
578	812
839	853
902	909
847	973
714	858
208	986
629	979
54	519
532	817
260	358
881	971
504	984
641	989
916	928
253	584
120	994
249	879
758	985
524	818
730	923
656	745
413	987
719	764
154	992
295	702
462	879
728	998
409	989
885	918
496	877
298	892
721	995
633	882
182	946
168	782
459	931
362	998
959	988
785	872
807	890
314	957
864	872
809	936
767	939
257	837
482	955
619	960
875	886
644	724
415	901
358	367
560	996
940	988
334	949
829	891
144	788
586	904
167	957
588	950
435	442
775	776
348	968
329	726
769	998
53	791
884	948
106	388
396	901
778	966
5	979
165	968
678	964
131	337
829	904
92	611
840	999
59	205
421	786
756	776
203	563
208	907
409	668
576	845
345	912
152	517
335	867
402	628
333	794
921	964
122	759
750	853
656	666
735	959
118	990
536	749
544	869
865	961
381	582
839	908
522	972
830	859
818	970
97	944
721	808
490	875
495	990
443	800
677	967
280	513
189	883
645	934
906	975
909	980
50	990
765	935
536	883
904	986
601	985
306	542
834	927
42	469
248	308
874	999
640	832
772	988
71	123
207	950
688	994
595	766
545	945
567	704
42	590
479	591
214	845
363	645
520	888
561	889
640	953
693	816
505	994
1	966
684	996
739	932
90	486
769	811
535	644
204	773
214	966
429	891
602	819
896	1000
32	666
357	722
563	827
692	712
752	763
664	879
203	255
769	932
208	370
686	897
364	846
746	948
369	961
4	311
704	951
762	892
514	827
333	486
720	895
563	948
241	897
764	938
115	263
39	682
130	837
699	957
817	949
850	897
743	771
173	618
324	787
544	790
585	828
764	830
89	920
37	730
171	959
363	900
335	801
421	841
624	675
641	844
674	792
646	959
26	985
783	964
722	954
231	865
666	793
201	959
757	911
935	954
398	978
2	749
296	967
516	970
731	895
53	980
650	970
183	272
740	863
745	978
251	443
471	675
132	980
90	983
527	984
138	916
573	578
172	234
8	806
839	963
421	975
99	924
816	979
742	801
728	866
580	739
893	970
216	691
736	986
432	989
110	938
770	984
313	745
520	580
700	925
860	914
404	634
560	622
758	866
326	980
904	920
642	691
922	974
633	871
834	861
779	925
913	925
751	863
200	989
52	825
816	992
855	920
15	943
538	984
340	999
937	989
496	987
274	645
513	927
58	761
347	635
163	814
908	931
746	869
154	994
470	705
723	922
767	928
827	979
106	953
637	818
389	753
105	994
265	946
375	589
820	939
603	712
811	890
649	828
79	941
98	954
294	600
338	643
362	1000
90	312
656	989
95	427
408	887
191	889
573	954
471	943
691	946
676	823
748	928
500	597
651	995
771	831
328	490
498	901
732	839
541	719
651	887
174	962
871	890
86	849
48	328
361	788
378	957
653	667
773	998
501	539
873	936
852	998
356	565
653	788
542	957
638	665
151	806
830	835
720	963
296	901
557	676
502	740
815	971
634	896
446	845
914	950
933	963
349	912
407	853
214	458
508	676
425	907
356	807
409	670
428	683
763	902
419	863
446	966
270	740
228	743
555	909
641	912
99	629
387	507
120	917
617	969
620	974
754	974
914	963
70	278
415	461
673	985
888	910
781	784
198	463
411	985
717	799
925	977
648	928
749	980
928	982
532	982
568	676
721	918
143	941
900	920
622	912
751	797
145	987
663	684
902	966
879	982
515	934
735	974
320	695
265	759
353	643
647	861
955	977
22	772
209	864
283	584
424	523
429	638
368	399
800	810
404	810
450	926
804	929
50	992
325	931
177	767
127	946
94	769
135	541
429	759
368	520
901	983
794	857
598	945
703	998
744	999
582	708
480	926
554	646
848	864
457	942
672	867
135	662
786	888
706	865
119	839
769	921
503	950
341	888
984	994
514	816
385	665
987	999
885	988
269	490
438	942
314	906
919	986
28	549
795	950
46	832
294	668
836	951
472	940
379	483
389	942
871	945
392	422
475	716
460	822
267	952
327	966
757	779
220	840
165	904
657	841
211	791
259	953
570	845
878	961
242	491
247	606
178	735
632	905
126	279
599	728
544	563
824	846
153	678
194	679
567	961
245	910
479	848
570	966
146	904
585	951
659	900
571	787
879	903
958	967
856	956
460	956
840	948
757	913
462	507
398	980
56	987
647	903
196	738
569	983
352	985
489	731
30	705
272	733
310	988
860	903
617	916
782	983
821	911
523	988
531	849
536	927
770	865
508	865
272	854
712	860
328	934
744	812
78	988
228	932
911	962
737	809
645	991
901	917
964	973
983	986
862	925
325	986
941	989
350	521
792	866
198	652
277	945
890	916
306	599
751	986
112	999
137	763
371	701
519	599
563	871
862	938
281	892
616	882
676	933
588	820
533	884
841	1000
767	822
417	938
852	866
614	994
889	933
746	884
603	835
129	656
468	876
349	659
547	940
910	992
324	602
85	91
255	768
563	884
67	946
535	822
347	1000
158	835
667	941
562	659
741	890
667	712
166	430
861	955
190	787
341	956
556	881
148	790
611	780
324	494
752	941
378	959
185	793
9	833
671	952
743	828
165	851
51	978
632	960
761	845
847	885
903	965
110	511
500	962
701	723
439	952
477	978
700	727
15	395
245	857
694	912
671	965
638	788
236	973
390	393
507	978
782	917
446	968
565	919
775	914
668	788
115	575
772	845
612	627
469	807
204	509
335	992
869	899
115	696
225	339
469	928
703	866
804	918
260	525
31	473
559	858
705	912
182	642
839	912
591	810
751	799
314	532
489	799
742	979
902	968
520	637
814	855
547	740
681	969
901	972
230	804
106	997
725	746
496	923
821	979
738	981
297	750
765	818
300	984
770	933
897	974
508	933
520	758
566	874
459	748
151	366
739	802
615	995
744	880
45	879
788	923
12	473
130	694
746	926
880	926
723	979
811	826
43	954
607	767
338	579
362	936
45	771
12	594
438	931
471	879
512	880
603	998
451	641
776	926
280	759
21	764
307	892
334	995
568	933
66	951
685	929
542	880
924	945
795	831
206	436
81	670
463	772
898	929
856	932
787	832
33	895
588	888
266	837
789	878
257	788
618	996
315	729
683	896
787	953
162	901
396	839
146	893
616	842
275	549
519	909
477	912
692	837
631	827
557	612
595	904
777	881
378	906
455	601
768	832
367	488
465	794
859	950
726	835
671	899
935	945
742	779
180	783
782	851
768	953
823	889
14	979
50	673
699	853
756	835
701	899
444	977
659	902
337	851
227	979
592	848
430	786
738	902
278	392
696	905
539	958
575	615
580	730
714	959
497	961
684	787
441	571
108	627
550	972
724	859
770	975
888	967
131	759
538	854
617	918
629	972
565	987
821	913
941	978
793	851
738	915
531	851
99	928
538	975
700	808
423	759
557	988
505	569
937	980
513	918
853	986
531	972
435	998
484	631
102	300
630	685
346	926
291	990
579	868
983	988
790	822
807	991
688	811
779	929
144	418
839	980
732	817
897	921
19	652
621	986
277	947
874	937
478	937
767	811
101	950
285	542
813	927
959	981
978	994
207	888
141	534
466	590
512	935
273	424
556	749
864	865
363	583
519	830
63	587
398	540
315	542
13	591
445	773
887	889
491	889
871	881
931	932
790	956
609	881
917	997
111	604
672	937
892	940
514	994
247	650
725	948
403	897
711	784
461	838
581	940
6	443
223	966
875	892
840	871
234	832
354	897
123	964
159	658
228	263
431	851
213	894
667	835
344	559
65	915
388	602
541	615
351	720
604	900
823	944
606	946
840	884
541	965
214	570
16	851
434	610
379	674
659	728
511	564
532	852
518	954
661	737
671	967
476	728
723	834
668	669
57	515
585	900
659	849
125	915
648	919
276	559
465	983
638	911
187	975
113	797
742	968
38	623
962	971
139	934
598	694
818	963
601	965
763	798
50	862
289	878
275	980
605	855
402	755
770	922
508	922
286	809
709	912
566	863
533	686
698	790
270	986
8	757
302	938
522	978
448	763
681	742
483	986
238	401
334	634
399	763
75	868
672	858
894	971
154	932
586	589
677	973
575	925
635	976
612	992
725	869
563	578
568	922
843	861
58	591
237	822
765	941
732	764
498	597
684	989
876	930
862	995
834	933
779	997
107	833
570	594
635	989
616	710
794	982
82	776
973	984
236	425
494	949
752	756
788	938
347	936
493	761
107	954
597	818
905	934
41	371
266	718
82	897
379	595
577	839
384	710
141	952
447	766
498	960
625	772
877	993
247	597
780	831
711	960
870	953
190	965
124	611
611	729
74	790
844	937
847	942
434	544
186	442
623	968
342	955
576	893
433	844
741	960
231	858
336	911
611	850
220	965
624	789
951	955
421	726
151	865
233	904
555	955
169	919
129	968
946	961
151	986
99	796
522	899
844	950
541	912
775	850
631	842
837	910
297	673
784	791
35	932
599	974
184	732
511	632
502	812
851	966
529	915
937	969
4	801
854	971
430	909
886	923
158	221
113	973
145	925
434	799
250	978
184	853
599	866
332	522
805	971
860	907
105	745
242	979
176	625
561	695
800	977
626	861
423	761
455	979
114	649
312	930
353	931
50	930
573	934
614	972
705	861
640	880
277	828
423	882
51	485
1	893
598	883
491	757
431	477
378	587
603	934
300	933
864	975
915	977
216	939
1	785
959	983
546	585
582	996
549	590
210	895
369	888
551	636
556	980
188	998
618	811
771	824
241	595
31	785
292	826
760	931
625	706
630	821
179	885
602	988
299	950
509	531
192	824
868	878
255	880
871	883
857	948
227	781
993	994
473	958
803	833
51	969
569	666
333	655
123	845
348	963
989	996
581	942
309	483
488	714
584	947
666	720
757	838
385	966
123	966
300	370
898	999
914	943
933	956
757	959
872	946
569	679
555	781
324	848
76	746
464	599
636	854
226	727
534	843
335	633
388	496
420	677
236	856
580	666
819	948
593	605
432	916
812	908
932	973
715	975
849	975
11	630
613	964
594	685
103	862
444	926
122	875
376	728
717	792
689	959
837	857
386	921
418	910
633	798
559	620
624	978
715	867
121	394
920	976
464	733
212	926
624	870
718	734
712	919
612	981
786	868
612	752
235	765
18	996
307	641
532	988
265	873
821	862
182	875
374	816
828	986
148	473
962	986
203	934
700	986
785	801
480	919
413	929
499	932
848	857
853	935
586	820
517	986
691	873
572	693
369	593
916	991
406	889
874	994
588	637
679	755
651	922
546	640
725	871
642	873
683	874
672	981
259	583
295	994
713	753
589	983
621	935
767	989
49	480
422	991
57	75
609	817
554	881
278	946
834	935
61	719
679	997
407	538
426	588
164	551
725	884
576	761
461	545
889	992
3	899
634	702
597	820
344	374
660	876
519	900
426	709
16	545
664	995
375	892
731	756
961	989
9	771
817	944
743	766
44	728
156	969
412	895
357	959
491	959
269	846
618	1000
114	972
766	898
7	846
310	618
912	952
12	961
392	428
194	672
232	964
509	949
30	685
183	964
668	713
819	882
222	626
497	602
428	731
722	949
565	965
756	947
453	680
236	911
544	798
585	836
912	965
39	811
474	968
680	844
248	921
742	904
847	957
327	396
189	691
712	732
824	973
648	976
419	924
680	965
380	444
490	804
335	930
13	916
217	911
786	802
846	853
6	876
675	971
890	896
251	909
37	162
90	991
709	740
117	865
425	981
681	907
846	974
216	807
656	850
274	519
399	699
256	879
204	460
663	745
816	987
322	452
2	999
464	801
216	928
161	992
290	877
510	917
188	866
494	643
480	745
448	941
737	815
723	917
598	885
235	833
367	989
29	176
807	995
658	872
484	756
625	695
286	1000
100	995
889	926
311	949
655	759
295	941
372	407
533	998
697	877
361	891
903	945
755	818
259	880
878	888
671	824
597	646
327	785
583	711
46	772
514	877
817	878
343	995
940	985
301	769
394	960
423	429
442	708
306	847
571	593
667	826
512	952
295	954
993	996
759	829
93	968
60	791
285	909
701	824
706	939
217	482
301	890
428	665
606	937
565	670
377	619
762	955
775	894
233	611
164	740
81	971
24	437
425	781
442	721
595	963
669	912
736	902
378	965
592	894
432	676
652	945
330	894
444	915
222	802
925	959
395	730
763	897
845	966
751	779
392	617
400	966
298	689
377	982
275	971
319	977
281	456
527	926
590	982
111	984
427	695
807	916
182	864
608	972
230	797
879	977
744	752
293	816
312	866
193	649
853	924
718	736
376	972
73	934
546	629
629	923
908	981
806	970
303	349
24	934
580	923
920	991
216	875
496	929
615	880
688	870
774	873
540	706
56	364
737	991
589	864
50	61
478	996
514	690
693	921
973	975
706	860
35	426
950	991
843	865
765	945
718	870
181	894
179	821
387	999
822	927
987	994
780	930
885	983
95	827
436	891
329	765
246	996
84	180
600	999
686	773
980	991
639	698
369	837
671	879
877	984
660	986
725	886
53	722
447	878
433	943
842	882
504	594
748	991
357	840
403	956
678	895
604	717
731	758
755	886
479	951
768	825
713	889
133	314
551	827
14	851
877	997
775	949
761	785
269	848
222	736
273	967
166	612
842	895
206	913
907	960
126	166
604	959
819	884
103	677
824	962
576	897
144	974
359	899
629	723
441	672
726	841
531	602
538	726
502	803
548	919
100	500
565	859
735	782
740	860
110	693
113	964
223	570
622	841
715	803
140	572
2	867
411	806
782	978
288	443
721	739
316	919
622	962
663	734
186	809
318	965
874	917
915	955
610	844
529	919
785	845
251	911
633	976
688	912
77	758
489	968
200	865
145	929
594	984
668	970
291	983
268	999
557	873
73	760
384	393
790	815
344	994
834	858
125	398
85	999
797	976
126	771
602	737
800	981
533	866
607	815
142	981
739	971
357	640
133	932
834	979
591	992
198	997
828	935
184	870
10	946
822	861
929	987
189	948
744	941
40	596
67	470
499	881
516	525
922	984
259	640
672	809
264	718
883	992
616	877
643	751
478	943
899	936
959	987
496	997
637	707
857	939
898	977
208	530
683	823
889	928
355	994
792	995
704	882
124	307
327	895
528	885
822	874
426	874
390	951
866	880
246	943
843	933
213	766
903	947
722	872
746	1000
350	1000
713	823
652	813
243	379
528	777
500	944
701	705
458	947
618	936
562	775
768	880
726	883
363	831
541	608
766	955
67	954
562	896
777	821
309	487
518	826
41	901
757	842
22	393
844	996
858	894
541	958
34	898
870	904
826	834
349	909
932	964
122	866
791	961
92	960
881	891
305	960
164	984
539	898
962	964
133	853
59	675
587	794
31	576
69	868
380	730
812	912
30	876
76	992
814	958
698	783
221	858
109	388
716	800
210	928
3	635
168	702
751	794
103	987
464	966
15	874
441	982
496	689
389	563
298	933
573	872
559	974
619	988
94	874
383	748
402	990
691	864
765	813
589	853
663	802
957	983
396	458
401	802
725	862
749	990
513	979
375	749
867	982
691	985
806	972
33	756
723	974
401	923
506	939
781	915
103	1000
87	992
343	689
348	767
77	947
218	657
493	633
400	405
553	647
603	993
498	711
718	980
811	942
850	870
129	356
253	651
82	998
651	926
362	823
155	759
482	888
342	585
20	305
168	957
424	883
468	926
905	927
523	596
577	832
766	768
260	896
917	937
961	980
479	940
405	762
583	768
877	986
321	768
794	988
357	950
539	698
274	952
678	776
653	948
606	873
861	897
518	760
564	647
743	878
877	878
269	958
269	729
618	883
122	679
48	501
345	953
713	891
616	958
319	442
255	952
84	545
946	954
844	943
522	892
104	904
393	778
541	905
627	945
824	964
87	671
923	943
675	841
212	851
565	969
793	833
330	843
798	948
127	743
728	852
98	456
648	859
56	984
138	794
430	902
8	913
38	792
368	438
640	860
390	685
543	964
367	967
601	905
224	918
633	857
452	516
622	964
489	849
529	921
656	962
675	975
749	924
91	695
485	851
256	762
911	959
333	982
29	985
885	906
587	983
298	880
554	806
628	755
36	880
724	988
286	991
215	293
794	909
918	975
600	814
892	922
363	578
970	990
271	989
113	174
87	939
288	929
458	586
804	994
466	935
727	976
820	938
42	644
487	994
79	940
239	892
662	995
588	817
261	422
813	935
940	976
711	887
659	697
351	352
394	951
444	543
535	927
571	584
669	890
507	828
493	930
130	878
713	933
171	650
470	946
597	758
287	946
581	935
359	822
667	938
553	836
754	826
336	838
798	869
643	995
528	779
132	550
428	548
190	905
336	959
569	901
467	890
81	854
141	905
543	656
106	618
479	900
334	482
421	895
770	783
388	489
412	846
539	887
527	796
167	490
835	949
81	975
879	955
142	433
218	980
870	906
548	855
634	895
620	960
923	998
914	949
399	732
432	680
932	966
715	968
11	623
632	970
544	857
326	900
441	850
474	798
928	968
289	981
624	971
784	960
944	949
388	731
462	680
286	683
525	965
351	849
120	916
330	911
113	913
536	979
897	958
396	447
327	576
156	465
524	632
237	804
27	994
149	691
737	861
589	734
654	863
87	981
307	755
862	977
554	632
707	874
760	966
457	928
223	761
809	858
695	985
198	704
299	756
189	884
813	977
890	968
339	828
375	522
655	805
292	753
583	636
795	815
514	802
343	920
288	984
697	923
57	68
535	861
843	977
237	938
961	969
737	995
811	944
415	944
745	819
247	579
296	700
31	954
209	997
551	697
671	762
476	523
385	893
546	996
706	985
835	870
752	872
479	942
658	944
759	996
262	715
19	957
574	950
385	785
810	934
306	906
488	883
521	831
548	668
620	773
914	991
754	773
606	646
759	888
435	727
803	894
338	831
439	883
409	711
617	660
259	952
817	950
944	991
789	888
668	827
687	840
747	891
733	956
497	716
72	981
312	899
735	773
270	673
886	905
946	956
729	958
25	842
805	953
419	917
169	217
69	804
440	976
208	855
698	948
175	678
257	451
386	861
331	925
353	684
793	956
812	969
545	854
526	612
569	982
352	984
682	859
687	974
781	838
48	987
263	912
557	864
240	928
501	969
284	971
573	808
614	846
172	235
355	851
704	739
781	959
392	918
29	866
712	859
679	682
505	566
455	974
529	923
629	861
515	988
725	798
499	980
480	738
702	851
672	908
746	857
517	805
102	526
317	451
971	975
5	364
670	754
480	859
526	746
765	991
443	977
116	582
773	852
360	942
506	767
280	690
459	921
376	923
899	927
343	746
232	878
540	765
718	808
795	991
468	633
514	978
459	813
486	650
815	825
383	939
658	878
382	714
201	639
294	830
384	760
898	981
917	994
829	881
774	945
42	996
512	945
713	935
33	947
107	896
495	712
748	929
333	650
546	943
627	639
7	894
534	825
83	889
861	954
279	306
798	871
220	894
471	476
638	653
104	948
137	896
835	938
257	961
981	992
525	712
15	381
669	905
226	830
83	781
28	845
504	774
831	940
935	997
866	897
750	951
543	887
634	776
157	851
775	900
902	941
879	957
156	333
534	959
358	962
537	964
8	849
872	954
462	790
742	844
198	451
370	972
244	567
371	379
6	695
344	690
523	921
839	898
435	808
443	898
605	731
258	623
24	456
426	436
455	908
152	870
802	952
661	976
119	693
64	757
895	914
738	967
476	967
696	970
591	688
52	639
654	973
552	925
304	860
786	863
846	914
445	570
610	903
147	876
312	980
117	216
587	919
532	983
788	909
355	798
797	914
781	906
318	916
767	971
323	994
794	845
706	732
832	871
615	873
334	860
661	989
364	473
792	920
437	463
855	976
299	758
478	989
753	928
54	927
510	978
70	642
204	871
221	286
820	874
658	812
415	825
965	969
566	994
211	766
725	987
384	694
422	986
475	812
246	989
898	915
394	887
588	874
558	702
554	997
461	769
405	874
47	900
745	942
924	944
984	995
662	944
440	831
789	985
968	987
799	949
692	823
637	887
856	931
278	954
345	715
61	956
88	830
399	426
877	990
357	954
35	674
315	957
497	705
535	997
623	844
972	998
309	654
493	1000
529	657
787	952
845	893
643	944
789	998
949	950
99	551
355	477
486	960
508	719
585	939
819	877
529	778
320	375
233	901
585	831
423	503
474	963
18	683
397	716
11	680
728	735
515	856
501	958
441	678
293	514
492	616
230	845
101	465
515	977
559	791
416	971
490	920
508	974
219	871
184	850
230	966
249	979
147	702
804	972
427	985
862	913
108	976
765	980
797	969
52	815
420	982
855	910
473	579
598	988
651	851
494	638
397	971
686	808
748	905
137	751
408	985
526	977
507	698
705	979
512	813
737	931
778	932
575	869
79	931
266	528
799	991
752	916
348	826
320	993
889	921
875	986
405	579
157	477
778	824
660	805
238	816
463	934
86	947
117	297
604	644
683	937
843	926
111	711
840	857
88	764
449	706
299	947
197	899
417	939
359	705
135	960
451	937
162	834
556	990
808	945
16	716
447	939
180	824
259	888
212	776
625	945
413	537
583	948
844	989
558	891
406	497
722	999
221	717
601	709
768	886
234	952
349	902
550	892
583	840
476	714
624	841
192	955
677	704
352	907
539	999
153	963
562	902
823	943
821	833
798	886
435	797
149	440
39	982
636	972
450	553
6	805
548	859
152	859
763	784
754	964
160	979
163	496
335	980
624	854
575	669
654	962
673	975
552	685
309	964
469	916
436	510
316	859
624	975
677	838
415	572
313	561
800	908
813	847
18	872
49	222
169	287
955	967
806	844
190	575
584	731
575	911
737	744
654	975
506	811
874	978
203	810
99	164
832	981
887	917
596	970
18	993
106	877
362	803
100	803
482	868
843	847
688	973
270	985
573	757
820	863
506	932
781	908
681	970
290	819
684	975
719	932
297	980
894	970
470	642
437	465
588	863
82	991
519	763
436	994
202	827
771	984
427	945
246	870
287	642
727	914
350	927
33	991
341	878
487	932
748	973
371	986
453	530
885	978
642	991
917	930
683	763
977	981
801	984
92	524
658	935
773	922
718	986
699	707
762	992
373	951
747	869
692	933
752	984
241	768
972	987
301	819
466	886
116	773
933	995
831	984
891	998
762	884
32	779
525	648
260	902
189	204
859	938
578	659
319	664
319	435
34	946
805	823
914	995
513	651
321	895
252	795
305	887
819	879
254	841
722	946
942	949
237	608
33	320
733	960
516	962
411	680
409	836
736	965
166	849
386	852
532	906
124	852
427	624
55	981
611	970
289	919
724	847
283	616
522	898
723	888
219	860
508	734
599	852
122	927
464	893
323	917
497	841
846	958
240	919
400	908
694	860
223	686
517	904
319	919
365	806
313	616
506	745
621	732
97	991
212	978
353	688
265	575
154	973
952	953
589	901
291	978
635	788
566	917
492	739
626	968
385	576
321	332
101	817
503	982
644	692
159	391
376	914
395	927
362	750
716	982
600	807
908	923
553	695
751	976
239	535
450	984
436	820
40	820
463	923
463	694
443	981
880	982
644	705
690	821
24	997
836	875
478	938
27	248
445	761
417	928
577	880
852	856
875	988
460	746
419	479
47	836
551	635
657	765
662	880
882	883
389	987
755	815
120	304
56	777
537	821
418	641
561	949
225	1000
958	999
455	644
381	429
9	823
391	888
446	824
446	595
914	929
817	996
393	934
472	998
720	834
632	721
530	939
736	778
70	954
708	945
842	945
541	953
747	829
199	960
271	311
202	211
430	600
564	829
421	780
355	426
35	973
122	861
824	904
340	791
376	485
548	969
601	832
248	973
215	796
583	963
206	976
233	850
11	737
401	663
714	894
318	665
497	896
304	730
612	617
340	912
106	745
455	899
703	735
601	953
656	660
353	622
265	738
485	778
121	730
830	961
613	963
506	800
888	902
566	851
392	735
249	915
194	979
381	805
59	791
532	974
191	681
848	951
187	976
654	856
800	910
698	899
813	849
128	746
716	916
719	921
619	983
297	969
452	577
457	921
168	818
751	910
448	872
594	926
552	929
712	918
931	962
848	964
707	988
8	987
228	990
570	690
487	921
828	985
308	461
170	985
753	811
390	759
563	687
493	857
526	805
507	526
373	940
478	993
734	919
274	934
678	758
790	999
282	529
227	593
361	822
597	806
850	986
473	999
170	998
607	999
25	351
541	645
546	989
549	994
623	943
783	932
246	993
623	714
521	932
147	196
718	988
129	822
415	950
465	542
789	868
720	997
794	983
849	882
272	349
310	604
609	937
172	899
268	607
39	784
956	981
110	435
583	884
27	437
780	940
747	763
783	945
24	139
865	984
400	884
782	949
83	948
699	951
960	992
430	763
3	430
397	586
454	891
638	712
657	954
321	776
44	727
145	779
162	194
761	782
791	890
89	325
462	607
250	953
907	957
442	894
436	554
460	948
942	951
386	733
702	710
377	913
94	561
756	946
181	220
681	772
953	965
937	957
749	906
740	857
760	772
531	720
930	954
696	787
425	967
511	970
184	612
629	962
290	513
193	809
279	849
807	968
614	839
325	736
397	841
476	905
275	326
621	734
376	674
515	981
716	971
279	741
301	500
834	963
297	795
682	865
313	739
929	971
629	975
656	849
174	809
549	686
43	60
77	876
292	801
433	511
880	971
80	881
561	925
695	925
161	991
450	865
664	794
347	858
397	975
89	822
317	457
253	930
290	997
524	935
582	876
342	635
61	881
195	881
924	990
299	938
822	979
674	815
519	941
472	866
582	997
771	933
653	877
553	939
690	944
762	820
662	882
970	998
665	887
912	993
213	992
161	307
460	869
699	885
685	987
757	826
344	428
426	992
338	879
921	934
866	998
819	923
678	947
838	936
254	885
273	898
617	708
37	887
680	993
754	942
449	831
294	957
495	718
613	939
324	836
664	941
287	954
826	939
377	847
523	672
784	942
550	775
844	993
761	958
654	832
714	883
48	793
777	939
199	962
648	788
276	428
694	904
754	955
881	996
914	944
344	791
812	896
481	796
589	595
112	670
763	896
331	973
928	963
821	837
127	914
605	953
506	681
318	896
714	896
700	732
474	914
78	914
615	853
67	267
812	909
173	922
503	797
470	620
626	904
249	917
906	958
276	791
697	784
642	848
12	681
908	967
402	866
388	968
38	855
943	961
566	974
10	756
155	622
399	982
688	856
72	587
779	974
416	922
850	854
610	909
439	502
255	681
931	964
110	1000
807	928
526	915
908	980
424	867
586	700
892	972
245	407
167	982
649	985
327	934
346	984
607	988
417	864
706	738
45	992
205	981
898	908
394	880
595	870
254	577
466	756
87	171
727	797
820	988
295	874
322	977
878	929
64	187
410	595
602	802
201	458
373	942
354	700
808	870
293	949
67	872
774	993
975	983
748	977
178	824
799	942
305	407
926	983
683	996
108	472
228	537
522	755
252	665
300	413
646	821
370	886
315	950
535	990
650	940
669	953
391	945
451	996
699	832
308	947
132	950
385	901
374	483
464	642
708	773
391	837
523	956
891	894
963	999
833	889
912	953
78	727
955	1000
339	502
289	910
416	722
536	558
131	738
57	560
340	848
818	887
587	725
661	674
504	956
633	841
798	945
476	894
663	720
112	846
404	725
712	841
610	830
568	833
298	972
413	959
174	448
936	1000
401	841
332	741
552	744
143	990
339	636
633	854
774	793
177	574
163	676
724	972
140	921
314	808
107	744
281	402
616	621
117	974
533	852
142	738
390	574
78	982
637	680
848	900
327	639
294	462
137	744
546	683
790	814
380	916
484	973
658	860
401	975
781	967
332	875
473	814
855	916
598	994
752	909
771	922
144	760
892	919
224	231
262	523
234	690
523	527
568	980
149	996
6	422
746	986
391	758
281	886
454	814
211	827
159	408
582	999
92	583
405	814
859	984
630	932
726	869
745	882
863	874
407	594
486	887
852	981
2	545
683	943
634	758
224	365
638	648
426	994
645	772
474	890
377	957
224	486
407	836
384	889
833	944
590	957
750	946
515	783
212	782
363	951
707	724
927	993
321	954
536	842
613	833
291	782
580	656
981	1000
282	962
518	946
578	960
696	952
217	954
29	903
598	794
689	949
890	939
513	723
279	556
848	942
27	978
724	906
902	949
761	973
129	208
203	911
277	860
793	898
834	899
452	568
383	734
443	785
696	965
503	799
561	740
767	845
395	973
629	911
529	973
301	557
512	740
209	739
10	758
59	916
744	753
862	974
122	181
466	745
760	963
223	987
433	568
457	925
853	925
639	673
704	802
957	982
795	920
24	814
5	535
868	910
68	591
133	986
334	976
783	802
471	981
163	865
429	984
336	756
685	910
373	823
945	985
609	807
862	987
760	976
419	646
603	992
773	915
410	826
542	982
179	930
660	974
371	871
266	589
40	1000
384	810
692	926
337	469
125	815
630	987
454	990
509	697
588	990
159	584
68	954
546	993
398	829
439	867
926	985
384	702
777	862
414	810
689	749
501	698
845	996
657	945
743	756
247	818
500	998
214	375
585	813
650	942
461	777
648	832
270	657
251	415
27	670
569	724
136	842
557	606
345	952
432	611
261	958
481	961
775	950
167	542
286	493
392	660
510	652
634	947
997	999
441	552
124	845
26	44
726	950
927	940
638	837
724	840
206	914
990	996
267	601
814	999
659	896
337	845
386	966
284	955
661	676
573	792
740	969
707	792
237	614
481	974
599	966
