423	740
266	268
276	956
832	908
937	961
367	845
110	923
107	625
482	916
862	908
807	972
688	792
760	897
75	794
242	971
171	502
682	977
181	695
313	851
827	843
598	983
510	907
422	794
293	872
730	910
29	45
807	864
908	916
378	687
952	959
418	500
198	985
54	748
90	176
755	795
966	978
864	967
401	977
354	865
113	281
486	755
780	973
202	996
458	693
790	937
499	990
281	996
778	819
210	298
234	692
910	975
734	978
519	824
764	857
494	996
769	972
366	996
653	760
685	978
308	991
523	650
154	295
384	986
227	773
639	983
873	921
951	989
211	950
558	994
530	932
604	881
315	778
194	488
199	832
240	604
455	529
9	937
759	940
349	776
613	822
62	948
81	961
629	766
840	986
25	773
627	878
486	902
539	994
525	830
585	881
122	854
631	997
824	897
395	491
504	892
844	997
89	155
797	885
742	949
2	910
337	900
299	379
496	664
569	913
302	798
830	954
145	851
709	893
772	949
821	841
67	379
449	969
163	612
724	908
286	911
901	955
266	444
120	915
772	841
510	841
59	905
334	844
716	909
554	847
173	926
594	919
487	793
855	960
454	616
748	834
82	744
579	796
651	901
18	988
615	978
707	981
190	691
405	616
429	973
589	962
602	901
184	913
22	60
436	868
577	578
394	871
22	999
176	914
126	827
151	591
711	928
573	994
650	689
774	984
361	586
543	563
908	984
61	819
704	925
676	863
841	930
885	973
744	997
697	922
843	976
686	992
667	750
815	877
479	928
460	686
875	928
625	753
644	766
165	997
456	715
871	930
530	637
664	866
158	994
669	944
359	984
89	894
245	882
221	296
768	923
694	708
685	925
762	879
209	407
808	995
546	995
847	923
439	869
866	936
926	987
731	748
328	772
759	995
294	895
481	721
627	812
668	813
893	931
604	828
731	869
120	715
777	985
451	1000
545	598
729	944
444	960
860	875
20	898
557	608
740	958
246	423
826	998
960	998
158	310
60	970
751	824
756	939
539	941
728	840
874	894
356	968
268	855
777	998
307	783
548	909
380	544
825	894
930	947
365	909
406	681
846	953
166	965
326	954
329	434
344	971
196	844
633	845
388	785
429	557
814	893
332	853
406	802
73	858
596	899
867	904
929	964
602	606
165	568
203	860
261	276
73	979
904	907
820	913
429	799
415	864
612	920
390	807
794	897
515	987
293	874
609	851
683	800
136	173
315	404
397	968
672	907
589	909
630	910
313	974
690	695
970	978
552	990
887	980
780	854
752	792
153	692
210	997
683	692
880	977
135	823
336	813
759	916
883	982
695	931
385	705
142	984
706	797
766	811
463	810
664	800
889	918
859	975
575	987
704	872
607	939
285	888
521	872
686	939
59	289
391	762
298	305
905	983
201	867
385	947
343	987
810	867
740	771
745	886
935	983
455	760
969	981
740	892
845	945
393	821
761	951
879	943
939	994
53	901
515	666
372	883
317	947
881	989
100	195
325	542
770	892
756	994
393	942
76	969
483	835
867	946
289	969
707	728
624	959
911	989
214	795
723	938
602	648
860	943
920	957
703	959
86	502
806	828
135	623
833	961
915	1000
612	733
739	774
376	722
529	964
615	967
105	902
886	972
600	615
6	105
825	962
80	808
154	794
448	746
88	440
709	787
920	970
207	805
716	911
342	441
402	980
591	916
649	857
957	973
654	972
579	798
30	290
563	790
7	343
807	921
848	959
176	795
556	787
24	926
239	814
10	991
841	919
799	922
945	976
149	813
551	793
102	701
415	932
957	986
542	744
850	860
899	981
725	865
554	983
669	933
669	704
672	975
732	989
864	916
643	917
866	925
324	642
347	811
667	981
9	523
105	460
129	817
597	693
302	479
104	760
412	876
472	927
618	981
375	994
240	540
168	371
338	819
761	885
203	594
664	989
648	715
171	827
859	935
495	887
440	951
462	481
893	933
571	882
92	884
648	836
312	887
138	771
592	941
886	893
872	995
421	830
939	941
942	946
212	841
353	780
389	474
680	946
902	995
186	788
557	960
78	962
207	847
793	944
397	715
302	855
737	783
723	885
888	952
222	862
607	673
614	834
182	911
839	952
302	976
704	727
107	508
599	970
492	844
222	983
767	783
404	731
469	860
238	439
207	860
36	978
210	865
540	740
228	919
811	974
489	960
575	963
887	969
188	968
669	746
600	912
278	861
746	966
779	914
883	971
640	984
161	986
150	568
463	799
370	571
480	968
339	992
91	927
755	907
414	614
410	643
179	976
690	926
468	621
822	853
51	710
274	984
741	864
364	877
264	939
512	812
451	802
415	879
327	766
239	882
225	984
660	912
539	622
558	635
389	863
480	981
750	805
264	831
787	872
465	821
262	758
465	592
509	864
435	649
533	992
844	854
627	856
178	764
494	1000
530	694
609	987
400	813
231	775
699	880
638	870
280	933
762	936
385	949
764	982
838	931
750	818
146	825
421	764
935	985
19	195
851	991
488	939
842	942
229	944
726	996
437	893
844	988
536	606
668	762
659	942
442	944
645	778
271	308
923	988
749	835
738	942
812	891
27	850
710	880
715	958
756	996
305	831
464	595
557	786
188	660
587	894
740	907
36	791
210	678
70	375
278	324
402	619
608	953
374	786
520	840
709	776
700	956
120	906
376	603
174	617
499	902
457	676
94	624
429	843
770	907
673	974
505	838
469	915
510	953
804	905
890	945
828	969
170	740
423	920
87	971
684	961
697	900
205	963
174	630
821	966
788	789
80	931
570	795
938	962
360	985
33	627
855	964
492	912
528	569
574	685
794	954
868	903
554	743
267	915
148	698
850	970
524	985
780	911
292	864
92	510
658	921
938	975
597	682
690	873
299	988
674	865
169	878
530	857
334	982
301	805
20	526
975	978
111	644
588	983
261	588
968	975
780	924
664	978
731	739
358	642
514	926
678	997
516	706
873	980
391	940
914	981
229	649
397	462
206	894
314	427
258	532
425	709
411	774
29	480
282	660
337	596
796	881
56	842
842	997
96	884
349	835
476	876
701	994
258	653
838	999
221	771
870	951
97	735
564	881
490	666
911	925
429	656
847	940
525	889
464	879
923	935
515	844
348	438
513	771
647	1000
661	898
614	823
26	158
941	952
578	900
228	787
723	995
286	728
167	548
874	898
860	1000
142	720
791	900
694	967
50	902
535	651
36	967
265	561
306	562
416	959
624	908
677	1000
846	957
192	204
436	793
804	960
890	1000
45	908
427	973
64	921
265	911
721	962
325	962
452	508
718	893
451	549
621	960
533	847
175	910
412	557
603	798
88	618
262	505
267	849
148	632
709	965
253	685
910	955
492	967
528	624
294	457
781	841
5	354
404	854
450	970
338	500
885	898
477	807
45	921
260	809
642	911
325	975
628	747
292	798
924	974
98	932
598	989
486	519
596	916
637	917
384	508
628	868
311	932
834	973
94	934
176	744
102	529
143	530
646	858
711	987
683	925
686	930
639	855
350	752
162	930
570	755
864	973
836	874
877	912
646	979
114	889
857	933
359	922
400	465
914	915
74	709
289	597
382	825
564	573
357	997
954	987
374	412
255	986
673	708
136	769
156	189
629	638
620	818
787	995
680	869
643	987
729	990
949	993
866	995
981	982
618	930
117	648
585	753
301	994
450	528
815	949
42	999
859	992
160	954
294	954
159	995
696	705
544	836
645	888
469	662
240	839
928	947
427	436
657	898
536	837
847	995
365	955
392	829
640	665
175	831
698	872
601	939
362	428
243	965
172	267
545	778
710	882
715	960
351	949
640	786
626	888
175	952
87	610
417	485
205	831
30	978
681	716
483	960
904	953
615	850
422	721
675	901
876	891
655	663
402	971
378	385
635	950
487	557
128	853
422	842
716	794
12	678
134	375
535	719
807	912
300	852
286	917
165	627
560	668
235	871
665	684
904	966
760	958
3	750
493	614
80	933
195	920
405	501
737	974
468	786
776	902
616	684
695	977
931	961
383	863
262	802
429	979
19	815
473	756
767	974
519	872
333	453
403	926
664	967
838	854
857	867
447	969
903	983
667	972
708	744
340	348
820	985
597	913
720	983
11	294
26	831
301	807
172	885
810	913
586	939
787	929
861	878
685	918
285	947
835	862
439	862
398	595
40	887
39	891
465	999
759	988
542	990
383	408
613	870
150	880
268	606
823	865
78	711
83	826
652	983
292	411
164	899
379	824
747	991
884	996
777	870
364	960
446	999
638	940
435	840
490	547
140	663
305	996
742	997
590	899
139	963
736	953
328	899
648	840
173	961
503	607
355	480
525	891
425	953
673	789
557	843
629	948
689	999
890	989
224	899
86	440
196	837
66	727
102	384
797	946
203	732
354	376
194	912
87	786
688	895
3	563
397	719
457	733
130	375
811	965
9	314
140	797
682	851
668	953
131	977
869	943
800	843
684	897
463	669
821	902
58	620
77	633
420	972
800	964
841	965
294	338
767	787
436	687
339	983
683	793
614	959
521	731
556	725
112	977
280	790
87	920
362	859
439	554
692	734
475	736
31	988
628	978
15	226
655	852
345	626
386	398
602	962
459	913
794	903
155	916
458	688
34	397
405	798
498	989
52	939
430	562
706	911
73	998
250	631
631	737
843	916
746	983
501	627
551	973
745	987
602	975
454	811
762	927
882	992
627	739
623	997
320	996
361	768
70	821
942	979
245	822
754	928
878	994
12	62
454	932
407	591
453	707
761	823
296	989
525	583
764	865
428	879
870	995
796	817
823	920
768	984
726	987
421	876
641	650
337	653
125	999
414	873
428	771
548	836
529	594
840	981
74	953
215	892
738	933
412	948
935	989
761	836
626	877
934	993
731	930
698	753
502	841
925	944
226	943
656	756
909	936
331	959
969	987
694	782
485	645
503	662
668	766
291	779
62	956
222	908
681	705
626	769
538	885
610	761
876	880
119	672
427	559
559	944
578	957
853	896
894	934
765	783
319	962
186	847
450	893
596	718
110	973
187	964
589	944
737	842
800	898
786	963
323	973
178	326
441	965
480	893
895	906
94	857
811	912
14	339
181	516
360	747
828	852
478	968
192	611
786	855
100	793
91	973
287	619
807	914
223	863
283	914
369	688
304	973
257	861
114	812
458	622
296	560
408	801
802	957
862	971
625	735
341	976
396	683
129	339
753	920
417	971
348	871
12	922
686	866
672	968
221	278
152	178
281	817
352	697
197	823
346	394
260	879
153	753
263	396
875	923
479	923
861	988
364	707
498	936
28	758
680	684
859	915
778	990
220	928
519	995
475	925
609	925
130	927
567	928
190	941
933	985
363	869
905	923
657	821
729	926
223	300
863	926
808	990
747	751
926	982
838	869
227	944
428	705
39	664
738	867
187	764
321	993
963	985
830	870
720	998
16	653
392	415
69	893
537	998
77	259
407	888
888	932
948	983
480	585
377	901
201	941
125	128
70	192
710	818
858	945
453	896
520	657
106	788
128	318
86	550
325	832
751	940
869	932
420	840
360	560
907	958
827	935
464	883
772	999
501	950
287	432
545	956
941	956
316	904
200	958
455	955
670	843
793	950
806	889
608	904
621	843
426	604
422	899
347	725
572	843
341	910
800	966
161	979
813	905
496	969
917	962
177	694
75	912
572	964
649	918
970	973
343	848
150	682
30	122
310	405
769	956
623	636
562	626
773	846
924	978
299	926
459	915
63	915
674	803
734	854
882	981
291	513
659	680
447	797
433	862
328	580
774	926
438	977
345	749
792	980
699	752
891	922
165	818
970	986
49	872
357	988
954	978
95	988
692	978
24	290
86	939
576	803
466	931
507	932
171	983
460	857
336	821
322	923
50	464
745	989
275	811
5	950
817	865
476	572
247	749
49	993
775	868
576	924
810	862
37	875
639	980
914	919
757	935
330	639
541	822
255	990
351	927
81	837
34	991
84	583
810	983
851	984
331	948
284	873
657	889
643	991
181	371
291	768
282	948
43	437
717	876
851	876
796	940
548	838
983	995
205	701
914	932
229	829
537	945
8	830
335	959
140	720
401	532
194	956
717	997
648	897
400	832
969	989
69	961
719	777
930	997
332	782
681	936
524	723
188	774
876	882
399	957
526	769
834	885
302	795
195	669
406	852
24	558
679	718
579	780
92	958
499	787
344	913
466	610
209	954
952	998
448	970
608	959
322	602
382	616
693	774
758	903
119	916
771	842
51	637
785	898
193	986
273	457
259	559
809	962
186	983
901	965
885	957
618	842
119	929
769	782
801	963
658	914
732	863
919	955
248	521
676	968
96	393
514	906
32	637
159	449
257	984
491	922
394	989
769	903
158	978
810	904
634	678
653	691
152	409
924	925
10	999
170	988
624	633
25	570
51	771
154	455
285	938
390	991
701	853
780	917
563	919
842	977
37	580
264	1000
61	937
284	457
743	971
546	871
590	648
249	355
652	745
294	1000
784	864
75	175
632	995
329	994
420	587
590	998
884	987
837	875
460	925
803	998
830	872
76	898
315	951
34	938
180	763
207	600
386	831
735	756
67	297
14	959
705	813
872	990
104	889
833	998
967	998
185	962
23	900
54	250
335	906
902	990
492	826
934	942
777	995
518	1000
707	899
130	595
302	850
313	716
511	960
800	834
846	950
207	963
334	546
311	791
765	961
603	670
286	963
797	950
234	315
748	765
147	804
785	832
403	501
408	845
526	837
806	891
410	625
704	843
73	976
255	724
672	783
111	221
704	964
883	966
706	781
417	678
150	563
246	796
287	797
320	745
466	799
414	609
811	982
88	624
377	461
910	961
10	933
225	858
693	963
808	913
293	992
136	520
375	802
411	459
966	977
41	633
836	867
32	584
632	808
799	985
563	974
764	964
783	977
857	926
442	684
72	885
433	864
875	980
317	918
553	700
64	243
831	910
368	920
970	988
137	987
398	762
131	418
141	877
444	649
497	512
884	921
273	767
59	286
468	979
835	921
21	933
538	634
851	865
216	354
680	983
859	985
437	996
292	349
932	938
333	875
503	532
849	940
613	929
700	817
171	998
782	886
124	886
284	875
187	713
536	601
411	835
879	940
939	991
923	983
592	883
110	614
757	950
715	953
319	953
484	532
508	889
728	892
392	714
717	999
510	935
890	927
909	940
69	963
751	997
184	886
93	273
901	941
87	724
515	905
17	894
655	656
89	504
517	722
663	776
162	494
103	853
827	884
684	835
615	964
642	838
461	497
149	905
297	840
883	900
308	440
299	849
560	661
579	674
436	854
774	849
256	923
773	890
470	852
690	855
113	322
899	965
596	964
38	148
291	328
623	801
31	926
394	749
292	967
484	908
611	683
368	962
306	986
342	680
650	796
347	795
686	978
116	862
212	570
671	855
896	973
789	847
271	921
701	734
618	965
384	798
752	965
871	916
117	454
213	916
554	980
447	854
125	574
704	924
368	975
743	852
662	927
607	991
546	981
766	984
483	632
680	917
83	698
13	868
490	527
734	924
972	981
304	522
326	806
933	989
298	478
489	689
701	868
439	868
733	820
562	938
881	920
270	766
803	1000
481	949
921	992
29	825
590	892
772	869
328	892
273	956
796	997
826	876
55	733
886	890
550	941
355	702
830	995
833	1000
907	949
585	935
208	948
15	782
390	430
837	890
749	777
944	989
985	990
434	887
816	952
621	713
758	947
937	949
694	962
55	975
719	726
911	933
264	331
869	936
561	783
814	1000
230	949
15	795
818	890
105	954
661	906
177	793
213	487
724	962
704	724
698	946
235	919
295	677
404	849
541	558
651	955
427	981
191	970
375	562
807	973
655	845
433	732
586	974
433	503
484	963
465	684
671	789
924	969
574	856
381	986
136	630
475	850
787	856
396	971
616	974
868	966
646	853
871	971
733	741
810	961
89	935
686	925
685	966
528	982
643	969
710	730
266	982
440	869
333	514
687	746
711	874
898	966
144	992
741	982
93	946
951	977
247	861
352	877
472	979
954	982
453	700
263	576
634	977
49	58
86	125
509	982
476	805
8	471
775	872
460	982
42	994
372	869
270	821
652	923
275	936
638	759
891	939
932	940
214	660
52	369
525	818
420	536
425	880
893	985
414	987
235	719
620	826
550	767
154	767
221	942
138	944
532	834
246	477
418	998
55	909
366	542
603	714
756	993
809	819
360	727
833	947
506	552
511	896
309	947
1	794
106	847
656	991
188	657
367	888
94	729
797	886
520	837
869	991
827	994
45	958
862	951
39	389
591	902
23	152
179	665
406	856
874	961
151	566
249	909
255	660
790	967
702	891
8	968
746	897
892	951
503	910
883	902
901	956
323	979
794	830
560	663
684	958
40	856
246	961
22	987
760	953
567	787
773	892
792	905
470	854
690	857
426	784
753	913
216	974
472	900
109	848
90	569
155	964
370	394
446	618
699	798
644	862
69	402
850	967
676	851
246	974
461	862
273	811
856	903
223	990
220	921
220	692
35	875
527	583
577	929
411	637
43	241
135	998
83	808
363	862
196	456
850	980
891	981
431	996
706	972
458	870
548	763
680	919
900	922
298	359
638	922
349	819
233	873
558	929
544	994
52	303
95	939
269	826
139	945
650	932
617	755
648	822
782	822
518	978
25	816
443	575
789	983
722	929
455	814
166	711
960	986
738	873
784	989
944	978
830	876
921	994
131	609
464	755
717	935
328	894
340	719
738	994
434	997
71	945
467	945
527	959
828	887
69	81
888	938
225	365
268	964
610	930
510	992
127	961
490	784
839	938
209	771
712	833
53	379
173	969
781	825
535	769
705	951
127	974
880	952
322	661
24	967
98	916
781	946
108	143
505	782
899	901
752	888
293	862
834	957
961	998
686	793
226	549
556	949
415	744
594	975
795	965
910	952
182	213
712	967
137	736
472	726
324	562
885	895
568	959
771	793
829	963
595	796
686	914
9	672
966	968
195	862
231	519
187	449
316	334
882	974
940	952
362	975
741	971
452	868
658	973
553	691
504	506
51	938
426	852
789	904
407	573
632	691
351	678
241	806
609	973
650	974
366	986
221	568
410	992
754	802
666	689
564	678
836	871
646	976
539	850
733	864
898	968
58	991
188	283
336	935
859	976
437	987
160	938
399	466
456	1000
564	799
798	966
891	928
448	587
577	997
351	920
678	820
153	935
428	874
870	990
823	915
565	879
666	931
64	368
311	474
657	882
495	820
522	923
544	941
442	930
194	828
414	868
548	831
620	936
680	987
724	764
434	702
370	946
277	718
893	987
244	312
548	952
909	931
242	882
784	936
761	952
602	636
62	951
189	726
703	947
469	780
276	651
18	844
684	705
763	998
818	934
923	987
243	962
50	833
413	885
751	880
23	141
673	960
676	706
698	990
918	993
615	955
818	826
287	372
581	590
927	998
27	970
277	852
786	958
85	93
339	912
77	912
591	904
677	944
732	843
792	894
649	845
418	424
616	668
170	847
101	747
554	958
732	735
524	971
145	386
692	784
463	961
223	979
157	625
415	920
957	974
118	404
472	673
604	792
177	984
933	967
281	812
322	850
179	801
308	686
170	981
250	681
725	974
272	440
926	964
623	926
260	874
375	861
557	572
722	905
567	802
193	295
454	861
151	823
123	761
604	805
653	926
32	993
443	564
117	808
967	978
122	657
411	531
326	918
40	66
960	975
559	631
583	988
944	967
803	991
673	881
747	867
626	806
659	754
912	934
650	934
870	937
432	940
740	827
826	867
416	703
674	998
723	860
731	980
180	877
97	842
606	985
680	934
36	832
430	988
201	936
619	658
159	939
770	827
121	418
439	993
162	190
459	642
230	819
684	760
818	989
937	940
854	942
259	473
242	829
710	934
765	833
911	924
800	827
48	963
298	845
251	999
941	951
672	763
278	378
23	88
797	943
811	841
373	615
340	963
744	787
582	725
237	956
705	832
887	957
482	908
7	386
702	948
790	795
191	732
581	658
180	314
20	96
773	828
369	738
341	905
822	949
593	897
560	720
161	974
940	941
790	916
829	844
586	857
873	887
446	554
143	516
349	621
514	954
558	731
203	274
631	721
204	913
746	967
152	457
704	970
179	856
297	323
458	914
563	967
365	457
609	854
287	803
502	691
548	578
970	981
734	970
868	970
425	629
53	986
515	522
754	804
129	752
165	934
266	986
863	976
340	642
942	976
653	873
754	925
840	965
798	968
454	929
833	925
733	758
736	992
543	863
180	811
1	543
870	992
906	915
419	827
152	712
9	929
735	804
353	473
289	946
886	936
946	987
77	309
858	874
949	992
613	814
199	945
636	946
680	989
243	951
881	979
377	951
592	876
900	992
160	953
237	419
756	984
167	360
497	989
29	655
629	879
513	933
675	766
196	997
807	885
2	902
901	934
147	731
670	772
749	836
540	662
443	766
341	489
616	657
714	1000
142	774
325	895
867	949
520	841
827	998
82	844
744	963
670	785
347	775
52	857
547	836
676	721
299	734
395	967
472	662
535	947
241	500
581	834
686	850
438	785
157	506
281	801
186	978
308	675
883	906
98	865
822	896
255	785
348	976
301	901
67	734
521	904
177	865
820	971
713	845
176	906
732	858
644	974
358	388
344	453
280	963
250	562
324	511
72	933
755	963
400	506
424	863
732	979
690	982
421	794
123	871
343	911
16	516
945	979
254	802
395	512
37	804
534	856
28	984
47	997
606	732
778	987
574	928
627	791
835	969
401	448
184	450
375	984
631	910
516	694
414	912
433	925
745	931
743	858
192	984
150	987
324	874
907	929
708	985
441	641
382	1000
440	941
696	867
483	759
548	888
823	864
212	939
694	942
587	816
914	982
592	931
825	873
228	654
352	949
742	875
250	938
907	942
566	649
645	942
582	593
565	949
270	772
622	931
233	890
816	945
453	893
129	244
151	262
818	991
821	996
471	883
586	604
728	953
323	904
82	549
469	958
730	999
496	832
307	667
174	781
334	770
568	937
380	886
17	834
359	534
350	714
371	773
697	943
298	968
788	832
424	784
929	956
220	496
283	966
6	163
663	958
630	781
239	859
899	905
706	776
558	612
716	969
199	450
534	669
674	679
252	461
274	974
403	859
669	978
526	966
484	969
877	900
660	902
866	970
582	982
783	972
567	859
498	988
713	913
859	967
671	916
485	497
690	929
187	574
734	972
99	461
351	682
153	697
395	459
14	767
946	976
858	863
435	531
701	916
835	916
282	932
68	185
699	991
592	865
8	585
132	880
729	870
11	590
355	400
370	937
953	992
414	980
851	981
171	993
615	704
666	935
726	986
330	757
946	989
335	835
541	940
847	983
585	983
258	588
122	956
860	922
879	935
478	591
636	948
202	427
578	943
163	472
622	986
462	768
756	986
797	987
791	943
610	868
895	1000
707	949
232	427
839	876
971	995
429	712
23	24
737	828
693	758
323	959
533	540
543	999
238	363
224	953
702	992
260	381
499	663
705	997
727	756
536	959
484	769
307	843
749	959
40	499
707	962
94	964
517	838
589	943
943	946
313	779
822	885
390	962
464	948
560	656
376	835
665	672
380	954
177	854
182	969
567	780
584	949
792	898
878	901
938	952
93	860
253	620
228	267
753	906
771	960
764	772
482	857
623	796
240	277
23	508
556	779
170	972
390	975
467	670
541	619
217	266
361	917
306	981
268	460
801	960
121	972
294	634
459	967
335	406
618	960
38	385
103	514
755	965
139	467
185	583
234	970
473	986
22	296
662	922
729	912
403	927
351	508
395	514
845	979
745	812
165	991
385	994
151	827
123	994
407	524
893	912
796	979
708	866
713	981
270	640
738	745
151	948
192	986
847	917
492	689
805	920
464	627
101	309
515	592
513	748
358	874
320	353
499	584
886	993
550	815
858	931
407	995
696	869
626	810
133	648
955	985
592	933
578	998
233	1000
830	990
613	992
814	982
772	985
6	957
858	944
608	769
816	947
382	426
492	823
612	888
423	723
469	839
818	993
491	598
876	934
895	947
955	998
120	133
209	885
517	772
121	772
291	954
588	652
188	718
568	710
339	850
941	955
719	842
116	549
737	896
401	947
456	617
748	762
362	955
665	727
961	991
438	721
390	909
1	868
665	848
30	337
288	898
725	899
642	901
84	85
213	724
862	904
584	896
644	910
262	616
671	784
5	694
109	788
940	945
305	434
555	730
627	835
692	964
494	979
865	892
361	864
507	918
741	856
754	795
372	501
537	568
65	987
63	914
68	992
780	969
866	972
112	281
783	974
451	915
239	995
163	219
80	184
687	862
398	759
331	934
284	859
532	695
119	297
435	762
44	877
687	983
167	230
217	576
659	921
184	399
227	998
153	820
851	862
23	939
565	993
699	993
344	765
726	867
738	921
729	872
622	746
775	988
379	988
849	937
341	467
761	824
516	993
645	878
15	711
717	983
731	918
851	983
890	911
207	652
243	834
927	978
383	585
844	980
687	996
847	985
879	937
235	835
818	927
441	711
394	599
377	955
153	244
96	942
397	870
614	868
812	883
853	884
462	999
591	884
751	873
932	948
503	542
76	963
236	952
814	929
189	611
235	727
357	424
455	996
785	871
818	819
535	696
325	886
399	835
807	889
760	814
971	997
316	958
792	887
229	252
354	661
235	969
183	779
573	964
460	535
825	956
78	204
234	488
781	886
681	948
767	951
66	86
596	840
554	843
361	677
719	910
619	972
498	911
746	784
584	722
957	967
528	790
533	905
389	897
193	985
549	620
521	787
713	728
560	900
412	736
835	839
417	851
766	968
348	980
683	970
176	910
47	988
47	759
341	977
835	960
21	743
752	962
852	900
375	975
576	736
218	991
674	978
604	919
153	983
280	980
495	868
385	996
613	860
912	927
516	927
277	416
312	868
83	816
565	819
413	691
353	411
55	717
397	454
200	812
179	231
208	932
20	881
925	987
675	812
224	876
826	981
319	884
668	809
14	19
860	979
712	815
557	941
469	828
293	602
298	946
537	999
793	925
416	938
872	989
130	581
435	951
911	917
135	430
319	776
814	984
309	997
428	948
422	874
568	699
559	879
880	934
797	936
84	1000
621	710
392	887
249	838
772	879
104	420
216	661
670	831
515	957
155	651
675	946
790	896
936	987
237	949
572	939
795	947
46	600
788	944
807	957
182	905
278	842
672	998
487	952
588	775
41	148
426	713
758	957
618	654
153	554
158	898
829	837
667	775
364	737
400	431
396	955
33	903
330	372
250	608
463	901
494	968
31	978
191	967
884	894
474	501
503	973
817	840
156	865
183	968
66	154
799	971
433	850
658	968
396	968
954	966
56	755
565	632
157	578
327	989
762	917
530	796
475	860
208	745
634	853
942	969
21	101
40	114
859	971
418	969
900	972
504	743
836	987
951	974
233	923
333	632
448	582
57	697
189	587
222	535
777	794
738	802
858	867
622	856
863	982
399	703
449	820
261	998
71	874
179	407
733	993
934	983
909	926
647	926
113	992
724	880
438	523
923	982
688	819
141	192
619	948
853	886
88	531
580	993
129	303
874	945
934	996
216	716
739	757
876	991
232	660
466	598
471	942
256	788
586	663
11	957
828	950
387	719
827	991
206	378
593	824
785	994
677	939
112	901
57	965
561	727
695	956
385	730
679	948
265	850
306	622
259	776
350	665
685	884
528	671
472	776
288	955
725	956
269	447
530	717
463	727
466	961
77	920
292	845
106	160
518	599
79	966
327	802
137	907
417	961
711	913
174	974
857	967
494	915
260	748
628	915
249	330
774	969
801	843
713	959
102	805
933	962
845	849
884	962
460	671
41	687
690	867
490	513
569	806
500	972
646	797
296	913
637	977
502	752
254	687
713	972
135	995
391	921
564	849
416	685
803	865
789	967
393	967
715	752
761	868
847	908
7	931
351	741
98	295
750	975
172	998
106	644
446	978
143	940
597	918
742	747
126	249
406	532
111	880
749	871
826	862
509	926
495	991
402	763
85	827
641	816
527	943
511	935
444	945
585	921
282	883
318	577
309	986
323	884
409	695
612	758
629	927
386	940
59	582
928	994
105	698
141	355
41	942
545	704
839	922
2	950
837	997
735	986
936	976
955	989
600	761
911	919
603	766
217	996
406	666
629	940
818	876
381	838
21	532
174	774
601	878
642	879
353	776
697	815
821	881
600	882
705	935
388	999
825	1000
214	846
222	966
895	951
936	989
72	618
75	660
214	967
748	874
247	363
744	903
320	841
181	682
924	955
354	610
533	841
662	726
370	554
136	387
889	890
686	790
387	908
910	949
651	954
780	839
389	954
871	957
623	855
452	973
419	567
47	924
358	557
316	331
755	903
741	968
773	957
47	816
611	858
19	983
443	493
935	955
852	957
475	970
342	855
823	899
947	965
430	675
946	969
798	842
729	742
541	920
627	731
720	922
492	506
43	414
617	915
180	685
171	865
284	742
817	976
16	698
747	917
733	753
953	985
226	922
243	825
622	858
517	576
71	984
286	643
453	820
506	646
689	804
523	1000
624	823
223	479
66	761
976	982
34	994
593	692
827	859
175	704
78	1000
854	992
969	979
174	479
298	774
661	826
770	998
99	830
85	895
473	482
423	890
409	992
593	813
860	928
73	777
441	944
284	997
881	987
880	991
591	888
381	785
876	993
427	901
793	995
911	987
295	718
61	551
38	833
468	646
299	837
478	839
82	839
271	775
211	495
287	719
878	894
387	842
588	832
104	490
338	428
133	962
348	850
315	673
507	614
727	883
4	259
479	552
570	899
809	952
671	722
986	999
783	899
787	789
28	737
79	968
382	740
348	863
771	966
232	917
576	727
144	804
171	907
116	971
565	797
644	861
630	963
671	735
321	851
435	458
789	956
706	958
439	843
838	848
442	848
328	746
636	862
498	928
449	743
467	797
134	853
158	981
777	959
956	961
815	985
680	797
891	980
324	869
714	795
263	859
566	631
318	566
805	913
824	926
925	978
722	915
345	928
823	967
97	826
606	969
449	985
523	934
333	810
131	595
678	993
777	972
276	690
474	934
312	872
587	811
620	759
914	977
955	978
499	698
705	803
913	981
932	994
635	744
833	988
185	952
320	588
573	768
237	819
540	591
434	875
828	994
709	814
594	598
115	829
703	999
485	813
311	889
476	993
223	547
897	986
404	824
973	981
788	935
210	958
430	998
402	899
231	263
496	948
977	992
34	365
110	912
980	997
405	537
374	958
575	948
910	938
290	964
725	892
442	540
306	908
595	782
3	907
190	733
322	889
280	892
679	897
753	846
706	1000
183	730
40	910
172	571
326	486
451	895
372	373
551	604
574	965
627	828
701	777
546	903
651	956
766	906
31	982
829	962
166	618
468	956
363	674
798	831
924	970
836	857
154	271
252	577
169	808
939	955
736	855
336	921
878	975
32	924
734	967
467	852
357	980
692	970
81	816
189	349
667	913
863	973
949	976
668	734
673	812
529	575
702	732
413	629
256	645
858	979
85	763
117	752
736	989
450	632
37	988
634	978
100	519
928	930
647	688
826	919
127	881
770	987
930	976
319	822
907	992
879	930
579	638
758	869
791	817
4	932
288	462
647	809
707	823
600	697
853	877
894	915
421	991
696	930
756	981
654	933
459	694
54	645
548	951
802	804
886	946
503	885
391	415
272	989
649	710
860	930
901	931
390	715
123	371
904	936
269	425
315	541
389	527
463	476
36	897
531	876
880	993
484	764
809	820
368	589
662	770
478	949
63	478
918	992
482	839
683	829
834	998
531	997
691	949
391	428
869	992
640	903
169	729
986	988
702	1000
843	939
600	952
667	713
460	649
792	893
685	767
982	990
376	951
771	955
494	906
590	614
908	960
864	890
337	555
282	619
361	912
815	853
493	839
768	778
644	971
652	832
646	788
720	737
669	920
218	984
364	809
302	345
35	984
539	783
33	157
766	974
424	981
606	958
644	984
456	933
13	858
803	977
775	915
849	864
439	737
376	388
386	810
757	982
177	407
236	758
428	928
166	928
460	917
289	998
55	831
485	681
261	936
206	1000
641	928
742	980
379	928
742	751
717	923
445	464
34	112
13	992
99	995
388	869
149	358
828	875
814	977
392	988
925	993
95	243
582	590
297	872
311	541
443	926
781	921
607	768
147	783
499	942
480	700
955	993
605	880
300	998
635	988
846	942
992	996
730	996
779	888
61	837
212	252
682	955
776	819
308	485
533	832
679	886
579	948
161	960
496	950
829	830
581	765
488	537
760	996
470	897
470	668
809	888
332	963
929	953
170	901
871	948
544	553
530	655
732	789
630	778
65	969
275	550
371	783
541	669
771	902
650	841
77	979
42	958
363	784
179	963
210	276
327	861
335	456
197	751
491	969
403	856
189	338
947	956
509	959
301	966
722	959
617	677
507	805
278	982
73	284
606	784
418	733
757	916
239	990
310	870
483	798
736	749
325	626
46	982
784	911
99	808
302	642
791	806
185	996
529	806
455	628
59	628
364	998
782	986
721	747
14	885
437	988
740	760
817	980
476	687
934	976
906	914
708	929
573	704
927	973
605	922
182	590
490	706
569	999
333	988
784	924
608	927
949	991
728	992
425	991
544	942
585	980
681	917
63	346
964	976
730	809
605	814
976	986
547	809
874	938
406	604
538	760
918	981
802	806
163	819
330	996
812	999
586	656
130	413
723	927
709	992
566	943
640	892
478	830
464	932
445	653
395	832
18	845
205	937
779	943
765	779
9	473
630	820
616	656
781	989
813	941
68	787
959	995
931	933
568	881
892	941
448	964
506	905
206	613
753	782
20	379
667	715
6	215
603	959
195	905
322	946
583	721
574	901
734	890
257	965
338	661
305	484
472	661
296	664
208	551
722	772
787	901
584	838
551	890
28	849
88	900
107	913
933	955
646	898
109	959
320	913
843	954
755	841
667	957
405	957
215	567
134	615
414	898
708	850
854	904
592	675
905	906
305	847
2	809
409	675
884	968
736	804
144	929
240	866
364	932
861	984
720	981
346	511
253	283
659	971
218	999
476	971
132	932
800	802
48	709
442	865
925	982
562	930
4	868
312	984
295	522
641	930
811	816
635	856
497	922
502	1000
474	938
109	288
620	992
386	825
936	969
812	933
130	576
462	820
621	813
588	636
593	751
791	995
610	691
441	882
779	877
39	84
880	929
80	839
350	471
214	839
828	998
962	998
593	872
697	700
848	869
980	988
168	844
189	903
404	828
478	777
285	611
137	484
827	931
469	957
973	985
269	603
172	670
820	891
369	726
792	829
778	894
415	842
864	934
514	821
706	762
799	953
637	662
12	839
480	944
664	765
917	945
540	958
253	901
17	136
868	945
679	780
546	894
852	937
444	617
628	963
634	714
223	914
658	842
509	719
426	950
898	945
773	950
556	952
951	956
373	979
852	950
318	491
750	902
669	977
884	902
636	800
823	892
720	915
527	749
613	789
866	969
750	794
521	971
455	617
171	858
498	987
4	452
699	977
465	810
812	854
251	329
789	907
522	792
577	987
547	556
529	687
245	928
21	217
224	805
435	759
33	456
580	854
107	176
544	931
243	939
754	926
316	929
70	230
219	996
296	987
304	811
953	991
510	916
271	405
598	763
279	754
895	986
91	703
927	975
608	929
489	749
214	544
654	816
478	819
645	996
693	744
216	819
807	994
922	981
504	993
941	994
306	483
397	867
705	983
277	950
934	991
827	865
373	429
91	945
614	757
600	822
452	658
605	937
734	758
323	958
885	927
788	994
34	303
603	948
773	871
484	768
206	494
156	902
244	786
445	776
679	943
739	994
257	725
380	832
655	1000
774	951
306	617
75	950
377	497
387	956
285	908
247	424
202	910
744	964
458	607
136	556
768	769
919	938
79	961
729	777
137	902
651	894
217	373
664	833
652	715
215	677
745	906
748	948
780	900
398	569
604	903
26	926
62	620
623	916
356	572
219	688
9	851
206	870
401	557
714	788
750	970
342	916
620	860
840	900
826	965
522	968
38	626
636	989
749	866
702	791
974	984
160	996
330	919
242	806
481	822
71	924
79	519
428	932
758	807
202	589
782	935
331	999
821	863
284	924
143	948
493	509
944	970
572	573
770	817
635	858
43	717
626	809
82	645
18	889
279	930
482	764
50	878
330	932
297	755
932	1000
233	999
855	982
700	879
230	701
309	994
450	933
197	487
221	881
276	817
670	707
950	990
482	656
688	990
325	938
721	938
344	951
605	992
378	535
6	138
580	935
230	822
276	938
436	890
601	994
205	994
802	984
53	600
366	831
853	949
144	489
121	1000
897	992
112	951
363	533
146	535
748	869
426	589
128	895
422	884
293	962
692	708
807	954
889	993
727	931
746	944
278	610
892	998
225	720
202	965
90	495
917	947
768	824
498	963
878	955
551	597
831	880
74	672
148	621
877	996
533	957
607	906
156	970
390	908
586	968
264	688
643	950
720	904
140	329
257	914
269	968
866	958
940	944
7	739
120	616
856	950
553	912
146	790
316	447
935	950
314	337
67	911
326	842
634	958
132	976
247	963
435	748
81	930
53	868
361	984
942	966
721	738
509	855
393	909
197	997
398	987
379	745
635	671
791	918
464	560
610	614
909	910
391	984
465	933
289	936
946	977
550	977
710	966
770	980
481	877
467	979
527	993
16	814
310	995
712	746
772	797
4	696
12	520
688	803
3	700
127	995
416	869
916	926
267	517
527	885
742	810
14	71
915	967
404	751
953	993
404	522
918	972
6	890
37	994
909	923
215	1000
927	977
751	980
911	969
415	765
575	754
473	477
607	706
860	923
166	1000
307	939
904	929
301	407
540	652
545	996
619	945
779	934
493	577
880	986
25	997
228	831
792	873
424	477
371	587
774	940
438	762
228	952
355	993
575	996
401	880
795	999
184	882
220	539
514	528
904	942
64	965
623	663
265	955
790	840
237	893
61	896
190	781
584	937
880	999
143	211
662	776
393	588
739	996
90	550
959	999
447	595
540	786
889	940
769	996
843	945
820	961
597	889
726	774
173	332
269	794
838	951
295	968
759	843
468	896
311	387
844	887
882	913
546	964
497	550
488	959
521	907
199	856
507	972
840	889
191	443
542	966
104	740
835	959
477	985
356	924
337	682
189	518
777	954
273	926
372	905
842	854
518	959
721	793
129	918
559	731
757	975
110	410
454	974
531	669
844	900
750	972
782	924
694	811
680	913
437	926
738	854
960	967
624	752
508	806
580	911
57	641
445	457
648	816
763	803
389	562
52	647
164	888
365	878
833	983
354	460
786	871
207	935
499	814
344	940
564	980
619	650
443	919
825	984
723	973
346	986
93	311
593	634
138	993
790	882
802	973
339	717
834	925
72	373
531	924
869	919
874	997
588	640
1	843
216	768
376	757
395	999
651	696
572	817
556	809
681	989
987	995
794	866
205	996
628	833
996	1000
672	876
685	815
88	596
570	599
602	817
368	650
95	720
389	938
31	964
58	838
581	879
892	1000
124	374
51	798
445	954
882	955
477	906
389	830
475	833
339	972
232	846
586	849
639	941
565	726
518	651
641	721
445	846
525	546
425	608
912	955
184	253
810	944
433	957
326	602
410	973
229	669
704	962
468	951
110	452
486	739
595	911
878	970
657	971
146	792
393	898
775	963
541	796
398	976
439	785
747	901
557	740
562	855
510	665
452	983
345	857
331	693
124	629
592	734
569	979
48	755
138	685
592	855
652	906
632	927
814	904
538	740
304	573
483	804
717	971
846	856
474	984
408	630
784	917
335	825
71	981
90	994
38	575
538	632
735	917
418	981
55	892
559	691
591	872
536	936
167	810
520	928
976	979
654	928
767	805
698	971
309	930
791	933
703	820
876	977
895	990
191	874
688	926
633	990
378	471
811	996
971	985
406	947
115	1000
560	633
703	941
964	982
535	805
545	769
792	875
593	931
11	17
788	877
807	890
889	929
130	877
910	988
767	939
841	888
901	939
491	775
783	883
236	256
227	665
480	882
561	955
857	953
625	832
644	845
107	906
993	999
726	776
523	676
743	945
299	968
486	794
126	222
241	963
838	953
750	840
180	724
796	956
493	955
190	917
933	961
262	793
611	910
191	324
729	902
178	799
747	956
866	907
925	962
199	858
273	807
218	871
18	288
881	892
91	507
559	612
638	905
720	974
76	643
81	987
370	861
208	799
538	674
617	967
717	905
400	969
870	918
326	791
826	848
333	915
412	979
310	931
236	753
967	972
689	735
821	854
110	762
435	818
407	985
164	998
117	923
580	684
392	862
203	697
920	981
20	990
612	636
736	931
777	969
601	972
441	754
749	870
7	233
275	987
476	977
591	698
613	982
846	924
328	998
890	967
532	993
848	970
581	626
605	983
302	945
589	975
742	988
346	988
700	991
598	943
813	868
290	598
675	934
535	631
788	811
31	603
397	926
433	583
853	940
874	999
463	876
3	891
283	945
765	948
152	196
864	927
451	529
676	876
285	725
1	966
393	524
408	832
655	938
438	940
75	888
567	596
878	946
322	765
454	655
973	991
178	491
799	838
637	776
972	995
755	997
204	894
873	989
555	828
445	956
49	727
274	845
783	951
318	363
48	502
497	594
72	859
309	543
836	962
789	887
197	975
314	328
337	497
625	900
845	903
330	723
924	967
558	846
659	898
599	618
764	951
659	669
254	849
543	723
144	977
534	903
116	915
270	564
113	846
891	911
421	733
775	965
310	865
525	790
893	957
258	446
488	908
842	911
416	739
569	981
250	972
508	742
580	847
444	986
142	621
617	914
818	904
185	991
601	906
213	272
292	565
638	973
8	806
858	976
181	239
851	973
629	860
37	985
515	758
353	696
661	812
611	991
149	637
624	930
369	411
728	987
709	745
547	683
846	979
166	991
240	940
340	878
128	470
279	639
587	755
677	914
102	417
580	981
217	929
340	999
343	745
725	810
785	861
251	927
908	931
567	638
11	945
267	871
594	1000
373	772
409	991
505	928
491	764
885	920
441	943
922	987
572	874
512	594
574	654
813	936
68	553
417	707
725	823
107	895
809	938
767	941
627	638
799	893
389	995
227	667
306	960
576	592
565	662
225	779
44	438
549	839
609	890
177	967
213	661
856	996
741	780
551	885
312	374
625	834
33	959
882	904
486	904
701	829
30	624
439	600
733	781
245	963
162	965
859	893
210	218
96	382
836	909
321	729
84	264
736	907
810	893
493	957
729	904
44	801
49	916
219	802
522	611
169	981
731	950
419	863
708	737
158	270
85	694
870	920
290	345
708	858
647	848
14	935
432	694
485	786
275	976
913	967
481	815
687	920
888	910
571	974
615	751
207	697
564	971
471	743
619	641
360	646
203	928
566	751
511	815
409	804
617	982
738	979
163	748
779	980
696	982
635	972
151	364
739	800
343	571
785	916
224	879
702	918
559	869
705	923
742	990
542	636
855	867
800	931
524	996
383	993
586	827
894	980
214	955
424	536
396	703
695	999
744	891
716	829
801	873
209	998
281	837
984	994
794	870
563	937
150	539
725	770
475	595
917	940
208	251
875	943
457	955
493	649
231	383
938	999
546	889
711	956
164	329
241	778
296	485
161	260
801	886
248	673
555	830
13	547
863	946
467	717
104	665
799	961
711	848
521	953
919	999
731	884
282	792
273	972
502	566
722	835
345	848
735	774
382	915
946	957
882	972
117	846
254	851
699	972
647	782
537	910
714	957
346	561
92	910
927	957
349	980
724	857
949	975
715	808
11	692
76	821
318	620
824	980
194	813
703	919
763	970
656	844
193	588
127	759
421	977
710	851
696	916
770	865
56	61
319	929
379	980
52	585
525	805
681	793
934	973
791	924
395	924
422	798
128	351
895	981
927	970
531	970
173	996
589	911
448	935
527	999
728	989
98	593
103	937
137	521
147	714
983	986
224	934
353	819
513	808
683	694
347	516
316	937
572	863
56	303
498	648
580	983
640	768
698	975
786	822
598	771
628	650
848	919
908	933
489	986
929	992
132	419
552	776
323	953
16	244
22	961
526	760
512	825
517	940
369	776
919	920
239	666
321	476
706	812
293	902
232	892
311	956
834	997
686	833
584	822
165	838
41	314
799	895
155	830
783	887
741	890
226	481
317	828
364	674
718	943
859	882
652	818
597	882
196	309
896	949
211	846
388	479
238	949
577	903
112	315
852	879
838	944
263	484
521	779
56	908
433	666
350	897
386	554
10	977
766	960
865	939
815	852
245	965
47	980
336	854
558	903
687	788
260	980
461	970
359	959
548	629
157	973
334	377
537	965
93	988
13	736
830	958
747	960
246	385
289	984
201	908
305	965
921	968
962	969
659	968
511	804
497	906
516	919
538	678
629	796
895	915
936	953
432	925
738	968
466	509
490	637
132	929
32	991
61	231
654	974
112	691
566	861
5	70
268	938
505	622
703	866
648	930
344	933
867	974
886	987
724	925
145	989
167	748
43	941
599	930
681	969
860	971
280	396
496	923
316	992
526	573
825	869
728	936
299	759
362	815
788	923
707	998
545	936
498	595
792	813
608	992
883	931
382	420
10	777
271	818
920	998
505	756
450	820
362	936
918	925
133	884
255	581
834	931
603	769
737	998
50	68
198	949
41	248
514	697
376	992
730	995
334	995
889	988
584	877
892	993
518	523
487	944
984	996
528	716
160	320
841	947
238	654
651	823
301	939
623	724
977	993
254	598
961	985
570	834
577	729
370	665
442	770
240	555
534	773
787	953
28	901
369	965
759	891
528	958
743	883
65	968
63	895
333	490
342	953
857	904
898	942
507	791
422	424
196	377
352	853
134	896
912	961
636	797
446	902
745	969
430	665
905	958
275	791
457	502
173	743
673	800
131	517
939	956
543	956
638	964
872	902
605	787
132	863
252	928
613	907
814	897
76	702
953	975
254	974
255	381
279	738
886	921
930	964
709	736
310	990
585	966
879	918
791	805
837	921
702	962
135	585
816	983
575	628
714	972
832	927
366	639
853	986
383	808
971	978
258	813
5	367
206	357
464	918
519	588
156	536
804	986
697	860
205	923
790	822
513	810
26	426
853	878
718	919
121	700
542	693
318	985
373	655
786	824
422	813
334	929
193	953
675	993
471	934
801	809
751	988
314	950
570	647
341	824
101	842
524	945
887	997
147	958
178	308
885	924
642	937
716	886
339	899
437	653
198	896
519	951
72	905
614	996
540	781
135	961
556	991
537	712
437	545
951	995
693	996
808	946
51	738
461	838
676	948
657	669
982	991
233	607
461	959
48	561
653	900
116	961
97	682
840	992
377	736
569	677
252	970
431	972
384	897
236	733
67	961
287	964
606	946
738	836
280	961
803	965
467	787
124	798
74	977
187	854
228	626
830	960
641	795
756	782
198	225
731	954
698	777
1	354
708	970
666	973
900	911
578	860
256	809
858	914
369	457
830	852
175	628
730	850
821	968
416	919
765	807
118	996
66	806
374	693
527	935
728	925
833	978
874	979
327	352
184	569
948	965
612	979
142	801
629	919
111	993
124	932
394	527
867	976
886	989
490	989
705	914
168	709
204	403
190	468
314	763
388	978
517	863
816	930
24	701
98	650
483	986
271	578
730	863
642	979
408	812
224	991
790	877
413	927
12	583
848	855
58	699
619	995
292	637
75	868
834	920
635	976
126	604
695	990
795	928
266	584
469	943
109	637
890	973
503	941
864	920
883	933
248	422
313	817
290	833
238	643
904	992
12	596
53	597
499	943
999	1000
551	581
231	374
148	605
211	890
552	954
519	777
899	998
711	947
458	538
315	718
282	541
688	1000
672	992
820	890
699	829
129	713
965	985
65	957
454	769
473	782
259	944
815	896
336	898
878	952
556	938
327	849
817	942
94	318
426	828
753	957
794	995
544	783
98	208
264	914
60	626
266	960
272	482
824	958
63	79
796	896
218	919
395	552
19	975
616	965
798	942
872	891
261	737
236	909
384	844
631	950
225	262
139	976
543	837
551	957
303	855
583	909
522	670
761	915
525	675
188	501
675	848
372	847
100	388
50	796
58	391
449	801
757	917
536	918
25	739
668	845
527	869
786	800
953	977
340	979
106	812
357	394
469	635
358	804
270	920
666	920
402	810
443	848
355	735
71	976
828	918
291	979
888	969
84	915
693	730
175	804
400	922
97	884
881	966
724	982
435	879
913	918
42	396
641	984
76	946
934	977
290	875
381	764
35	127
212	992
124	879
31	651
834	975
490	936
806	913
718	800
448	939
737	813
809	918
594	764
547	918
728	993
450	985
887	986
920	934
546	693
59	871
100	872
568	977
964	977
755	803
922	980
237	877
470	819
115	887
574	647
371	584
978	996
615	944
637	703
236	359
876	985
829	873
709	993
74	482
60	547
445	883
178	539
128	947
783	878
400	588
479	652
966	999
446	475
465	488
456	897
657	658
108	187
789	814
211	837
156	901
44	431
269	778
72	907
701	822
257	845
866	889
409	421
498	907
446	717
248	961
759	948
671	835
745	784
5	974
546	840
305	485
254	668
166	555
381	443
653	902
45	265
74	966
27	625
747	951
164	630
329	963
766	964
108	671
335	862
816	906
409	784
290	338
275	969
476	959
891	972
715	975
62	861
640	801
837	857
114	462
348	400
465	985
518	848
278	341
321	977
770	803
723	957
700	973
515	927
255	330
242	805
383	744
99	985
654	978
186	644
392	978
29	926
307	641
909	975
119	590
807	927
22	886
327	704
566	986
263	985
304	986
612	873
235	886
403	470
895	932
356	358
707	881
434	988
850	866
781	803
670	935
843	863
922	927
149	940
204	647
116	534
245	419
542	871
79	881
776	809
607	1000
725	763
945	995
119	953
769	806
80	961
410	836
878	941
630	876
795	943
155	997
408	948
139	494
378	776
850	1000
93	792
445	951
44	378
898	933
917	946
553	898
205	417
611	839
872	880
775	947
403	846
7	846
810	941
361	849
254	723
92	661
455	484
873	997
625	895
363	895
946	950
517	544
118	798
145	672
126	164
865	998
138	898
356	976
631	952
404	495
268	863
446	906
565	857
504	847
449	911
564	898
812	963
27	922
352	978
2	865
15	804
68	401
275	916
622	960
756	960
392	912
43	529
731	903
827	840
937	971
37	980
35	116
298	984
628	630
848	899
719	748
907	984
511	984
645	984
87	693
771	800
348	468
894	907
781	966
712	866
918	971
152	943
466	810
526	632
383	812
591	990
283	874
512	697
751	979
640	882
115	997
887	988
54	758
381	887
367	989
265	941
683	700
517	933
625	695
286	1000
101	954
54	879
238	471
582	998
711	883
295	941
470	942
242	297
555	757
412	479
926	929
463	939
274	774
241	597
526	995
89	728
383	946
162	947
181	960
878	888
597	875
905	991
179	887
762	942
197	904
646	767
940	985
319	372
752	934
609	885
856	991
336	955
437	778
473	960
65	906
844	873
462	542
431	963
558	775
986	993
442	829
571	714
465	961
248	963
817	891
555	891
140	383
472	893
835	945
198	324
277	388
870	902
293	332
289	856
449	845
504	781
509	896
550	668
192	960
513	722
427	453
558	909
714	897
419	979
675	676
413	905
955	959
196	907
91	625
913	962
932	975
696	964
434	964
145	861
828	854
346	622
387	623
772	959
791	972
120	804
353	746
532	977
344	926
867	967
564	966
705	905
784	969
635	846
943	962
15	872
538	913
837	980
367	802
212	928
821	972
573	870
399	754
300	977
520	980
520	751
365	877
392	980
767	857
230	918
712	921
684	859
109	399
367	923
174	757
353	988
605	980
765	932
262	577
682	934
630	744
360	883
547	975
580	923
607	760
716	932
394	652
36	944
251	869
853	937
195	937
253	649
693	921
887	935
463	873
408	937
513	990
609	927
889	981
806	983
176	816
451	526
459	875
579	940
945	997
711	830
310	486
862	999
359	644
980	991
33	888
410	609
607	894
813	999
725	886
567	943
437	833
65	961
280	886
789	992
500	889
780	943
291	486
766	779
815	900
856	938
317	889
743	768
836	959
877	997
935	938
190	969
854	949
914	1000
611	962
418	833
905	951
528	964
729	954
118	800
159	838
990	995
775	841
342	959
636	911
276	376
159	730
599	965
56	982
615	680
656	718
749	909
735	782
605	672
608	906
272	728
547	667
277	806
132	159
579	619
50	800
251	790
682	976
200	744
539	964
668	849
814	903
332	863
800	968
103	811
937	973
697	732
642	796
100	513
251	911
466	570
853	979
531	965
471	685
374	981
200	865
145	929
508	981
566	922
201	272
318	857
511	986
846	976
524	925
169	239
702	968
380	917
683	689
504	983
600	691
144	411
811	874
83	172
621	979
115	878
918	973
596	922
670	871
730	922
22	835
531	978
149	647
806	917
355	981
313	984
387	933
249	999
352	417
183	645
651	750
581	920
89	717
350	758
17	60
734	869
276	994
35	373
790	949
58	1000
39	492
438	992
317	702
65	895
329	941
29	191
861	950
537	826
905	993
523	662
561	954
982	984
453	603
425	541
609	887
488	826
102	790
564	821
844	875
431	965
403	903
447	946
306	970
796	834
456	914
921	950
645	786
244	442
576	952
175	608
631	888
736	904
548	853
274	321
251	603
726	896
541	850
571	958
103	624
763	899
474	796
59	554
928	966
229	965
432	799
944	947
25	677
508	794
398	922
599	912
394	399
476	963
118	989
524	859
399	864
740	928
8	979
663	910
792	795
30	997
365	987
561	633
612	864
560	674
161	699
182	987
366	579
402	990
300	979
319	992
916	982
709	918
660	733
846	923
610	912
64	887
191	928
91	990
802	853
867	982
619	880
168	944
691	985
314	998
470	757
682	936
566	990
103	1000
533	813
376	866
100	931
441	995
802	974
894	977
575	931
561	767
695	996
46	587
271	934
665	824
320	826
788	931
209	995
820	883
42	589
690	773
495	534
882	943
285	724
178	598
357	829
141	945
447	988
917	937
342	477
658	942
553	660
625	765
542	996
762	770
384	824
114	963
236	431
466	893
873	988
97	501
391	719
275	773
762	891
803	892
646	945
847	935
150	778
458	894
659	884
678	897
595	899
777	876
713	891
69	789
632	902
543	601
6	625
601	771
152	679
842	897
606	886
721	836
638	838
990	997
489	715
384	958
263	897
543	951
837	903
942	956
102	979
416	846
816	965
654	674
17	504
624	916
572	726
825	906
283	623
57	805
693	723
805	964
860	900
496	852
462	975
635	903
599	980
934	970
538	970
285	524
758	973
529	921
642	798
688	914
793	967
215	990
867	916
746	855
429	690
649	922
575	744
635	795
888	975
739	852
307	929
785	968
177	819
108	985
797	978
181	709
679	922
579	984
832	935
918	975
959	976
582	989
279	988
403	529
716	989
103	237
265	824
494	647
741	753
424	817
589	921
157	244
261	301
753	992
458	586
57	242
81	599
474	530
639	863
820	938
360	953
401	991
10	840
351	581
246	824
875	995
512	943
792	997
146	822
211	951
734	992
954	995
725	943
475	997
544	602
475	768
783	884
199	833
741	887
875	887
279	304
845	944
643	995
817	882
63	945
940	989
577	900
752	938
857	954
851	880
180	712
359	943
493	943
639	997
754	947
652	936
993	1000
523	556
808	954
507	962
606	941
559	600
500	959
701	949
731	828
823	831
735	947
64	742
312	615
925	963
689	952
18	747
656	775
782	914
274	444
248	980
779	845
429	732
902	952
324	975
272	785
525	965
122	989
277	634
48	811
221	968
515	920
18	639
735	960
64	755
69	870
578	976
462	801
897	958
448	866
830	968
115	922
411	984
122	881
827	899
123	288
821	855
344	930
545	920
168	933
199	283
545	691
880	910
608	976
737	861
162	401
423	930
323	992
610	793
4	983
683	746
769	786
614	912
894	966
677	968
765	815
214	941
107	815
229	283
533	923
216	987
593	745
123	530
469	938
436	761
384	571
771	980
587	930
573	995
342	345
908	985
140	884
451	746
924	929
387	990
160	533
781	917
266	700
357	589
716	936
898	913
380	987
3	1000
396	931
520	997
676	985
151	605
431	888
147	900
563	815
334	992
534	757
658	823
551	697
630	990
850	993
55	493
288	997
764	926
194	544
106	431
138	420
220	947
555	708
525	536
475	944
213	944
870	948
636	781
741	834
606	875
28	898
754	773
643	942
789	996
863	945
613	770
714	822
296	834
101	329
433	839
735	881
699	958
157	675
817	950
555	950
659	778
172	919
612	666
274	378
300	552
599	848
263	670
340	853
54	267
380	666
201	960
261	974
159	963
222	982
547	550
874	908
698	948
851	961
937	964
333	971
11	920
508	972
700	913
249	977
423	864
510	789
105	969
802	897
320	628
347	502
512	569
405	443
481	990
489	851
814	907
459	679
552	870
367	861
675	977
716	749
355	972
952	962
649	924
594	988
723	910
690	696
929	978
115	990
505	687
491	752
282	349
256	885
297	923
66	990
162	698
682	993
229	459
24	764
108	169
896	922
423	998
660	682
211	590
785	862
279	990
719	996
952	975
556	975
523	532
406	950
294	480
99	241
871	986
637	819
488	696
727	978
512	824
776	870
417	937
21	937
852	865
521	994
53	660
259	994
875	997
113	647
169	727
871	999
571	707
650	1000
689	699
708	712
28	953
713	827
597	881
321	946
393	822
819	930
815	959
653	897
713	948
440	789
530	948
67	958
698	761
461	848
1	567
125	899
87	378
317	840
666	957
754	841
105	432
742	952
525	954
673	852
222	916
634	897
620	962
872	954
335	978
710	892
32	977
352	918
522	841
291	679
29	908
948	949
645	911
772	952
483	849
610	661
238	264
367	903
312	967
45	623
666	970
341	621
902	954
712	793
818	960
694	924
821	965
432	924
913	968
603	742
874	976
15	986
27	57
202	583
890	957
908	974
94	986
880	912
281	583
962	981
84	978
258	865
700	981
192	511
753	807
739	909
904	976
876	914
218	648
691	868
154	929
492	924
931	971
862	871
466	642
414	452
658	812
43	953
219	361
35	540
365	415
843	979
686	995
961	971
295	881
386	474
831	861
643	810
13	643
574	710
54	940
975	990
713	990
386	595
419	543
410	723
924	944
165	892
500	882
701	872
288	999
799	949
26	962
141	949
396	946
119	143
412	890
219	724
613	880
370	664
884	885
488	885
507	898
565	839
754	775
570	954
578	778
297	536
701	885
604	952
819	877
879	891
543	942
634	831
284	718
358	667
60	973
113	836
219	737
599	958
2	739
640	730
893	947
247	957
729	960
668	950
687	963
635	773
761	912
659	901
5	111
227	978
529	791
474	855
923	947
193	576
881	950
663	727
797	956
145	801
286	740
714	958
953	974
340	976
937	966
702	840
867	907
416	971
209	678
723	899
487	622
90	168
482	692
702	961
559	912
633	861
913	915
584	676
57	930
561	692
395	925
596	686
237	982
908	921
572	972
489	974
332	990
846	982
887	983
739	856
505	689
771	808
366	988
3	936
663	982
883	985
695	934
896	924
555	631
343	977
908	934
801	808
732	937
773	975
212	413
799	883
664	924
884	927
526	990
245	711
534	585
759	932
644	716
456	894
303	423
690	832
449	477
896	937
338	646
646	762
155	939
461	945
226	819
512	947
639	988
768	873
470	950
220	775
951	994
316	483
412	945
183	893
866	886
141	896
576	824
617	825
89	965
988	997
859	883
382	958
643	999
247	999
877	937
500	950
481	671
539	878
879	946
722	999
331	848
336	963
647	825
430	827
159	778
849	959
673	733
763	892
909	946
881	884
187	732
677	825
761	967
921	956
346	725
425	789
280	371
134	842
442	958
288	491
601	951
694	913
377	977
721	787
707	852
215	915
825	844
916	962
267	553
122	872
590	977
629	905
656	779
928	972
532	972
779	849
839	900
784	964
681	728
304	741
920	973
598	922
832	860
628	801
765	806
217	974
561	747
602	785
201	212
670	919
651	677
596	741
496	803
499	808
503	927
718	852
542	626
79	636
800	921
679	860
82	641
799	925
164	185
185	473
121	983
369	819
773	909
78	118
33	870
358	401
520	988
198	937
616	696
244	824
808	866
390	878
133	993
785	919
655	809
471	988
553	761
405	634
765	940
47	889
121	875
630	981
83	354
570	930
850	984
505	986
238	871
987	989
362	937
384	696
477	658
20	419
234	873
456	949
19	719
762	763
206	545
371	878
412	879
500	763
486	599
398	715
155	994
370	653
892	994
759	879
597	817
421	591
183	948
706	989
425	710
766	774
497	586
736	831
689	756
680	936
317	884
840	925
878	951
583	774
963	995
555	941
674	892
660	994
849	893
95	956
360	436
48	844
549	897
562	836
501	826
845	895
578	780
816	837
654	775
337	839
180	892
782	960
78	844
823	998
413	834
60	975
757	903
495	903
849	906
164	803
571	898
409	836
226	900
367	610
224	790
867	896
96	790
366	385
729	962
717	844
86	452
265	683
182	914
423	976
552	861
712	850
194	924
918	955
68	519
785	840
535	665
26	293
215	983
691	912
448	925
489	963
575	737
594	750
332	979
602	611
392	801
712	971
841	856
500	563
579	856
505	678
596	796
482	923
347	735
941	979
223	699
281	640
883	974
468	732
786	812
794	902
436	699
513	919
633	984
552	995
674	692
574	754
304	930
390	933
524	933
343	858
73	997
104	347
307	935
431	705
692	746
232	761
820	931
350	753
663	984
671	808
299	936
473	823
579	990
852	856
40	712
917	985
815	937
875	988
873	915
419	479
410	659
308	877
795	995
514	982
495	703
472	756
678	824
764	864
204	941
667	702
947	985
836	888
357	890
958	999
617	706
83	772
470	952
638	765
528	893
440	780
481	781
467	654
291	657
714	760
925	943
199	839
768	996
928	948
303	896
146	949
393	826
701	942
117	891
186	496
923	991
474	899
534	950
749	838
336	965
67	252
633	663
757	958
523	791
526	537
209	601
35	973
805	891
750	955
101	509
92	726
465	971
587	668
504	899
633	784
27	974
624	964
756	891
313	550
282	971
120	909
772	835
684	722
455	899
837	964
95	327
955	956
485	778
434	961
742	848
814	953
362	563
269	335
721	910
270	974
867	964
218	518
517	851
536	864
522	966
286	689
327	690
131	815
225	679
700	972
413	915
683	739
894	959
149	805
402	985
913	972
506	813
832	983
510	969
246	859
581	849
70	633
42	571
718	854
38	866
786	988
202	708
582	929
279	928
549	752
480	918
961	962
567	577
350	808
80	947
498	706
46	811
695	991
855	980
662	814
552	942
813	983
540	824
634	688
331	421
109	988
21	875
477	889
494	829
232	829
139	601
655	932
667	986
278	945
861	1000
188	234
19	950
676	991
321	763
426	816
156	955
371	880
679	996
458	768
274	947
755	991
975	994
570	945
826	871
745	946
382	894
905	935
154	478
56	845
405	999
743	994
817	943
440	956
305	768
16	665
169	907
370	897
645	836
631	938
750	889
172	912
870	954
956	994
738	771
113	948
8	666
366	374
319	787
167	430
134	778
939	946
721	952
303	964
380	659
163	661
201	953
944	997
16	907
217	897
234	312
934	952
230	607
166	851
446	905
807	847
36	741
677	774
930	954
30	926
758	847
496	847
485	954
677	895
200	970
797	960
167	793
594	860
322	438
487	734
258	682
170	569
249	862
846	852
515	981
427	868
609	616
17	741
573	693
213	387
256	986
691	914
825	914
131	991
487	855
888	970
492	970
640	868
450	973
381	873
656	849
232	750
559	916
526	739
168	994
894	906
402	932
308	516
621	976
795	863
329	804
656	970
670	868
655	974
889	912
704	866
170	932
767	922
362	873
408	989
447	917
347	979
380	927
903	931
268	420
727	971
553	818
518	568
864	976
46	758
183	763
539	627
563	984
917	987
161	186
204	822
253	943
674	936
970	998
674	707
753	1000
954	990
866	877
766	939
912	993
304	356
483	587
726	759
27	492
618	933
722	990
157	723
231	672
501	533
531	641
743	820
654	711
313	418
571	713
290	434
326	882
587	657
826	939
710	993
743	941
44	903
123	967
728	781
183	200
381	444
97	685
770	899
830	950
613	952
126	568
742	837
673	966
193	743
661	848
380	606
605	953
724	904
25	903
167	727
272	780
714	896
78	914
242	793
658	671
580	788
855	956
277	750
791	971
44	219
161	804
670	910
307	858
689	960
287	391
471	966
311	748
163	621
718	843
809	961
368	730
695	859
901	964
612	861
505	735
821	971
292	856
779	974
195	923
300	976
374	925
410	582
126	823
186	874
463	859
639	792
506	936
681	974
342	461
507	528
240	413
245	757
938	980
198	941
695	993
509	574
748	856
49	818
197	716
752	975
871	926
595	762
70	877
125	584
586	942
685	921
451	754
831	975
377	539
767	990
445	939
968	980
197	837
898	921
664	754
534	644
919	980
220	942
676	993
720	770
752	988
356	722
650	940
507	891
142	241
842	881
317	996
114	142
372	703
162	893
248	896
46	947
495	773
847	932
747	994
632	778
2	611
315	842
488	999
125	947
837	887
689	760
124	722
900	943
303	724
638	943
399	432
944	986
550	601
118	907
233	894
835	999
558	950
227	850
139	966
750	891
82	203
216	432
703	779
92	662
653	958
518	999
803	902
906	1000
501	722
41	966
944	999
13	904
751	833
985	1000
663	720
712	841
430	899
710	953
663	841
272	956
594	741
681	895
566	679
601	902
707	803
719	857
108	740
894	895
140	921
506	749
915	954
343	728
455	969
193	932
848	900
397	964
952	957
74	459
253	690
929	973
582	865
108	982
760	908
801	909
820	922
966	976
773	847
85	998
864	965
487	978
896	917
500	688
940	960
114	881
752	909
769	849
144	760
39	478
553	699
52	942
391	408
468	857
831	909
313	983
349	640
332	996
506	883
182	234
794	798
491	760
447	919
788	983
452	997
966	989
864	978
294	825
200	409
453	589
260	948
549	822
917	989
655	989
39	720
479	992
106	252
451	930
878	997
368	932
338	989
935	979
150	938
747	928
829	997
156	194
259	881
639	873
757	828
321	941
560	994
687	769
981	987
444	782
432	664
77	436
715	952
300	481
632	954
833	944
420	546
444	903
805	882
174	261
537	838
844	995
930	998
641	895
148	208
346	489
198	325
502	965
111	851
317	956
633	896
462	785
228	618
770	901
420	788
673	968
786	845
538	780
510	947
226	959
909	952
605	726
816	909
10	516
32	46
895	909
388	849
897	955
511	919
593	958
26	352
350	678
561	861
51	530
279	919
287	514
256	935
553	633
718	966
38	978
957	982
709	917
258	981
368	624
373	931
301	799
375	748
908	982
512	753
133	168
551	681
883	925
767	979
660	853
799	931
307	994
45	994
549	756
359	861
42	696
671	867
657	703
695	995
285	831
808	872
486	821
257	998
95	936
991	993
493	982
975	985
133	181
565	592
504	582
200	356
477	893
310	487
590	770
158	884
667	990
562	708
875	939
639	928
620	649
859	931
652	867
798	921
743	985
289	549
137	946
134	877
631	929
227	839
273	955
111	664
202	257
611	950
160	785
49	954
379	829
866	947
7	957
538	593
345	952
534	888
4	659
900	945
960	996
96	662
247	831
467	834
816	951
398	963
250	836
235	676
763	832
708	896
441	552
531	711
99	788
622	829
90	968
300	549
62	906
356	858
648	966
147	684
210	740
127	971
545	730
173	858
503	733
915	943
146	203
