216	676
376	665
513	899
550	966
429	676
709	959
700	910
703	915
166	976
744	916
441	915
193	813
790	803
721	969
347	728
705	961
316	920
517	910
811	862
448	810
520	915
112	861
795	854
203	979
65	520
142	969
216	918
394	695
237	977
256	990
686	803
908	916
374	982
126	880
336	461
401	856
869	961
253	692
459	797
288	915
188	977
799	865
582	867
792	862
377	583
415	875
883	980
49	754
417	921
384	515
549	811
444	529
716	988
774	929
773	970
410	881
229	577
167	931
575	985
616	986
649	934
734	978
51	719
178	760
461	590
581	921
755	808
452	770
754	812
83	644
625	698
179	877
776	867
643	981
261	650
674	819
379	642
539	631
687	758
525	696
287	824
400	701
768	868
331	601
872	925
509	873
146	821
844	863
426	875
632	714
714	753
810	986
488	706
233	830
981	989
282	951
838	940
731	814
461	953
433	891
312	830
900	1000
206	848
252	964
613	943
392	715
865	935
83	899
114	212
229	953
784	946
858	895
622	884
44	907
715	846
406	734
617	954
777	943
851	892
689	830
174	384
932	965
99	964
443	774
245	264
897	944
673	970
222	805
612	960
791	962
804	901
802	828
119	569
867	957
316	854
619	626
911	1000
700	965
221	967
615	857
707	860
719	914
696	967
429	852
809	844
456	460
552	922
478	744
790	979
427	927
807	919
864	901
148	465
607	979
519	637
104	395
62	398
554	860
227	465
540	925
834	914
341	981
69	293
15	996
868	912
852	904
711	928
871	917
67	863
931	968
232	930
688	981
691	986
314	999
470	987
864	914
270	404
616	812
776	801
588	979
643	686
679	868
665	933
623	936
301	922
246	986
375	871
306	771
507	761
773	917
759	982
470	879
229	524
239	946
555	694
868	925
899	992
991	995
595	995
755	984
512	997
295	999
410	949
625	874
451	758
592	697
308	938
844	918
882	944
720	882
442	874
254	594
345	941
815	890
606	982
960	985
377	664
416	592
569	834
849	888
219	721
95	951
351	877
912	944
956	987
823	872
446	885
565	836
298	721
50	656
298	492
740	837
437	836
710	931
443	587
830	996
613	998
272	705
425	947
263	885
39	911
381	611
942	944
349	844
136	965
819	995
337	955
497	944
893	944
612	665
276	716
413	950
50	898
751	945
593	773
538	837
170	441
730	778
540	617
578	909
378	555
209	783
231	276
267	495
179	611
373	625
354	383
353	912
642	786
911	947
291	973
365	922
786	915
887	967
587	971
843	897
56	517
682	979
602	727
506	753
257	692
298	989
31	874
609	851
480	737
917	967
366	864
503	869
551	617
644	808
303	515
468	619
547	912
528	633
299	810
285	875
868	967
232	756
259	630
746	977
192	805
371	807
780	975
799	988
959	977
563	977
637	926
898	967
315	646
540	993
120	407
218	942
595	700
553	932
424	818
152	359
410	883
484	869
616	988
831	913
10	949
662	875
954	983
183	877
628	998
58	882
245	937
460	862
358	585
518	574
597	867
745	994
146	702
643	754
343	987
384	988
577	888
764	980
176	995
658	998
8	364
995	997
337	768
409	644
625	942
699	891
206	958
863	999
296	888
939	994
689	819
460	996
537	950
611	899
740	784
932	954
476	711
825	828
622	765
90	904
833	948
640	782
464	822
750	950
846	887
211	376
717	773
496	545
119	558
523	907
803	961
407	961
173	794
61	324
580	889
234	252
923	999
518	950
42	432
302	800
16	968
229	258
654	959
594	679
915	1000
194	974
32	158
629	902
749	967
169	392
174	736
100	558
663	900
451	492
406	749
615	859
408	795
482	744
790	860
895	913
760	954
897	959
415	690
772	964
436	749
389	903
568	905
427	929
806	962
107	695
828	980
196	215
588	739
404	918
767	970
505	970
178	346
348	986
3	988
938	973
575	921
179	921
795	924
36	118
252	416
169	876
169	647
15	180
259	806
378	757
727	911
842	861
424	873
553	758
231	478
456	825
440	817
808	984
866	925
329	986
843	978
9	752
350	816
391	817
437	933
611	820
165	999
473	886
588	873
440	709
849	877
123	773
370	650
650	933
391	938
844	920
808	997
766	1000
819	863
6	723
548	777
534	879
265	425
247	822
192	886
761	777
618	994
33	75
747	879
516	946
115	602
736	949
648	836
59	707
171	948
782	836
823	874
854	941
380	533
201	827
219	844
847	938
604	951
909	998
40	320
114	269
157	905
565	959
124	728
377	908
941	950
564	1000
738	887
858	952
404	718
918	939
615	901
634	951
243	800
633	955
480	484
485	828
927	944
526	600
283	842
718	770
131	973
463	665
587	960
922	950
633	847
705	952
834	837
99	913
228	798
402	685
709	842
454	552
478	680
612	909
786	796
276	960
357	619
918	952
688	904
325	852
232	624
633	968
154	970
658	732
112	973
728	976
492	965
225	850
528	622
607	915
464	903
885	896
384	385
771	794
573	809
77	871
774	799
215	283
676	678
55	65
500	681
352	517
109	796
940	953
651	850
72	648
834	971
149	868
280	799
491	753
26	882
447	912
20	579
226	684
820	928
584	917
966	982
561	933
65	995
459	922
95	874
563	979
959	979
752	915
494	879
56	882
42	984
9	807
465	821
680	746
743	802
49	879
458	818
530	694
260	833
903	939
6	428
653	764
515	534
606	918
842	929
662	998
921	929
733	878
433	882
474	883
689	808
534	934
680	988
840	977
784	816
462	536
539	985
580	757
425	883
585	872
492	644
20	834
414	990
708	942
331	955
845	947
927	986
275	831
5	970
724	886
784	937
798	872
569	783
481	899
118	847
902	929
673	840
689	821
430	826
71	893
828	835
263	834
194	963
846	889
543	888
928	958
661	843
969	996
242	896
825	951
145	963
219	912
828	956
346	724
728	789
146	370
860	945
717	896
221	958
455	896
615	848
422	719
193	859
394	620
834	892
470	615
217	960
814	950
828	848
681	835
579	787
596	956
615	969
362	560
50	968
568	665
655	782
908	962
237	794
259	553
828	969
304	969
483	971
904	964
779	969
897	961
377	400
41	451
258	974
225	797
693	902
500	736
390	864
376	966
637	741
348	638
375	741
480	794
581	846
850	970
406	993
786	985
238	628
174	872
310	467
31	823
562	688
774	867
360	998
454	862
762	978
795	926
357	929
813	980
30	534
183	813
889	975
493	746
861	876
759	865
387	993
206	652
118	539
145	642
318	341
144	942
759	986
919	975
564	747
35	891
899	996
296	703
516	935
590	884
227	832
972	986
595	999
755	988
328	655
171	937
331	660
64	545
14	953
570	942
817	819
627	924
508	707
733	825
241	888
134	762
469	715
667	996
625	999
399	427
256	607
638	709
816	944
379	714
423	491
777	989
482	546
867	882
261	843
25	832
626	941
411	787
483	892
615	782
367	717
45	437
559	658
127	964
490	787
572	597
811	842
816	957
575	602
230	833
175	897
557	962
469	849
785	826
78	964
325	841
927	946
396	492
354	495
510	779
596	782
642	669
375	554
512	559
603	906
281	626
621	960
84	792
712	849
827	836
505	785
758	965
813	901
436	914
716	968
535	664
707	919
108	856
853	973
223	806
778	799
602	839
19	518
885	898
174	806
669	748
470	804
676	909
695	922
781	962
841	976
679	914
403	750
279	980
678	689
898	958
554	919
227	524
4	223
396	976
456	761
951	969
316	458
748	906
720	807
343	857
475	747
829	979
359	801
796	802
424	930
484	981
570	984
966	984
451	804
558	866
562	756
856	974
553	936
206	599
426	868
412	933
734	984
541	589
577	1000
764	863
227	887
590	710
768	982
430	465
866	995
497	869
942	990
529	592
708	823
735	926
768	874
565	774
149	307
539	987
673	950
906	929
851	993
988	998
26	92
289	960
710	990
302	670
742	942
902	931
439	941
525	944
805	998
115	551
101	616
1	678
923	990
515	899
215	903
110	621
839	996
825	832
434	947
2	795
65	326
240	852
675	780
191	667
292	719
760	824
242	898
911	993
25	900
190	442
751	775
640	678
786	961
739	886
904	953
936	942
122	163
457	907
402	971
476	957
619	740
140	742
813	956
684	842
785	894
155	727
867	963
228	976
405	609
880	902
448	979
360	866
401	904
943	958
239	576
588	730
607	743
238	388
414	550
672	845
94	868
591	920
360	987
593	966
376	968
450	917
91	984
292	974
424	635
52	992
607	985
371	974
841	923
173	235
403	926
411	521
917	918
278	931
9	743
209	279
211	877
632	870
7	818
595	759
975	980
336	993
808	988
541	873
481	593
882	937
747	749
945	993
260	890
731	741
125	931
903	996
534	870
680	924
162	998
281	949
370	883
956	980
548	889
735	752
413	472
845	883
485	577
830	989
7	952
310	724
678	891
101	550
20	662
328	778
708	999
837	884
152	781
97	845
680	937
108	711
316	889
443	472
24	488
598	723
37	952
97	966
738	999
108	832
886	897
605	884
737	774
990	991
396	481
310	966
640	841
681	879
906	997
240	907
417	540
923	937
293	733
196	837
485	711
215	850
985	997
195	612
654	897
602	707
552	849
340	966
357	381
367	840
94	910
336	443
186	913
79	787
552	970
552	741
973	1000
587	964
765	970
302	980
737	908
470	793
129	500
198	630
855	900
915	951
876	959
573	921
77	983
80	988
355	964
146	561
822	844
887	973
799	860
807	980
177	813
39	583
130	738
410	755
864	962
418	616
841	978
403	752
669	871
306	819
466	808
815	925
572	975
873	903
430	562
910	970
390	934
852	965
7	873
260	824
609	978
366	991
553	817
372	513
504	632
896	927
51	835
269	994
838	922
851	861
353	355
578	702
611	650
294	943
710	858
836	997
734	986
431	948
714	748
153	940
29	416
342	876
414	981
796	817
823	920
11	483
520	589
640	654
258	360
824	1000
230	527
273	897
49	186
455	874
111	835
23	951
460	989
300	707
682	772
186	605
893	992
846	880
450	651
127	900
218	264
770	777
876	880
320	433
438	654
407	846
715	962
648	908
448	739
593	834
389	775
876	893
821	957
663	785
635	952
5	519
874	968
637	732
890	949
3	860
581	608
180	264
713	727
415	804
506	922
683	740
3	981
540	691
820	974
152	286
570	799
82	752
596	973
329	629
334	973
857	977
576	735
194	404
378	979
130	914
649	984
354	807
440	810
560	912
68	938
706	966
417	863
618	853
155	863
623	931
549	753
161	348
534	859
317	861
215	584
335	649
82	994
238	982
852	912
576	748
956	969
378	992
975	982
259	812
190	941
570	933
699	818
234	984
757	759
27	654
550	695
44	823
517	518
674	761
403	941
425	700
823	975
185	718
128	184
842	988
380	405
330	813
979	993
471	523
388	754
151	841
357	946
341	413
139	952
777	980
488	877
796	993
754	996
647	870
666	883
504	821
564	872
789	990
608	649
420	598
444	955
184	358
636	896
689	759
941	943
330	826
569	842
319	896
19	375
134	887
645	837
106	788
694	958
587	832
246	539
592	947
416	950
517	773
663	827
448	673
272	942
492	945
907	958
948	996
239	270
175	780
18	796
702	940
721	953
254	255
278	383
855	889
473	558
25	139
598	738
725	779
403	499
306	566
691	902
751	953
341	789
709	956
869	945
87	909
744	913
628	967
380	902
70	447
663	961
85	984
52	807
98	923
65	746
662	736
813	905
486	510
36	984
466	797
688	910
889	900
575	969
621	856
165	576
679	797
293	990
427	990
683	916
158	802
97	526
47	934
606	669
523	634
789	790
627	728
54	866
752	908
697	972
917	975
282	464
498	991
644	816
127	526
935	965
329	926
389	977
912	981
356	534
366	993
268	421
359	805
204	931
474	526
861	935
23	590
102	883
501	629
666	696
845	927
924	991
266	762
627	970
701	919
286	411
403	996
186	244
783	988
939	976
414	862
133	583
606	803
377	943
410	891
41	765
242	526
335	717
574	999
178	999
789	924
863	873
16	937
472	988
954	991
516	994
497	752
870	997
367	642
842	935
565	886
840	862
559	583
321	940
164	956
200	650
687	768
263	935
175	822
557	887
791	825
942	994
680	994
840	983
490	833
858	1000
756	989
814	930
423	779
846	882
428	894
937	1000
226	945
152	730
17	542
11	956
30	969
117	894
860	938
323	962
59	889
573	844
320	435
55	918
91	612
466	489
635	712
673	967
772	946
142	779
629	897
288	604
62	261
246	607
8	964
273	444
27	977
723	946
360	857
162	384
420	908
943	949
841	901
371	723
483	964
598	914
106	977
12	790
353	854
732	850
301	785
427	924
480	787
526	903
168	929
503	919
649	973
69	398
864	898
330	439
390	978
453	509
491	801
903	974
655	909
801	963
919	955
96	393
426	793
187	282
753	922
357	693
530	850
931	965
394	989
273	699
314	996
685	909
148	933
850	976
5	884
643	912
22	70
407	635
560	914
66	113
768	799
317	863
960	969
325	458
836	933
335	651
729	807
338	922
257	997
618	976
692	925
409	573
576	750
433	930
378	994
975	984
735	743
231	715
234	986
96	756
905	925
646	930
68	953
21	878
2	599
296	817
805	923
361	946
180	871
629	697
216	299
171	822
446	990
501	697
826	982
793	805
979	995
495	882
297	409
641	936
44	717
631	928
736	944
174	194
344	834
886	888
550	939
311	428
844	928
434	764
520	767
847	933
747	995
126	382
599	831
93	205
700	883
309	998
441	888
545	716
490	780
99	895
233	895
733	952
203	723
571	890
249	839
698	702
524	778
642	770
532	898
807	837
435	965
242	836
765	840
94	672
572	711
797	829
291	957
381	850
362	608
535	536
672	770
765	961
691	783
462	960
792	835
336	555
167	783
112	847
187	203
175	903
739	945
554	899
751	955
28	331
445	848
192	439
610	952
799	851
398	507
774	794
226	437
246	796
755	902
773	956
61	750
314	930
47	815
88	853
762	797
662	859
257	810
348	928
664	905
34	509
570	748
685	735
864	966
905	967
743	905
841	982
407	461
202	995
250	514
604	746
103	235
856	967
135	941
41	754
509	859
476	682
486	875
954	980
197	772
453	698
269	877
274	992
86	941
442	805
350	987
23	592
377	824
418	862
86	123
757	816
49	995
61	66
847	975
780	985
673	822
38	348
636	940
592	870
432	652
872	924
830	927
701	813
976	981
267	292
733	994
29	649
171	998
823	924
246	354
248	952
289	953
668	757
88	182
340	891
460	993
534	942
942	996
983	997
292	362
416	657
677	927
591	658
830	940
916	943
976	994
230	652
323	843
717	999
510	935
499	776
344	902
218	268
214	792
305	947
860	940
175	837
610	765
78	904
790	844
587	781
661	730
633	897
297	948
476	950
913	951
140	964
616	664
253	612
828	843
524	846
274	671
540	790
75	727
94	740
479	551
295	730
456	567
32	505
82	851
285	685
285	456
257	623
202	687
744	970
769	771
223	975
509	551
794	949
417	962
899	965
852	890
628	916
691	972
479	564
322	846
368	733
643	672
51	760
882	917
720	855
706	957
563	908
260	870
12	805
903	976
3	985
452	811
360	993
179	918
561	983
373	932
558	685
637	978
563	800
750	855
562	804
20	521
340	462
892	975
850	978
924	927
371	980
442	860
461	873
581	975
143	483
762	986
715	874
398	938
577	940
254	701
722	806
763	807
956	973
4	526
9	870
28	883
726	925
275	989
738	750
75	177
967	987
664	986
43	373
571	758
510	748
496	584
143	954
17	586
886	998
289	779
504	704
335	895
803	1000
104	999
816	939
681	751
879	995
576	994
328	892
726	938
349	951
302	839
462	828
402	548
393	994
176	242
448	664
828	885
79	538
879	887
307	661
656	815
782	954
582	600
408	484
210	728
724	949
438	592
677	874
603	659
943	993
203	725
612	893
513	887
432	962
506	847
506	618
511	962
681	885
579	837
469	965
101	569
744	904
785	942
204	438
811	850
649	788
635	890
662	727
827	831
343	718
73	857
895	965
480	723
466	788
311	914
345	498
811	971
272	959
360	806
275	439
533	734
524	914
469	978
598	863
642	906
903	910
669	743
755	783
89	922
130	731
567	732
368	788
459	906
604	735
31	873
366	863
719	981
792	971
685	845
52	932
776	963
753	979
73	991
766	918
12	981
172	704
285	995
539	619
217	339
67	809
452	879
634	856
616	987
253	935
228	353
305	802
954	982
497	743
230	399
347	984
39	831
433	987
364	887
247	982
558	874
866	990
939	980
717	867
180	928
115	304
276	636
1	431
652	923
740	770
201	987
757	939
756	980
159	761
976	983
497	985
166	885
96	826
738	818
641	885
797	873
921	939
525	939
728	773
626	991
923	985
735	934
518	936
447	467
715	955
200	775
613	944
742	829
272	651
351	944
409	885
629	888
689	939
152	963
105	888
779	832
723	937
800	891
524	727
656	883
876	886
91	845
719	902
792	892
489	891
575	894
630	830
916	958
198	907
781	999
547	832
487	552
15	971
868	887
329	609
587	904
788	894
210	917
688	956
672	948
89	627
503	910
737	848
809	953
786	969
799	908
614	899
603	969
635	958
8	271
679	964
783	792
512	972
586	921
223	869
295	974
892	964
778	862
561	864
555	790
173	459
365	400
600	977
278	926
111	520
372	561
644	983
938	972
93	880
82	987
546	862
631	677
870	922
815	986
782	809
451	975
454	980
808	983
431	996
766	986
686	993
823	968
239	947
762	988
136	940
136	711
879	984
763	809
757	994
798	803
495	765
527	717
819	862
502	889
538	583
376	521
842	994
625	996
740	946
69	778
963	991
236	891
84	763
387	535
647	876
927	930
526	586
731	991
593	761
860	876
69	202
234	535
322	419
681	995
318	943
693	820
901	998
934	946
114	618
265	787
232	610
72	392
237	725
619	790
712	954
693	712
352	382
256	859
765	965
391	495
445	731
436	911
563	723
655	955
471	905
459	787
574	737
104	559
150	675
568	959
213	731
704	968
437	624
430	436
275	562
280	906
63	679
579	973
343	962
582	978
697	965
857	917
342	737
428	511
774	919
856	958
42	970
326	500
671	683
748	903
569	635
357	752
651	970
780	855
10	119
347	973
447	911
947	968
905	971
627	963
668	735
866	979
241	927
857	930
648	756
419	933
875	984
859	976
283	291
935	971
30	599
763	864
37	760
823	915
331	941
787	992
196	753
91	471
745	995
643	984
844	974
527	772
735	923
188	296
265	479
784	815
35	956
346	818
733	998
464	581
142	530
666	944
839	872
858	885
462	885
677	810
930	990
467	1000
585	992
626	993
258	597
703	947
361	429
297	939
853	891
839	993
913	942
517	713
121	713
696	944
825	829
503	549
668	882
468	528
513	944
688	945
707	958
228	960
584	595
506	675
459	829
579	665
7	439
62	146
554	837
383	955
718	945
74	614
500	722
440	442
216	963
679	724
1	809
546	609
785	891
871	894
950	958
177	971
471	960
23	275
382	622
406	979
901	958
744	974
422	960
945	964
482	974
265	976
466	966
755	840
619	979
166	445
402	981
713	843
295	855
773	894
47	753
556	896
938	961
542	961
211	861
305	496
73	927
527	572
637	969
581	845
727	899
278	807
470	977
387	979
555	792
882	921
639	907
391	805
382	985
616	923
473	874
674	864
461	985
199	985
493	974
694	698
914	967
451	977
262	812
726	916
196	687
379	808
764	915
141	936
315	823
287	990
884	980
648	703
276	343
699	934
537	872
55	603
641	929
429	521
458	993
814	857
659	983
833	870
893	921
139	947
777	975
56	949
224	762
680	813
344	827
159	818
756	808
415	478
689	754
78	829
265	655
303	947
784	991
858	940
668	816
860	986
161	719
235	668
276	706
474	950
854	942
482	545
600	766
853	946
209	652
355	706
814	991
406	671
48	963
395	778
207	956
375	540
361	376
526	709
77	617
545	951
677	878
140	902
396	599
43	969
561	666
855	884
337	958
538	948
82	668
610	824
334	660
895	956
531	945
677	999
355	948
214	972
663	835
401	835
973	997
255	717
804	959
702	948
29	145
554	784
366	962
834	838
438	838
572	838
479	610
360	918
60	397
244	972
59	963
279	966
512	908
452	628
61	972
586	857
551	607
910	954
767	905
753	970
183	854
114	983
852	949
29	158
369	980
88	967
759	906
704	970
415	867
19	867
50	217
299	921
13	564
137	859
426	733
618	903
213	854
77	993
856	960
620	683
195	985
616	978
951	968
233	459
439	793
871	975
650	976
606	906
465	930
861	930
174	229
358	575
509	973
743	911
817	860
866	981
136	876
310	763
659	917
764	970
824	984
199	932
102	999
275	927
215	647
201	749
836	994
352	881
16	932
81	832
511	645
731	914
419	827
460	865
504	871
449	935
132	999
163	349
784	925
863	989
76	838
645	995
791	820
166	997
400	935
900	992
330	876
131	895
594	656
995	1000
791	941
510	928
610	637
109	355
326	878
455	763
330	997
397	758
490	949
946	1000
691	710
46	420
288	478
821	941
913	944
572	651
575	885
336	374
318	1000
528	544
524	839
353	957
876	998
746	888
825	952
718	826
723	941
415	788
621	893
695	842
15	854
679	834
44	323
106	972
703	962
771	837
278	675
374	908
126	806
957	963
19	680
235	978
450	903
236	385
45	854
623	794
91	970
295	736
234	726
674	732
524	973
739	898
885	952
136	568
581	955
452	804
773	896
859	899
446	501
776	901
527	574
2	460
26	817
53	691
452	925
368	968
51	995
168	348
252	756
431	987
706	963
903	982
70	981
856	907
919	963
960	964
201	683
294	874
13	861
257	992
217	627
857	987
736	926
361	820
722	799
364	825
569	934
764	917
590	993
805	918
423	587
409	689
631	802
249	471
708	985
735	859
248	1000
284	694
960	977
294	887
297	633
817	928
238	992
497	923
631	923
777	977
111	887
757	998
435	718
605	641
300	759
71	936
797	811
828	878
453	772
131	721
222	839
700	878
464	638
312	998
615	770
782	947
413	821
721	937
605	762
943	986
962	999
420	716
874	886
230	821
675	942
615	662
386	839
389	585
936	983
141	483
532	893
848	870
635	991
79	544
10	673
758	832
147	907
45	667
661	899
633	837
880	943
809	999
368	768
656	942
348	789
785	827
301	714
936	996
853	961
355	950
80	745
811	964
286	850
468	827
382	558
387	902
621	840
505	894
381	858
692	720
771	784
141	617
507	674
586	967
116	789
245	674
965	1000
225	961
27	222
706	776
494	856
378	910
512	910
873	889
419	453
176	732
314	925
298	392
792	964
643	841
454	676
693	958
491	972
117	502
475	735
172	926
843	902
521	851
468	961
690	808
280	910
473	810
338	851
352	520
899	918
26	993
752	905
857	921
796	911
741	975
451	913
537	916
432	634
671	916
504	510
275	687
349	636
354	980
970	983
734	972
35	934
324	808
508	629
766	924
296	746
273	991
543	623
97	765
26	67
847	970
310	765
315	880
617	693
303	991
671	929
215	649
756	973
420	758
267	287
103	822
24	300
194	940
906	917
629	639
312	932
501	868
532	935
408	411
726	986
624	938
847	983
684	696
474	886
422	696
894	920
163	472
27	840
335	956
916	938
800	992
464	814
309	940
937	997
890	922
909	935
315	425
793	989
526	645
779	825
586	659
302	900
346	943
327	664
160	258
46	422
189	730
904	941
40	607
642	941
661	954
922	995
853	895
797	1000
520	951
492	889
693	879
15	964
610	881
269	551
702	884
31	679
723	943
575	779
869	997
46	435
436	849
422	951
945	955
642	954
686	731
223	741
792	898
88	553
332	913
459	954
216	967
431	626
752	947
931	949
567	901
209	964
653	675
892	957
176	787
429	967
440	567
25	325
780	901
926	955
259	906
676	965
583	737
794	957
393	613
577	922
458	742
727	903
135	991
432	689
143	586
46	919
500	860
338	798
720	863
706	965
747	966
442	855
364	935
264	997
759	976
900	915
233	866
701	971
118	650
398	933
250	806
747	858
893	912
703	751
870	928
116	991
190	940
377	995
410	943
611	933
160	997
151	948
847	917
370	992
967	982
84	635
906	972
689	974
708	987
377	887
624	764
715	882
319	882
742	985
921	987
441	764
105	815
895	934
955	985
129	943
738	987
793	923
316	998
800	818
502	895
221	882
818	872
881	928
941	942
108	941
672	754
682	947
608	769
379	946
594	834
525	1000
117	946
277	898
915	926
802	985
353	893
173	962
66	836
737	775
167	888
649	891
800	831
772	998
285	614
207	960
399	901
165	670
277	911
841	953
266	493
142	723
90	267
36	970
314	914
470	902
811	966
248	560
371	896
463	899
642	901
86	683
947	948
424	678
55	286
495	558
440	622
660	891
679	904
577	856
563	958
838	897
254	388
350	850
224	445
298	394
878	969
831	894
597	727
234	675
449	563
951	959
333	617
574	743
618	786
912	967
315	748
768	959
842	908
245	689
231	754
119	284
248	923
13	797
574	864
219	407
544	692
810	848
502	695
498	990
859	969
537	918
60	993
569	870
197	998
701	797
714	736
645	865
37	982
708	921
349	759
858	865
402	585
209	456
659	921
782	991
349	880
182	474
756	975
508	873
934	981
48	888
323	598
488	931
358	821
867	927
784	929
302	889
462	878
517	814
481	891
594	768
401	639
308	411
420	652
511	999
800	873
557	886
6	783
362	647
529	824
18	608
4	710
45	711
100	647
837	940
779	935
545	768
705	757
195	655
635	927
98	722
411	953
235	956
450	881
906	932
59	996
532	950
628	658
927	991
691	714
322	588
809	935
74	257
621	655
371	709
376	824
964	994
260	383
98	964
552	905
304	840
739	997
771	949
193	972
880	892
952	997
864	884
294	502
113	198
21	609
296	548
463	725
989	1000
355	899
542	954
690	852
877	944
299	967
425	554
530	607
595	965
361	798
158	735
20	505
567	674
78	446
732	970
892	959
685	895
62	623
549	970
711	803
667	733
639	900
176	910
446	505
638	675
836	919
701	731
310	580
796	968
290	342
116	980
873	959
93	996
905	911
325	336
397	441
247	911
844	901
863	914
729	806
674	870
539	911
742	745
477	999
599	696
838	978
851	917
271	342
386	817
501	804
735	971
854	922
451	983
148	945
812	925
127	822
932	990
206	886
365	879
881	917
793	804
187	994
742	987
324	999
580	925
742	758
777	981
441	766
754	997
513	642
812	938
531	925
911	917
916	995
489	699
557	833
450	707
529	1000
629	938
501	938
705	933
672	756
388	997
681	990
338	358
293	844
237	949
531	938
157	431
374	954
593	998
10	677
255	710
771	775
549	662
702	941
554	777
485	943
806	998
584	885
792	834
737	898
126	744
198	849
313	836
596	895
301	718
350	610
88	839
658	726
231	393
65	855
454	667
660	772
178	503
252	452
305	544
670	965
447	893
226	665
947	950
713	783
503	973
33	795
24	975
244	978
896	904
753	855
766	794
26	755
898	950
875	966
479	966
514	960
421	503
753	976
546	912
403	863
669	982
156	168
419	807
842	910
653	745
424	922
148	987
643	966
495	802
641	856
847	961
866	974
692	858
604	974
309	797
309	568
648	751
364	992
555	974
844	848
756	964
472	976
379	748
632	928
76	710
599	751
222	764
287	930
823	910
229	925
110	708
308	989
5	951
803	931
863	982
715	818
486	995
351	807
543	977
736	877
722	979
763	980
72	308
531	859
388	810
756	977
557	996
230	638
772	921
937	988
205	810
485	864
793	980
247	992
742	934
162	359
164	957
5	375
258	592
464	697
684	700
150	241
64	955
138	941
358	944
121	708
85	785
580	993
855	932
915	983
18	731
408	657
614	991
908	943
70	598
311	724
37	192
388	944
369	665
864	873
162	372
786	953
142	888
582	894
664	704
296	308
862	948
922	999
144	668
484	773
795	894
712	896
141	555
521	547
89	853
20	265
107	907
45	968
3	971
268	451
760	950
603	966
97	340
465	507
778	967
745	790
795	907
896	959
104	730
651	899
752	951
871	902
535	953
394	977
29	327
755	956
306	864
292	966
586	918
672	958
801	843
680	782
652	720
766	970
669	808
400	620
42	912
584	966
620	623
701	962
272	556
425	798
590	865
48	582
708	857
754	973
914	962
933	975
745	924
784	852
458	867
511	693
731	962
345	926
240	644
245	988
143	940
900	919
726	803
775	924
816	925
838	980
282	762
647	860
721	809
270	644
729	929
677	739
164	891
673	997
654	755
263	870
92	988
367	927
446	991
7	126
518	867
523	945
297	868
154	819
321	996
608	760
580	698
385	422
791	881
133	652
212	945
334	642
848	863
306	314
591	712
434	994
594	946
52	663
131	956
267	588
797	817
828	884
274	712
191	714
383	884
880	936
470	543
505	766
684	997
596	884
771	885
480	938
256	964
112	956
929	949
16	430
128	671
890	994
169	443
442	538
545	959
686	898
658	836
66	961
373	852
794	882
739	946
255	833
596	897
260	682
875	955
713	893
630	895
181	803
776	949
528	847
10	921
127	274
426	836
257	798
86	916
810	947
884	896
667	898
493	782
658	849
41	621
46	965
282	683
856	955
226	788
639	957
476	670
151	873
970	976
632	917
434	444
186	342
893	958
356	753
829	973
89	934
745	979
509	968
817	855
151	994
154	511
541	920
388	449
486	984
835	909
544	925
525	683
241	924
103	694
56	878
400	688
565	984
205	449
418	971
220	986
233	925
407	812
252	938
539	968
370	930
750	922
138	809
518	801
321	930
591	754
608	694
888	977
310	1000
907	990
700	926
337	874
356	887
340	879
501	982
293	538
740	998
55	895
793	861
812	874
913	926
283	759
536	710
522	812
57	941
167	584
714	982
492	869
698	974
510	923
851	987
548	949
804	875
622	871
171	181
508	998
630	695
668	987
84	936
24	656
781	864
698	866
16	243
279	882
353	831
802	923
721	998
251	820
75	823
691	826
457	659
369	775
536	952
622	992
594	893
538	998
73	898
804	888
697	762
499	777
182	841
572	767
42	538
396	770
828	952
487	659
588	711
132	431
304	952
684	944
362	893
417	600
21	600
711	781
370	488
688	834
182	962
779	952
746	775
603	955
140	965
811	904
363	485
982	988
868	886
637	953
133	962
38	136
191	903
91	965
581	829
361	560
471	957
667	832
889	945
130	664
295	960
630	950
649	963
253	963
437	555
321	609
371	955
159	318
197	573
147	981
412	498
744	971
535	834
595	848
600	963
815	851
561	971
542	729
46	791
300	378
637	966
95	683
577	686
291	329
375	966
359	958
551	899
844	892
882	918
560	904
467	676
238	853
269	920
604	681
428	684
70	976
405	966
16	861
921	967
659	967
273	931
474	692
386	579
565	810
289	875
449	864
564	851
891	980
46	925
211	992
761	870
525	630
837	865
689	738
28	992
317	866
532	754
845	985
330	805
261	705
178	936
305	977
701	977
453	875
728	814
544	993
356	942
717	921
851	921
837	986
157	998
124	821
279	466
499	698
974	991
872	980
770	932
467	931
281	475
869	911
29	705
906	978
362	585
890	970
716	817
802	857
205	638
143	955
740	945
619	884
605	986
531	808
126	493
313	585
557	945
290	830
598	717
6	842
515	948
100	706
936	978
848	865
517	994
14	373
456	489
184	821
621	822
781	811
404	824
712	940
505	647
546	648
491	712
758	827
730	994
513	996
760	873
264	669
809	994
392	891
115	842
593	881
161	958
598	959
684	999
758	948
725	771
818	999
918	937
119	961
141	720
227	494
72	620
311	902
600	776
507	548
853	956
94	904
704	833
506	848
767	889
54	724
530	653
3	907
760	886
50	201
695	905
514	830
104	666
343	948
128	794
766	785
141	733
208	494
650	839
521	725
667	779
542	784
701	777
403	854
217	435
871	959
530	666
623	857
306	921
787	965
644	916
666	675
418	610
616	854
11	451
164	693
26	988
180	674
37	854
648	742
460	728
83	741
699	973
831	900
75	328
674	916
849	917
654	678
893	960
750	911
650	973
190	988
515	519
840	841
826	906
726	968
523	639
233	806
208	978
805	968
879	917
958	981
199	929
636	930
741	983
312	577
456	999
393	916
522	801
733	984
497	973
805	860
689	914
408	635
605	920
624	933
107	414
626	979
824	994
502	943
271	293
367	755
680	986
64	717
193	602
881	976
554	581
900	989
330	873
556	627
291	881
365	830
676	692
915	974
120	999
593	694
524	823
221	822
312	940
807	882
602	635
332	774
106	956
904	936
642	936
2	81
790	834
325	1000
628	772
746	764
797	995
487	540
874	949
266	541
698	989
832	952
918	992
463	597
587	892
311	957
144	551
278	780
383	833
589	938
97	210
489	1000
828	954
506	903
566	954
901	944
684	946
329	718
34	541
685	767
317	371
382	729
868	888
651	890
637	726
623	791
199	729
52	975
294	737
473	739
607	968
505	957
109	957
546	958
720	845
477	858
493	839
479	904
83	675
372	549
341	970
308	793
490	504
849	851
599	676
497	665
309	385
190	922
441	504
391	683
831	955
325	329
509	904
269	922
35	755
365	630
659	848
125	914
815	866
4	624
28	981
518	845
859	909
432	576
597	909
397	555
8	514
803	977
775	915
319	635
486	812
835	966
95	927
401	445
678	982
838	971
893	907
189	525
595	984
92	858
592	915
974	980
757	982
430	624
333	920
789	971
250	922
530	976
134	976
263	861
337	810
392	746
166	928
92	750
226	979
386	931
441	638
754	869
881	910
508	813
544	995
455	923
138	987
955	980
666	877
265	533
913	983
113	930
130	345
677	743
186	883
351	987
695	760
98	541
258	530
469	942
4	879
675	818
928	998
383	646
200	939
742	993
286	713
19	598
640	945
737	999
489	934
272	936
814	990
332	721
593	991
681	875
693	929
290	953
846	942
338	472
890	985
389	703
158	770
820	889
196	244
10	791
719	958
567	601
419	437
80	742
391	604
303	491
148	617
294	671
514	940
426	827
574	725
315	501
628	961
669	733
259	606
64	101
509	717
621	958
720	900
269	735
697	953
829	843
77	979
328	561
298	389
831	889
160	684
178	738
68	866
632	679
750	900
884	900
139	517
452	977
877	897
426	961
882	975
123	923
260	928
483	677
722	959
741	972
564	787
398	754
184	502
530	910
488	913
675	739
138	800
666	690
289	703
440	872
181	352
866	980
907	981
824	983
939	970
851	857
534	921
255	274
284	975
408	516
432	873
499	634
149	521
756	970
135	357
338	982
668	857
52	588
761	819
36	765
504	870
261	883
457	529
173	770
332	763
800	868
235	601
367	986
23	947
501	986
779	930
705	752
913	930
154	878
536	943
300	932
814	924
855	925
800	989
478	709
191	881
532	945
347	640
751	989
484	645
445	653
758	884
711	772
535	812
554	825
540	661
894	930
880	995
226	242
277	961
5	502
662	772
753	890
202	787
168	910
880	887
116	491
33	951
759	826
570	661
693	997
354	548
882	896
390	959
794	820
725	949
885	938
463	949
986	990
683	952
237	902
377	616
137	671
899	957
54	902
155	954
871	895
334	956
405	836
487	905
775	783
766	963
945	965
764	890
590	737
903	968
755	841
856	893
801	957
657	912
49	800
899	970
95	916
213	908
268	578
768	901
620	737
247	906
646	911
687	912
527	694
604	914
53	811
925	969
741	919
782	920
842	971
647	732
592	796
817	914
22	414
443	673
209	506
461	986
356	704
161	694
620	979
13	981
849	987
492	686
967	979
590	992
865	968
763	920
474	817
909	974
647	974
303	935
449	989
430	747
333	814
66	699
30	776
556	563
761	995
356	946
920	988
612	643
221	987
1	489
675	928
298	712
853	934
297	753
27	892
476	984
171	348
281	479
828	877
621	813
786	880
249	941
906	982
804	934
582	592
177	772
344	949
521	582
707	772
512	533
99	889
503	713
225	705
915	923
698	925
380	993
760	985
531	933
168	844
364	490
825	885
424	541
38	1000
809	877
767	880
813	996
390	664
744	896
600	888
760	877
493	533
264	673
468	705
183	721
431	557
843	996
548	553
369	847
575	952
313	952
528	611
299	788
123	791
393	423
389	947
752	770
482	909
639	829
102	853
181	917
308	958
227	740
543	717
815	910
875	961
653	848
80	986
556	952
74	912
91	327
93	925
113	611
762	791
371	906
391	969
583	910
743	899
757	797
798	835
266	974
104	912
11	455
539	840
847	956
764	958
141	979
783	971
543	730
218	933
942	964
157	923
756	959
775	972
953	978
423	520
851	967
708	918
245	928
23	815
845	923
729	977
858	862
352	990
407	697
659	918
263	918
184	396
782	988
515	644
157	936
372	861
437	990
289	826
633	636
272	859
915	965
645	875
290	647
937	983
854	985
633	757
333	990
536	824
66	646
589	687
566	932
304	703
629	988
763	988
804	989
169	478
119	886
601	926
320	647
881	980
471	816
438	639
517	932
792	871
520	937
520	708
915	978
772	929
716	768
110	958
149	657
572	760
401	878
93	496
84	942
929	997
211	717
1	907
885	927
964	991
394	838
17	888
292	827
297	942
820	946
498	666
646	766
250	537
269	550
917	1000
691	953
121	837
778	841
198	791
445	897
238	833
1	920
477	849
783	892
347	776
859	887
454	838
571	605
309	605
722	774
498	800
324	849
706	951
618	838
945	967
370	736
81	633
650	790
903	970
345	679
584	961
531	546
660	956
516	911
116	977
160	983
690	983
22	524
891	973
32	983
729	911
90	924
833	968
673	750
208	916
361	929
925	971
507	983
928	976
513	734
625	975
75	279
770	804
921	973
35	880
599	922
678	986
590	873
796	978
362	457
317	980
569	935
825	861
536	758
365	876
925	984
166	932
837	871
749	987
578	876
187	991
302	941
522	981
145	994
654	871
962	987
703	992
441	763
482	764
936	971
320	702
718	748
897	979
855	982
767	869
571	994
323	892
271	473
207	946
367	935
804	936
21	298
950	990
45	655
609	697
688	990
108	940
765	944
663	933
644	654
685	692
12	828
996	998
489	938
313	941
827	933
813	998
128	895
843	877
466	661
327	960
201	363
560	939
582	957
494	844
769	820
232	844
149	846
56	618
548	555
570	839
660	998
822	831
665	847
200	259
516	724
58	849
727	944
746	957
699	845
685	947
905	950
55	285
220	618
646	955
780	955
21	903
604	729
203	385
755	898
326	492
768	837
551	839
179	967
776	957
211	919
734	960
481	514
701	783
85	285
2	745
296	963
585	608
865	891
455	498
185	637
842	907
826	899
14	755
132	976
729	737
324	917
819	896
626	730
796	912
262	978
859	968
523	982
187	804
374	630
305	796
324	809
236	925
511	864
791	918
763	856
708	920
653	984
749	921
372	971
768	971
735	794
476	799
687	982
888	972
365	702
700	921
459	566
10	474
156	528
648	990
923	966
568	738
793	856
738	920
457	641
159	984
897	913
800	980
833	928
87	815
529	931
133	931
548	944
596	692
210	885
110	947
707	937
380	579
793	977
484	636
907	998
406	716
920	937
684	926
205	928
163	702
853	883
672	808
839	985
897	926
809	813
115	890
739	983
486	537
596	934
334	934
513	936
301	528
361	542
466	595
39	262
383	826
264	609
313	996
795	999
43	906
390	950
901	937
202	670
208	421
204	716
639	644
625	709
919	927
470	835
561	953
229	251
767	829
371	829
579	778
431	614
475	886
810	876
669	900
120	429
686	840
262	778
652	704
542	832
357	786
780	889
764	881
820	961
556	888
938	953
817	892
752	948
494	912
750	838
493	953
529	610
685	894
863	900
646	902
131	456
263	612
287	969
189	397
447	958
507	972
529	731
826	954
542	966
352	805
62	972
401	438
172	874
534	967
78	458
363	856
531	669
710	900
214	467
687	916
948	957
544	867
571	970
881	903
578	636
751	793
761	986
613	859
736	929
636	991
777	967
754	983
69	880
210	819
696	978
319	991
594	701
566	639
906	973
152	999
187	993
728	822
681	976
781	914
473	532
478	876
681	747
698	916
423	711
860	978
920	992
524	763
818	981
150	293
320	704
955	986
316	999
438	696
913	989
957	995
602	804
781	806
552	946
887	936
563	583
655	815
223	892
121	881
336	540
797	935
47	437
179	593
79	655
901	992
832	892
144	491
980	992
691	889
116	658
732	890
929	946
665	836
477	785
433	715
741	831
672	997
644	898
924	952
579	954
109	776
706	766
43	156
414	594
130	835
553	901
787	839
831	882
321	780
354	728
720	785
357	733
398	734
623	852
277	444
81	569
442	548
243	567
224	325
248	911
468	951
583	672
877	890
13	556
668	716
613	780
477	919
122	462
287	795
479	965
28	800
872	896
160	690
51	932
90	860
530	903
53	978
474	742
534	793
565	860
14	986
129	973
143	871
110	694
358	796
518	785
733	858
337	629
576	911
510	786
97	876
17	395
619	692
657	984
187	806
495	922
729	860
654	686
934	969
772	907
428	868
851	971
634	973
307	578
611	989
740	874
638	863
784	917
25	865
770	982
250	983
267	398
220	286
208	986
626	745
717	863
562	989
923	968
601	917
735	917
8	817
435	884
476	922
490	820
932	936
770	874
503	530
24	761
698	971
772	920
450	869
906	920
288	807
6	892
18	946
381	769
909	925
573	710
251	696
812	992
806	918
429	931
61	535
971	985
332	998
841	875
15	833
538	874
207	774
163	933
171	299
33	823
415	888
468	751
253	597
695	942
918	987
128	831
207	895
683	824
218	724
801	816
80	790
162	600
709	998
561	834
368	705
547	936
607	950
841	888
660	813
734	762
868	991
233	480
477	840
153	487
116	834
639	875
52	849
382	724
266	778
271	893
257	958
351	593
408	898
628	901
135	968
372	423
21	839
493	834
405	950
861	964
79	965
776	893
899	963
747	835
40	973
409	547
331	627
102	804
666	846
124	563
933	961
443	545
426	901
44	570
305	840
109	965
486	915
766	969
678	856
516	794
502	630
861	977
231	810
212	568
270	509
5	992
657	918
351	848
134	850
271	330
749	857
553	982
606	845
738	964
289	872
412	979
594	690
673	983
208	920
925	975
216	515
601	851
821	854
740	929
344	929
200	921
219	934
594	811
962	978
571	864
656	908
372	920
358	985
955	975
182	759
825	865
668	918
341	523
654	983
216	528
284	928
862	868
77	827
471	983
237	587
219	947
795	814
454	521
901	981
450	816
4	995
114	601
774	876
591	940
364	483
806	865
387	881
566	883
598	835
931	981
554	994
628	943
507	653
567	704
605	996
765	948
778	887
704	709
883	940
487	711
822	930
748	752
101	904
596	883
771	884
977	989
176	940
831	871
165	781
289	322
294	666
211	897
734	938
519	784
351	419
972	995
788	945
15	204
667	884
704	951
685	709
924	954
385	905
472	830
799	959
53	846
655	951
534	661
135	915
281	969
294	908
327	856
574	962
912	957
398	857
783	964
39	924
942	957
147	457
694	855
671	908
583	795
239	985
316	680
197	988
701	787
527	863
687	852
954	967
112	392
810	959
194	690
273	983
156	169
161	513
231	986
611	978
449	916
583	916
228	688
467	970
145	919
434	793
324	921
453	806
38	564
847	962
714	847
492	734
98	349
84	451
629	739
243	932
60	996
416	631
599	752
791	922
166	870
515	758
909	914
40	236
760	791
125	280
498	525
291	986
695	810
478	812
115	760
156	532
290	761
964	971
661	933
399	704
622	978
117	991
557	997
381	771
716	990
17	989
633	992
485	865
34	175
793	981
512	702
550	994
71	996
508	997
888	989
230	989
598	890
417	815
123	368
843	923
862	936
922	987
853	887
121	938
135	607
262	648
616	651
868	872
758	1000
771	939
568	876
567	651
80	792
424	602
952	987
280	594
288	943
475	769
683	718
232	782
306	731
125	656
163	948
342	425
859	880
105	189
417	949
477	963
117	428
177	967
768	883
162	844
556	1000
690	963
220	785
662	901
769	1000
865	937
667	952
382	968
657	907
743	947
624	730
412	847
122	748
249	560
359	957
699	796
490	622
132	914
605	609
701	842
632	971
866	909
645	910
103	627
571	732
70	975
543	670
648	915
358	853
339	345
803	974
228	514
76	874
599	915
34	914
576	968
455	907
92	855
872	966
724	802
531	673
608	856
35	994
268	936
488	976
185	938
670	687
708	979
730	738
749	980
482	636
721	918
159	922
195	579
756	912
262	340
406	533
703	756
224	987
353	872
578	990
397	915
738	979
300	982
462	815
916	985
198	476
827	913
280	286
846	926
906	977
818	864
241	523
532	995
306	652
591	821
603	875
792	811
222	954
244	713
422	985
601	987
769	800
237	939
204	533
584	754
737	996
415	716
795	937
533	937
748	862
321	529
574	709
307	890
477	776
205	879
774	999
572	821
773	811
704	940
547	993
841	945
113	243
63	651
169	781
245	547
625	768
850	886
836	951
662	835
753	953
472	940
250	598
155	775
769	934
810	935
576	768
17	252
877	881
302	384
627	706
250	719
692	835
582	963
199	902
259	953
488	547
859	948
960	1000
181	215
2	738
79	204
172	920
411	448
161	273
537	789
605	664
678	913
48	746
122	695
199	915
119	397
537	910
192	912
715	916
85	749
349	980
784	908
847	964
112	515
103	924
342	977
326	969
837	919
133	803
460	969
601	908
680	972
532	808
740	986
418	972
481	991
61	405
351	918
934	973
827	847
953	986
189	590
656	736
432	991
721	865
344	878
886	932
624	932
806	909
489	973
809	914
527	999
742	924
525	926
907	991
277	824
122	950
142	865
376	803
983	986
155	346
413	870
204	696
622	980
640	997
387	588
915	973
934	986
63	464
785	863
890	916
716	992
513	929
457	997
869	978
514	750
128	943
904	935
788	989
22	961
3	719
966	995
372	522
737	943
124	191
579	1000
959	992
871	879
394	954
176	997
553	718
732	949
630	938
17	186
65	671
94	140
720	831
343	881
725	946
147	969
926	936
463	946
100	894
769	989
103	374
400	597
350	776
83	661
542	946
280	946
426	1000
412	836
71	314
282	726
461	728
774	959
570	900
476	713
315	795
411	503
309	721
204	964
333	556
590	855
671	965
13	736
622	780
677	716
789	957
319	742
38	500
907	912
604	911
356	809
865	952
722	903
465	981
710	785
522	963
379	914
62	978
175	855
120	919
612	627
249	575
496	681
212	922
757	981
564	852
932	982
305	857
814	963
833	976
566	861
948	963
134	975
571	976
411	758
188	686
496	573
716	805
802	845
721	920
86	409
779	861
223	414
369	697
742	979
33	519
566	982
478	869
693	794
860	971
920	985
408	810
96	989
399	761
619	993
388	868
718	743
11	881
916	987
57	997
146	288
249	938
73	941
573	998
380	869
862	872
707	998
344	946
867	987
327	713
220	587
643	690
588	754
700	995
767	985
920	998
832	885
381	949
904	990
618	633
563	697
802	979
172	546
938	988
561	772
855	990
170	887
887	942
706	867
931	985
292	998
177	782
484	939
341	890
368	993
883	944
74	546
468	702
984	996
375	888
488	536
759	770
234	885
93	909
270	313
766	894
236	436
494	960
222	501
741	837
727	939
801	888
60	624
439	886
632	786
939	943
722	945
507	791
419	907
942	948
18	334
891	902
412	904
613	665
425	843
819	999
208	616
650	961
323	566
502	568
501	838
699	853
129	737
738	781
416	730
710	948
127	627
421	845
476	552
269	976
866	966
34	850
939	956
189	458
617	905
736	856
455	843
689	781
559	671
757	915
22	466
159	966
830	905
217	907
420	741
632	920
332	628
805	848
557	746
684	787
106	810
395	684
147	582
188	620
867	908
812	972
335	818
911	951
85	872
295	453
846	970
629	972
188	512
620	923
212	869
480	620
380	682
53	58
360	703
291	869
450	862
395	926
906	913
918	967
427	878
702	854
614	741
559	805
256	996
619	819
825	924
214	770
508	988
374	759
728	991
184	864
332	762
615	821
501	985
721	988
103	121
163	926
705	980
503	994
883	986
695	935
593	924
538	988
137	415
706	801
436	940
339	778
619	832
649	940
681	929
155	819
402	955
19	894
384	763
725	827
549	601
507	833
556	991
831	930
776	994
671	712
910	994
748	932
780	884
260	848
111	496
47	969
699	895
64	155
602	999
676	948
449	491
173	327
720	725
140	150
577	905
898	997
323	500
870	898
567	897
317	722
132	905
256	446
706	948
434	489
625	959
652	833
798	887
743	951
803	965
324	967
38	610
508	559
461	972
199	972
648	798
708	849
386	798
446	849
224	736
757	970
435	919
200	793
888	901
285	342
488	967
601	615
303	921
248	985
339	578
707	745
751	788
164	991
714	906
318	906
48	816
29	924
318	798
629	919
417	511
730	742
719	812
751	801
792	802
401	917
222	945
423	935
32	296
802	968
182	994
691	871
302	830
137	470
87	878
73	943
670	933
172	656
862	874
908	990
56	481
663	930
170	997
681	984
390	1000
423	948
920	1000
290	833
904	992
549	764
320	941
686	769
672	871
999	1000
639	694
658	707
50	299
776	928
179	709
855	992
266	597
973	984
577	718
326	584
350	941
713	764
699	829
468	933
547	997
835	875
183	720
315	839
241	661
461	664
875	947
878	952
745	837
60	734
794	995
66	256
486	613
546	893
720	780
747	883
439	538
711	960
122	565
144	849
88	954
336	790
105	369
652	767
321	896
132	731
247	718
836	847
407	670
522	657
844	937
134	777
301	954
631	829
796	896
815	909
102	973
559	660
63	200
689	891
386	853
842	904
270	678
352	976
589	660
313	496
263	904
63	321
175	562
180	906
340	858
531	840
416	624
858	969
440	981
76	933
673	923
78	979
138	801
716	741
504	858
374	748
429	455
761	928
781	843
800	856
18	820
124	987
504	979
536	931
584	679
85	995
751	856
580	974
934	977
557	990
147	597
36	995
210	882
270	933
311	934
435	1000
591	988
751	977
589	915
971	980
508	990
313	751
258	815
288	923
307	936
458	580
964	977
573	826
306	482
658	870
591	880
691	818
785	867
251	933
727	862
322	813
778	827
107	659
468	867
910	983
712	998
882	884
780	873
801	932
75	828
498	894
880	996
639	641
795	888
695	950
165	721
519	724
558	652
403	778
318	411
521	999
774	950
690	956
487	893
192	945
266	894
528	665
123	845
109	947
329	950
185	676
498	907
152	270
410	794
79	142
375	958
516	897
898	999
810	886
507	848
743	832
113	665
443	540
412	961
522	604
861	972
495	851
385	979
333	789
622	663
902	946
90	802
351	843
544	743
893	897
153	858
497	668
617	962
39	985
359	963
529	849
708	851
4	735
422	494
854	905
446	851
485	779
710	897
784	846
402	515
543	905
749	973
909	962
587	682
779	852
261	926
206	990
536	865
120	923
684	736
202	467
243	993
224	751
633	919
603	747
830	975
453	988
131	937
728	927
828	865
60	239
712	919
612	981
560	562
441	870
909	975
210	708
297	862
605	978
672	739
724	929
25	928
262	575
556	793
630	742
181	650
566	757
786	989
323	999
712	811
385	416
362	698
615	878
191	816
383	986
401	811
304	878
82	765
151	370
431	653
774	992
223	889
586	712
892	984
484	930
470	766
864	922
181	663
363	640
795	822
475	588
676	992
313	940
487	827
373	954
225	827
662	828
475	938
889	992
144	609
484	943
627	699
16	545
477	903
563	943
678	893
444	726
241	663
521	946
180	653
240	667
961	989
732	900
919	992
440	957
443	474
109	894
613	656
632	669
241	784
956	995
309	430
823	880
611	960
641	839
949	955
627	712
714	829
346	433
117	610
958	960
601	659
284	723
900	955
182	446
187	790
641	960
893	952
356	747
824	852
193	460
7	41
148	983
363	908
430	669
509	962
25	620
797	840
847	957
450	732
617	909
413	850
724	971
30	819
682	745
398	986
346	796
139	991
510	675
854	973
573	694
287	337
347	388
586	633
99	811
448	699
654	804
781	845
640	869
645	984
786	923
235	820
648	989
804	977
494	522
499	866
578	930
457	869
880	972
462	984
429	807
181	705
640	990
279	984
719	990
911	968
952	969
649	931
281	535
322	573
910	972
767	923
192	463
469	1000
408	990
293	774
105	989
383	933
267	987
225	761
51	608
417	931
450	879
959	985
496	995
752	921
697	756
829	875
452	888
892	931
690	945
929	998
560	872
128	949
926	929
549	713
447	931
801	934
512	831
947	988
322	936
410	783
638	647
280	939
679	944
868	880
706	818
274	895
623	783
480	1000
634	649
135	965
732	955
551	880
556	995
253	957
421	770
613	711
35	734
664	942
139	562
307	375
312	719
28	960
47	973
647	709
118	853
835	945
580	655
544	732
838	950
636	964
703	725
634	891
317	955
270	614
872	948
32	971
51	984
384	901
766	966
442	842
166	907
823	948
193	515
544	974
833	848
304	504
254	912
326	788
243	982
413	905
233	974
916	967
76	990
373	459
225	332
205	848
284	912
700	975
337	923
612	862
832	865
670	803
785	790
694	931
936	959
499	692
578	985
658	685
23	174
319	990
300	748
336	405
143	239
681	854
307	872
207	934
615	988
760	854
242	928
753	814
390	762
389	803
274	587
554	870
591	937
765	824
198	942
514	690
189	893
32	421
395	998
670	937
991	992
89	891
589	985
597	809
809	988
387	999
165	886
454	760
506	950
822	927
500	876
885	983
114	840
783	935
301	703
977	986
774	886
507	771
686	773
572	937
37	364
773	927
680	699
671	879
850	881
220	714
836	946
794	986
417	999
494	953
301	824
213	940
769	929
447	878
669	954
667	881
727	932
570	948
519	902
183	953
835	879
618	881
40	904
926	997
364	964
787	838
262	953
248	789
817	946
891	895
836	959
440	959
67	899
873	999
726	949
528	964
710	712
990	995
720	905
138	900
479	964
9	786
377	916
666	790
817	959
76	924
370	913
409	841
750	905
617	790
548	919
930	957
527	981
659	908
758	850
381	634
620	916
485	728
316	919
261	983
811	861
214	642
816	976
318	965
626	852
373	406
212	983
64	819
136	170
125	277
550	978
462	865
272	741
365	932
376	798
818	914
807	984
705	973
140	935
883	979
915	968
510	919
169	589
834	979
355	981
369	650
693	976
841	874
519	823
45	940
191	994
339	892
461	589
366	995
526	984
595	818
378	820
801	923
765	1000
185	425
402	948
271	879
899	936
711	885
755	928
878	998
569	657
693	989
271	1000
150	481
549	944
84	356
655	882
567	998
820	949
878	890
919	928
220	890
743	931
729	767
641	654
646	769
439	705
766	834
590	837
553	726
514	1000
935	993
546	952
747	942
926	944
631	767
424	962
840	877
162	962
31	213
41	672
99	613
300	603
645	786
282	734
543	775
450	547
562	788
124	791
100	205
432	678
247	898
674	965
729	901
696	724
333	672
789	952
613	955
184	549
700	843
257	273
928	966
292	496
297	611
283	676
522	958
641	909
365	974
277	632
879	966
464	724
212	917
735	958
757	976
154	912
696	966
71	914
682	802
673	982
134	970
428	922
925	974
240	871
54	452
312	976
532	979
490	982
883	913
552	813
137	571
483	979
240	992
730	856
105	804
153	286
591	926
677	966
374	928
492	920
607	870
427	939
802	853
499	815
149	931
39	305
369	705
11	997
723	974
883	926
167	756
695	875
786	993
505	980
445	700
794	854
813	867
758	931
422	982
193	893
457	939
792	929
157	418
547	869
607	883
660	746
813	988
123	541
324	531
329	875
692	698
931	980
394	775
755	983
447	638
908	996
212	475
322	872
778	886
602	926
843	988
6	262
405	762
148	840
256	373
660	988
651	939
747	876
752	991
838	994
686	896
107	960
148	961
759	886
201	824
456	848
798	814
924	953
416	483
762	891
877	878
574	840
819	873
444	730
465	789
638	717
836	961
877	999
495	668
352	848
775	951
543	830
114	158
592	951
449	902
738	776
434	550
282	910
777	889
78	851
441	674
224	676
298	625
319	913
714	954
277	687
571	905
483	792
791	908
666	913
291	972
179	502
268	988
758	852
207	749
881	959
559	908
325	741
397	617
314	811
379	977
420	978
700	803
147	819
890	900
279	975
656	733
413	975
480	736
251	913
256	991
70	572
600	801
479	511
214	994
723	908
635	795
404	862
788	973
12	523
922	973
251	805
732	812
355	862
682	991
621	981
165	701
533	868
767	806
612	932
385	475
660	680
49	526
739	744
832	935
978	989
615	937
697	976
917	979
208	290
554	698
834	981
350	868
448	945
363	578
910	976
239	771
201	287
780	866
362	878
436	827
86	943
158	819
746	989
947	979
449	473
404	996
674	820
32	599
519	946
679	935
789	807
841	997
527	541
618	925
637	938
664	812
48	543
889	930
144	776
875	995
512	943
176	994
454	938
762	825
662	887
808	941
390	953
651	994
150	712
389	994
86	956
516	769
347	997
72	792
553	836
754	826
845	944
616	892
657	893
690	841
660	935
412	833
646	771
981	990
838	941
277	379
787	895
840	987
88	894
437	782
569	672
352	903
467	890
766	957
122	626
516	782
782	901
432	788
284	661
803	960
844	998
500	959
835	949
310	798
511	788
464	713
851	893
276	433
56	918
326	779
634	895
606	833
229	846
129	908
614	657
58	210
421	787
481	801
849	968
409	898
846	899
194	744
235	745
763	901
59	785
606	954
532	739
22	637
44	921
715	860
879	968
423	688
529	855
974	976
559	734
335	989
550	914
828	858
580	793
304	858
284	916
265	637
586	692
880	910
245	399
792	797
396	568
709	799
387	748
160	291
786	982
321	394
920	982
557	930
832	869
802	963
31	820
936	963
614	912
380	745
110	884
283	812
226	278
281	473
363	512
695	985
151	363
769	907
311	766
806	974
713	746
570	697
126	949
50	173
640	941
373	826
593	866
101	892
436	882
265	1000
153	530
190	826
405	751
603	995
718	982
138	407
214	954
778	996
382	767
753	939
596	992
771	993
232	944
359	756
278	831
487	941
564	636
924	942
588	993
968	985
558	592
582	949
378	890
584	995
137	949
618	764
67	890
576	996
488	883
956	988
667	885
606	646
275	775
132	726
206	675
555	829
516	837
100	370
129	842
430	770
349	845
335	681
574	963
486	850
489	596
356	969
249	614
231	974
606	888
366	381
525	899
585	950
406	682
941	962
523	974
242	961
619	682
569	861
663	725
195	391
453	915
527	864
57	686
733	969
953	972
151	284
254	971
550	969
751	959
498	513
374	743
630	669
527	985
781	838
846	967
579	623
216	571
59	853
77	641
481	990
737	916
200	977
93	585
728	867
846	859
670	862
164	236
427	875
633	980
53	405
108	866
490	931
125	281
603	808
952	962
570	631
406	937
469	993
744	932
174	816
746	978
682	993
317	343
11	236
771	927
549	814
790	940
755	919
415	999
850	927
795	991
929	991
725	932
491	765
339	896
121	939
487	996
676	932
762	935
643	755
519	948
357	657
747	812
585	750
750	817
144	778
512	945
14	668
831	927
789	930
445	891
558	768
213	999
516	542
254	771
595	835
424	953
947	994
157	609
363	943
660	937
140	376
764	994
227	789
87	486
433	894
419	959
592	887
74	961
726	887
638	774
830	944
714	769
819	822
342	897
413	777
311	500
784	949
178	910
358	962
196	671
275	964
495	967
729	905
677	715
506	567
590	975
328	975
543	900
221	849
395	736
925	965
708	967
331	980
279	790
661	855
821	844
928	970
246	384
12	217
707	742
209	731
691	734
622	900
858	911
603	621
608	965
714	903
43	698
640	688
309	854
832	858
496	909
124	808
811	920
744	866
274	688
353	981
334	739
749	981
688	971
289	996
410	468
198	814
308	457
547	739
753	807
221	983
885	963
71	221
596	860
427	822
110	886
158	634
438	688
603	984
188	927
274	930
799	815
353	994
177	997
292	984
28	645
704	928
167	989
649	992
368	979
574	818
49	475
472	578
651	809
193	897
246	989
898	915
977	979
366	825
493	866
218	661
584	984
327	833
225	822
693	927
156	951
439	522
604	818
972	985
48	600
81	548
581	871
171	707
264	898
933	993
984	995
748	984
421	589
426	933
288	999
386	487
690	898
877	990
393	877
808	890
720	777
85	266
447	884
722	823
14	965
418	826
96	775
523	842
872	996
729	947
8	433
541	896
608	657
68	972
646	949
623	965
626	711
273	852
823	996
601	654
900	950
833	896
599	729
133	670
14	978
867	894
803	909
930	950
715	796
800	840
645	966
139	865
881	950
550	850
333	852
503	738
379	968
112	853
814	896
6	871
367	850
435	984
718	784
580	850
54	740
399	923
688	797
800	974
222	997
1	998
684	799
246	802
499	982
34	165
213	396
401	861
728	990
445	638
780	857
183	638
692	744
843	913
788	977
820	929
369	993
732	816
102	649
267	982
864	972
107	764
781	974
841	988
156	885
99	351
197	657
771	929
62	469
857	932
683	816
722	744
218	716
727	859
658	988
33	936
60	544
533	993
734	983
674	703
522	575
887	996
2	539
348	947
191	1000
442	582
843	926
796	814
199	595
746	993
570	996
759	932
597	870
542	934
454	821
877	924
467	760
61	72
300	354
899	942
755	934
359	934
414	641
391	886
303	773
69	606
509	878
564	585
863	881
808	945
868	996
153	950
180	824
606	932
861	956
382	958
559	591
817	886
541	951
195	314
981	994
203	434
731	819
939	997
777	935
92	832
419	961
9	834
418	773
872	943
891	956
13	953
228	612
715	959
701	832
203	555
404	545
328	964
276	545
710	773
830	838
816	903
455	897
207	795
749	849
735	951
647	838
537	966
591	677
145	856
33	386
687	910
511	913
656	779
8	972
22	641
962	970
602	664
552	577
818	962
133	859
596	620
403	454
628	801
894	957
746	793
283	803
677	959
214	932
589	846
286	808
728	924
387	631
27	59
141	346
378	518
691	978
396	572
828	983
24	700
170	983
68	706
577	583
656	913
788	803
402	996
685	796
795	927
368	631
491	930
799	817
494	935
535	744
843	860
359	518
820	876
547	983
238	871
632	761
90	478
945	992
771	876
494	827
268	484
741	933
111	537
190	830
551	809
759	987
537	645
95	943
613	640
632	653
98	194
783	822
576	758
722	812
975	992
634	699
606	866
410	725
924	946
238	884
659	877
81	900
386	718
372	820
317	884
757	890
330	594
835	995
219	726
972	1000
386	610
467	720
585	941
714	826
81	913
428	957
395	551
823	998
740	963
243	682
944	995
263	782
529	901
703	788
240	798
675	955
870	965
719	732
163	551
388	898
911	939
167	670
687	965
203	852
332	737
392	788
772	780
941	966
55	873
834	840
108	736
858	968
641	970
253	565
236	921
767	786
533	619
120	975
73	634
749	917
694	981
196	970
707	920
705	847
89	578
682	863
695	802
800	855
560	614
202	640
904	912
697	848
155	565
339	645
397	852
218	355
575	858
506	987
621	745
841	977
473	581
794	902
161	989
436	699
744	815
482	815
769	845
614	971
471	922
94	935
295	925
765	874
841	869
901	920
519	589
469	997
384	630
394	823
862	928
807	992
58	874
295	817
877	913
301	982
347	869
875	988
732	939
643	867
170	943
211	944
822	869
393	463
852	977
829	993
264	955
947	985
685	985
745	999
877	926
822	990
646	993
255	879
713	939
564	816
951	996
935	988
338	769
38	477
852	990
43	555
444	670
170	367
153	723
631	762
796	829
248	960
858	889
104	952
720	955
819	934
442	947
879	948
576	947
249	552
620	953
444	912
645	902
626	660
290	445
469	676
18	740
724	902
209	722
797	892
902	945
761	969
709	779
282	971
818	951
573	625
495	971
710	896
154	678
453	974
700	851
656	781
389	666
334	730
513	961
950	962
609	669
666	974
707	975
380	617
760	838
693	784
821	969
895	918
779	972
545	805
438	679
195	692
319	987
957	978
594	926
57	987
96	161
87	866
469	931
610	907
725	857
100	805
67	628
628	924
573	988
339	821
788	913
399	872
168	939
457	813
267	918
778	868
664	739
581	741
792	924
938	978
855	980
514	687
82	993
505	867
665	819
546	639
227	593
466	875
667	865
479	814
429	993
281	829
597	806
24	944
285	719
183	937
338	582
458	876
76	545
57	303
600	996
9	757
658	937
583	763
146	762
247	814
63	993
574	943
118	663
412	881
835	984
315	948
972	989
713	994
312	650
565	830
83	827
435	491
789	989
775	825
90	722
747	992
458	889
444	954
361	956
777	871
418	938
537	889
674	894
701	997
835	997
921	1000
153	899
865	876
777	992
101	443
562	838
276	481
842	892
307	319
177	438
504	604
946	949
182	553
528	961
729	951
89	96
522	658
164	913
404	602
731	768
939	946
189	448
185	972
460	948
54	260
95	261
749	785
102	974
143	975
721	952
168	510
622	717
830	895
613	897
640	734
497	951
258	440
395	903
240	800
634	956
702	831
316	795
572	721
784	900
536	798
930	954
369	392
869	944
566	906
299	562
846	960
698	833
540	624
311	801
493	549
839	957
217	910
392	911
552	634
290	863
730	906
895	973
614	960
908	912
517	798
952	955
809	906
43	878
566	919
354	511
500	565
744	925
785	963
752	786
843	904
807	981
213	508
559	916
185	409
341	693
690	810
568	857
655	974
106	237
567	632
456	535
115	996
385	820
68	884
412	465
799	874
637	812
131	186
232	763
686	933
111	473
644	707
924	990
63	927
748	801
917	987
72	895
254	643
74	941
322	814
251	345
891	934
951	985
255	989
871	992
769	981
842	934
350	997
474	538
685	987
354	887
40	956
477	957
125	1000
595	949
636	950
942	993
69	839
514	997
145	605
847	877
833	942
631	993
782	896
768	998
826	939
160	849
449	723
490	724
338	892
167	485
558	895
763	775
914	944
105	546
344	791
798	998
397	654
42	197
830	950
761	850
496	781
21	30
41	911
608	958
541	968
663	665
379	906
761	971
244	452
749	853
64	750
550	909
333	911
715	976
434	963
230	904
846	907
268	930
702	899
168	928
624	979
42	560
825	969
589	958
30	994
145	981
828	974
580	909
566	974
266	453
106	989
651	789
334	853
568	791
894	961
691	861
811	926
160	178
563	797
683	862
769	902
843	851
466	864
889	967
586	929
765	931
892	972
190	471
83	345
234	743
360	882
244	936
519	646
885	969
904	982
150	520
945	983
917	921
769	794
399	995
719	936
130	807
37	350
162	759
704	813
459	982
154	346
271	931
889	980
395	408
801	867
933	986
644	883
831	975
662	937
646	929
653	824
331	773
754	876
787	824
919	980
611	827
597	929
776	931
588	880
192	880
896	996
173	601
252	894
687	822
170	303
340	714
259	826
823	868
391	716
745	948
831	988
729	940
844	927
789	991
696	763
197	850
219	609
750	999
590	781
323	437
111	783
680	940
446	773
518	878
657	956
57	668
733	951
337	722
185	853
362	486
854	948
465	907
611	961
927	938
770	954
761	905
57	789
709	715
673	792
659	894
731	999
557	846
87	668
821	892
418	953
793	830
591	844
677	884
696	897
159	958
497	953
791	905
937	959
40	448
854	961
344	859
886	913
283	849
765	852
80	749
635	779
272	727
304	908
648	977
596	787
307	684
821	905
67	443
339	636
127	982
853	857
278	626
880	960
462	972
364	400
434	910
184	964
308	505
381	983
482	806
463	564
172	580
53	400
366	860
908	914
825	916
663	854
404	859
27	118
887	976
343	849
598	873
711	750
31	991
499	867
485	969
667	680
438	857
704	747
327	760
506	991
156	878
147	829
978	986
12	870
475	631
535	682
34	400
655	976
366	873
774	927
773	968
107	878
341	816
767	924
54	988
780	863
799	876
164	365
581	919
600	932
493	806
966	989
864	978
363	696
924	992
561	940
621	991
662	763
560	981
753	881
780	984
71	524
558	871
623	1000
639	981
713	930
312	586
393	696
472	989
954	992
255	991
650	995
683	943
347	994
428	653
562	653
787	1000
498	897
671	825
146	940
206	954
159	879
283	420
539	642
733	885
7	781
898	989
268	556
92	825
648	777
422	471
293	320
859	997
36	435
872	936
891	949
715	723
539	992
150	951
19	202
310	674
444	903
731	933
414	997
722	884
909	939
157	846
427	670
523	903
839	880
113	776
879	952
464	710
20	962
730	829
702	767
499	667
798	1000
335	973
536	963
825	837
508	901
786	845
772	947
703	847
367	898
749	963
890	939
331	975
614	775
36	798
172	393
287	380
58	328
605	726
911	998
154	790
228	739
608	960
599	911
299	390
821	960
413	906
499	909
719	912
738	962
531	898
897	955
602	778
220	447
767	845
725	848
188	909
482	632
402	868
591	804
520	860
561	861
142	914
87	978
288	968
725	740
904	971
463	740
320	920
894	963
345	455
517	976
195	925
253	866
542	740
368	624
855	971
44	463
832	987
436	987
568	914
697	799
783	802
251	978
58	812
889	969
686	869
149	930
873	961
448	997
294	759
244	938
439	625
926	972
727	799
836	934
280	753
137	933
472	923
571	636
722	805
815	996
975	985
47	895
625	643
630	987
387	1000
643	926
261	595
822	928
151	723
250	702
571	757
497	579
653	826
224	420
396	941
745	829
775	937
197	960
747	875
525	533
805	816
694	719
465	896
726	937
196	708
638	824
421	826
525	883
604	947
733	832
631	821
361	960
328	783
68	149
188	480
900	945
129	839
399	663
559	652
421	947
120	955
557	727
502	791
340	729
510	652
782	845
152	678
927	940
490	902
544	909
700	897
318	603
629	953
326	952
565	968
839	948
508	848
117	963
74	98
934	956
