343	488
730	897
152	920
441	794
260	453
788	838
55	987
397	953
559	786
719	738
793	953
392	794
422	902
408	738
628	741
922	959
339	638
705	961
517	910
918	961
651	846
563	733
163	799
180	214
195	980
630	908
126	880
229	335
869	961
189	936
519	582
77	880
135	821
556	851
575	864
25	397
393	564
472	857
343	743
783	978
898	965
790	937
378	929
636	699
28	816
792	983
410	652
55	195
261	529
266	644
357	762
903	935
534	809
861	938
679	934
412	819
808	819
558	873
21	934
491	883
752	924
764	978
857	940
53	886
650	876
810	865
259	991
116	942
410	894
740	769
546	940
847	868
912	997
764	870
125	883
844	984
282	951
870	892
6	558
553	956
661	718
724	774
236	956
360	497
645	895
115	666
631	997
698	758
818	823
400	835
694	787
638	892
335	854
74	261
879	954
271	317
923	997
754	959
532	846
707	847
932	965
233	964
897	944
57	967
700	844
175	959
290	680
890	941
64	862
633	790
545	906
433	436
448	973
723	949
219	921
800	903
304	965
598	917
684	957
240	980
16	269
515	919
193	868
895	911
559	962
204	734
70	276
588	616
15	983
249	921
26	354
139	231
78	221
69	401
575	798
487	685
566	978
519	866
593	852
246	973
576	619
875	915
732	866
811	930
98	994
115	934
187	285
552	935
794	963
450	924
52	60
769	906
788	919
908	984
161	232
780	920
202	943
945	987
507	761
856	915
171	812
350	814
391	815
424	763
279	345
479	699
327	830
459	986
458	761
752	979
315	941
678	764
768	923
470	1000
327	951
715	767
142	353
218	900
667	992
801	992
815	890
83	941
979	998
163	183
184	471
731	869
562	831
763	821
471	649
657	839
626	708
134	771
502	901
202	380
657	960
715	901
398	965
654	662
805	831
777	998
937	950
331	911
466	547
784	893
333	957
457	498
503	614
319	793
29	960
343	598
276	608
890	996
307	675
237	845
578	909
839	950
663	724
915	945
827	832
183	501
131	984
561	797
230	963
904	907
752	779
389	727
191	971
283	974
635	904
506	982
189	817
247	270
68	756
670	861
95	630
876	966
788	853
792	972
597	733
929	977
271	977
887	980
54	979
670	982
174	815
628	985
28	697
322	915
644	929
330	510
313	866
343	974
766	811
771	926
375	926
554	928
342	520
87	230
910	977
808	929
753	993
954	983
260	831
628	998
669	999
884	924
903	937
787	991
262	877
363	929
674	821
519	947
80	82
458	937
857	942
158	941
870	881
400	703
914	924
372	641
859	988
96	706
294	950
473	952
425	652
337	768
763	876
23	837
928	943
606	929
840	867
449	945
652	816
523	665
321	945
219	668
599	889
673	838
516	891
939	994
717	881
199	955
6	789
400	945
754	948
320	427
435	902
355	650
267	537
613	945
411	959
409	886
818	825
18	735
307	609
909	943
441	609
928	956
205	598
476	832
350	427
520	838
659	953
216	612
923	999
436	615
4	729
138	958
243	974
936	938
55	923
573	620
185	215
66	789
365	856
351	958
832	965
890	943
124	915
259	551
839	897
797	900
406	978
478	854
483	969
156	574
106	982
813	844
59	907
642	962
31	579
811	919
267	792
313	679
679	736
472	672
637	739
480	792
108	920
801	847
383	859
341	862
649	978
360	875
547	967
63	854
426	677
679	857
642	975
301	682
755	852
80	942
520	985
957	986
49	811
887	927
899	981
871	919
857	984
829	922
311	996
655	806
625	863
336	760
19	824
41	583
238	639
764	914
263	403
461	647
70	991
364	943
460	688
979	987
616	935
41	704
831	860
440	938
574	938
32	655
660	978
794	978
849	877
444	599
796	987
395	414
451	989
363	876
468	929
905	930
550	702
720	884
267	350
766	1000
310	720
604	938
865	979
400	650
391	830
963	992
555	938
715	890
225	245
230	360
395	427
653	951
518	763
652	992
738	995
237	484
333	946
186	667
888	939
565	959
17	602
633	834
302	734
860	998
953	960
175	666
87	782
221	782
188	605
647	890
719	729
886	906
927	944
316	790
407	908
608	898
184	607
354	493
800	839
601	895
114	511
457	850
281	624
401	955
816	968
2	980
222	983
258	677
239	398
120	972
637	673
655	727
765	858
102	285
809	901
929	966
695	799
147	930
804	971
408	971
191	973
807	976
311	809
705	965
746	966
685	727
179	855
598	987
940	953
832	925
255	850
978	979
774	920
952	963
575	976
368	912
459	801
780	856
76	474
77	884
567	748
820	928
704	982
105	165
468	742
808	810
959	979
180	689
741	985
768	859
4	463
891	929
354	990
743	802
789	918
549	936
254	759
15	248
796	813
686	941
625	931
537	818
197	898
412	823
439	926
33	238
604	993
442	931
791	819
166	767
775	996
995	999
544	834
103	603
172	962
925	940
39	847
782	891
823	929
501	878
9	941
666	945
844	988
173	783
434	824
860	932
533	537
464	703
777	934
763	999
23	960
620	950
666	837
72	327
663	768
714	999
547	593
772	940
703	840
596	714
320	550
159	898
525	955
117	901
98	622
280	370
109	488
417	604
529	845
790	849
191	786
158	609
297	953
8	850
434	958
916	961
709	897
291	909
115	912
65	337
389	663
293	689
127	922
283	910
94	745
388	963
157	276
794	833
758	910
568	786
821	966
688	851
957	975
635	961
186	869
660	725
730	969
637	741
848	961
378	746
892	967
327	929
165	867
795	805
183	921
780	911
480	915
282	405
493	854
801	970
572	918
284	451
643	798
555	685
912	922
889	975
975	978
741	811
116	988
278	821
672	977
801	862
369	939
498	824
160	765
632	760
342	698
540	942
469	473
413	578
160	657
528	824
500	991
720	994
742	753
546	878
145	534
852	921
912	935
230	349
455	696
713	991
446	876
69	660
490	653
550	704
90	719
76	784
645	712
749	769
9	767
564	989
160	899
812	825
572	584
777	989
474	951
559	766
196	714
289	905
411	787
656	820
823	997
661	898
944	994
99	902
314	561
723	766
492	604
189	795
221	784
357	379
929	955
60	277
225	610
684	895
59	843
591	852
603	906
792	842
360	919
580	959
184	959
230	846
445	734
1	757
918	954
513	905
895	970
94	921
355	962
910	955
670	973
431	462
207	983
329	680
637	796
26	642
366	976
443	967
176	852
503	981
621	973
813	914
436	927
790	930
263	447
554	919
249	283
719	986
873	901
878	979
795	981
910	968
951	969
533	981
693	970
82	816
486	640
852	963
296	745
829	979
526	978
625	691
243	360
588	809
257	938
208	753
282	702
226	807
616	992
803	818
137	994
252	715
197	779
893	977
511	646
409	635
653	995
644	946
456	895
220	884
13	820
631	869
851	872
259	997
923	977
171	884
653	887
859	992
900	993
229	825
303	774
592	648
3	253
8	597
770	883
527	896
341	477
673	950
184	530
428	890
648	893
629	651
548	955
708	944
768	995
988	998
518	820
770	775
538	654
460	1000
196	890
537	954
793	880
517	716
489	883
916	950
453	960
351	949
184	543
134	951
772	942
918	996
818	829
548	968
890	934
331	970
334	716
86	385
886	963
278	555
190	213
723	942
33	495
161	909
463	493
936	942
196	903
595	612
779	958
316	968
696	960
511	914
371	611
133	968
477	512
134	375
339	807
471	963
719	799
806	953
126	928
767	961
119	925
554	853
347	560
493	843
10	874
156	928
794	956
852	897
306	872
521	797
366	923
3	871
688	974
801	851
644	867
322	853
473	756
189	997
495	515
882	924
461	638
350	807
625	746
919	964
518	620
556	912
850	864
201	455
151	826
720	983
54	930
604	808
411	413
409	569
576	746
774	990
850	985
32	767
706	977
623	942
664	980
34	813
903	996
377	886
451	872
979	991
963	983
660	982
178	713
577	947
618	985
766	883
838	988
914	983
784	873
421	821
467	937
589	634
761	889
208	713
923	924
749	771
279	593
798	929
531	814
963	996
99	662
701	996
310	845
516	950
736	953
92	888
529	889
763	827
205	765
532	894
518	996
358	778
559	768
946	948
425	953
318	827
323	905
579	602
455	832
823	999
288	426
367	719
523	966
149	725
811	844
943	1000
117	958
356	974
538	951
772	889
694	969
241	435
416	961
531	948
435	974
806	887
302	859
388	899
825	900
382	559
524	908
739	833
629	961
703	910
482	911
572	841
677	894
253	795
593	900
161	977
235	926
769	833
586	860
396	736
272	966
360	813
387	916
574	742
598	870
447	674
168	993
369	754
864	962
327	986
129	513
924	976
799	981
439	675
90	292
752	906
540	986
172	590
722	734
732	927
28	811
33	926
671	917
831	906
198	993
762	806
868	973
577	989
475	978
347	978
359	803
185	650
947	973
713	806
537	580
877	914
495	583
613	804
384	981
563	983
155	929
81	714
199	935
218	948
166	758
562	758
116	937
553	938
537	930
108	524
523	537
555	984
379	758
365	594
29	645
764	865
43	314
48	658
650	992
268	661
840	860
652	809
325	414
583	938
757	825
638	645
435	774
316	594
624	710
388	699
555	876
643	989
756	866
816	880
613	817
112	535
351	817
296	881
824	1000
543	987
777	925
722	989
469	543
231	900
312	596
840	981
611	892
757	946
471	589
710	871
849	949
761	836
511	661
103	607
610	640
515	780
601	820
886	952
738	825
927	990
187	951
803	954
402	610
379	892
1	680
513	828
633	893
430	830
302	793
83	197
459	484
404	548
918	998
804	896
427	909
482	616
721	898
485	887
8	962
718	829
522	954
66	674
346	957
57	854
360	626
640	909
483	962
390	734
821	957
168	806
536	973
584	721
429	847
186	860
547	839
426	549
560	778
395	970
871	899
475	670
600	850
801	840
378	508
278	570
363	614
192	503
505	963
257	861
380	968
17	916
862	971
619	984
223	984
655	678
690	864
329	858
576	735
755	966
75	978
107	930
146	858
440	810
426	912
63	860
926	969
711	815
838	856
26	712
884	972
595	869
70	984
199	869
89	997
409	450
859	915
179	927
676	979
25	460
398	705
57	412
659	746
535	976
488	635
391	931
570	933
611	934
234	984
745	934
468	922
605	631
374	469
720	877
67	992
277	536
507	998
39	664
639	925
358	646
256	598
25	702
756	921
720	998
164	780
356	950
337	708
359	992
703	765
870	942
823	867
754	996
391	944
652	985
91	423
256	490
94	428
425	942
544	893
1	614
777	872
37	833
419	898
656	811
675	824
143	963
418	939
201	941
374	832
393	882
608	770
139	965
395	891
851	942
37	954
298	958
647	883
812	950
911	929
107	609
681	881
712	719
848	994
75	778
723	999
219	971
272	834
131	858
814	888
582	730
499	961
144	504
691	902
770	966
225	614
786	910
642	902
494	738
210	979
545	969
526	727
760	894
503	972
201	378
693	840
598	980
276	966
773	954
809	907
929	972
211	692
290	985
887	975
637	800
526	969
655	854
551	733
778	924
308	746
487	977
201	620
877	903
459	915
114	880
595	924
892	918
795	985
357	988
274	990
444	876
801	921
78	297
363	695
803	930
863	981
412	816
351	577
442	924
48	539
650	873
851	863
378	939
648	763
13	932
951	986
522	809
847	865
488	932
414	754
928	938
515	540
606	924
587	645
248	950
643	991
522	930
756	868
646	996
458	945
332	540
376	583
133	596
754	943
614	640
160	958
817	999
668	876
266	307
906	933
937	1000
395	717
288	591
708	948
779	828
531	763
828	949
222	910
693	761
552	556
557	900
790	842
642	715
224	727
301	422
779	949
144	209
38	951
217	953
673	967
15	967
423	792
436	731
656	771
353	962
950	952
315	441
67	376
130	432
797	895
401	895
883	898
621	898
404	900
21	610
496	903
72	575
470	621
406	865
982	998
794	947
142	792
651	898
133	972
209	967
228	980
1	937
665	917
351	498
86	981
463	739
254	565
22	996
820	976
551	559
938	968
877	958
530	621
460	791
680	794
413	450
321	632
540	935
581	973
372	799
405	747
680	686
215	586
541	756
338	693
530	863
172	889
158	991
39	774
185	828
653	933
823	856
155	168
284	807
671	987
36	476
588	989
844	915
267	345
21	878
53	830
185	949
97	836
358	877
413	584
456	954
638	702
817	933
398	949
458	1000
351	874
631	928
227	838
791	880
400	995
138	995
611	949
738	990
27	669
168	608
335	785
677	751
847	933
888	934
907	947
5	92
478	541
824	949
20	895
180	884
92	1000
221	885
818	875
923	928
386	952
839	934
536	896
723	759
2	962
117	949
394	668
707	899
600	773
812	952
930	944
286	613
566	896
5	334
10	449
483	898
87	898
87	669
563	598
661	904
397	831
481	973
883	953
693	829
151	280
918	947
298	973
355	955
275	437
104	555
257	797
725	902
799	851
804	966
752	776
628	969
554	791
705	960
369	974
534	553
16	334
114	869
91	922
889	902
56	635
317	676
952	958
616	972
390	925
431	926
577	751
172	702
342	625
391	746
570	748
726	736
456	875
616	864
487	979
506	992
542	915
192	802
197	880
183	982
835	908
329	807
158	925
249	289
273	646
42	979
548	585
732	931
41	754
382	818
65	882
935	967
453	698
852	969
172	944
650	983
488	921
782	873
548	706
83	643
657	878
803	932
233	816
627	972
140	359
183	995
164	716
747	808
222	657
595	939
708	816
933	934
275	934
847	867
692	993
893	983
571	932
617	819
648	886
111	947
928	940
408	416
248	952
363	939
622	641
659	937
395	598
942	996
449	834
757	950
497	996
851	999
441	835
568	647
213	419
204	599
457	550
30	971
682	897
57	845
258	835
566	951
712	776
304	722
298	907
11	850
85	799
214	684
520	956
649	841
814	945
695	728
629	899
499	789
270	966
526	892
994	997
223	625
880	895
547	951
43	923
478	851
464	953
524	967
739	892
307	969
100	676
494	566
232	795
576	605
452	569
484	787
737	967
957	970
271	679
651	900
147	872
439	492
408	913
246	851
320	800
232	916
741	793
820	857
190	690
479	564
88	908
616	798
476	495
637	857
7	690
549	744
177	872
163	974
600	975
383	977
234	854
253	867
63	972
192	628
808	860
197	706
114	937
348	875
838	968
535	967
31	939
153	636
452	932
842	858
42	805
892	975
933	976
372	451
831	965
248	644
690	989
454	978
866	922
86	996
287	757
667	978
378	875
861	992
124	470
284	459
432	586
430	513
299	996
660	975
720	989
835	976
434	632
379	696
186	530
291	583
549	878
342	814
488	868
815	997
465	884
234	988
265	301
108	583
710	917
891	992
803	879
849	995
355	460
425	933
819	860
549	999
606	981
694	828
532	766
352	835
38	416
296	940
59	704
496	705
927	928
397	699
429	651
641	830
833	1000
244	605
188	710
436	546
890	982
909	995
2	25
779	885
839	936
369	492
709	826
131	849
860	995
356	967
793	941
177	672
256	965
6	36
295	664
897	998
112	957
473	670
506	618
712	723
629	954
150	431
394	791
399	906
200	962
286	736
19	621
676	891
45	795
20	213
22	811
70	559
373	745
151	403
752	778
466	909
39	576
259	616
660	896
49	513
799	974
563	734
810	840
232	863
77	989
540	750
451	678
396	742
373	987
808	915
725	917
678	805
287	920
498	874
468	968
924	982
729	743
338	858
646	974
665	987
252	589
838	915
783	979
141	758
14	882
396	984
570	871
179	986
776	976
449	581
555	977
316	466
546	928
306	946
326	861
653	990
245	936
56	771
735	800
102	887
840	853
69	710
499	523
191	407
845	931
803	934
696	808
384	987
24	415
626	749
141	1000
939	980
227	774
617	929
958	993
722	982
923	972
37	879
735	921
518	923
495	939
118	952
379	993
167	585
847	869
258	474
626	641
529	937
68	313
92	707
768	990
72	203
724	883
421	882
145	947
71	769
921	939
368	467
860	929
482	717
110	845
573	606
825	827
66	775
406	843
387	601
846	886
557	783
918	991
744	838
568	649
724	896
283	894
448	732
640	902
753	779
104	370
758	894
90	206
601	947
293	565
503	789
267	778
594	907
593	948
404	783
266	553
712	899
688	956
295	732
88	668
454	496
693	778
593	840
752	833
862	964
282	389
237	912
182	976
619	977
801	954
875	903
737	969
919	946
36	104
233	389
706	838
293	928
581	843
88	910
606	607
649	977
762	854
767	969
82	866
123	867
632	744
150	512
375	859
103	171
259	913
553	636
341	982
470	867
561	985
375	980
609	918
72	942
53	700
268	359
400	515
787	924
207	349
344	583
863	919
968	972
356	822
683	988
442	633
259	926
856	916
474	585
424	993
671	870
701	749
213	931
488	870
518	978
710	919
624	650
844	919
701	870
687	935
122	668
777	865
68	139
909	984
40	306
694	830
721	933
380	640
3	424
858	938
723	750
57	889
580	930
714	930
538	704
340	948
804	823
793	930
55	735
476	994
490	663
916	1000
728	949
365	897
43	846
501	943
279	830
513	997
193	561
17	830
740	959
881	935
523	961
600	656
39	94
985	992
443	709
52	558
2	966
575	599
681	995
684	1000
235	908
450	833
235	679
749	900
67	314
526	828
108	840
80	741
508	959
167	666
406	911
290	965
51	454
491	726
207	967
587	959
774	785
127	974
369	736
682	967
649	790
285	513
174	682
774	906
452	626
672	895
584	782
850	901
561	798
552	978
440	508
142	851
73	980
370	449
521	618
746	965
518	549
333	503
697	965
119	988
301	965
678	686
755	906
606	783
690	925
951	966
789	904
780	855
683	922
727	965
565	866
551	739
36	293
60	650
187	691
674	809
155	924
136	645
460	971
859	976
878	989
74	935
242	519
844	853
849	931
66	293
866	871
420	525
731	912
680	866
949	990
921	928
923	974
100	412
485	748
817	992
830	931
995	998
487	528
833	936
153	948
161	772
395	710
802	805
209	705
467	1000
15	839
82	371
881	990
573	837
688	824
853	891
550	890
797	996
126	791
508	893
580	998
217	946
635	934
915	988
194	962
587	893
325	893
594	788
84	952
263	954
54	551
441	960
265	963
938	948
341	729
998	999
795	899
125	552
484	899
883	904
24	914
202	920
362	909
482	974
540	915
820	969
140	981
957	974
597	668
271	912
651	904
771	969
351	383
790	982
873	953
553	746
162	861
294	751
882	921
90	692
241	861
898	902
875	918
264	993
317	856
625	743
239	936
63	976
164	762
893	908
452	936
386	582
732	990
905	918
371	984
305	630
398	821
356	824
731	738
543	916
667	982
842	983
928	986
798	913
858	927
495	875
118	659
627	802
539	918
310	829
879	986
161	477
823	862
872	983
624	881
209	639
674	998
425	937
948	978
43	606
459	521
805	929
4	880
782	945
23	893
694	832
881	924
363	998
44	952
481	953
374	827
830	878
626	819
934	935
151	260
139	960
455	937
937	940
438	475
173	958
930	937
737	771
797	822
93	440
230	711
906	994
101	560
6	966
137	254
703	894
950	1000
91	781
941	951
748	758
681	768
937	953
672	884
677	999
589	886
869	940
514	712
887	957
305	309
70	671
433	494
121	902
644	677
575	843
690	793
676	895
776	833
5	461
211	795
940	941
651	838
164	454
961	1000
438	730
369	859
415	975
47	579
575	964
112	974
910	954
887	970
577	744
250	386
727	954
171	736
419	572
584	905
773	841
704	970
644	690
468	959
506	985
822	962
500	911
780	965
439	672
144	754
185	755
264	819
685	849
509	623
665	870
632	693
53	986
884	914
567	978
206	935
285	999
541	925
641	863
659	917
571	575
791	807
958	984
125	754
192	929
687	871
444	884
666	704
349	997
798	860
858	874
223	363
818	923
942	989
680	989
31	543
413	645
108	763
710	868
830	933
539	986
305	819
594	656
310	897
511	658
846	877
298	779
812	1000
946	1000
550	1000
580	879
888	995
712	769
846	998
13	14
450	769
395	833
818	936
12	543
81	148
3	723
368	592
874	952
552	901
698	992
772	941
309	951
739	764
68	559
730	944
312	956
334	715
260	500
807	898
655	770
448	965
167	952
723	941
38	838
566	957
373	791
706	708
799	899
188	782
64	975
72	570
204	726
144	446
278	675
517	957
686	729
718	947
982	993
665	791
871	896
637	729
931	947
526	898
567	899
741	786
484	901
245	390
126	927
170	970
285	920
357	796
582	914
15	49
507	740
479	678
732	858
551	783
561	976
368	847
583	735
836	915
500	966
574	915
394	984
442	732
810	899
669	923
366	922
889	963
501	558
671	969
789	961
140	286
90	694
632	748
403	925
348	989
838	853
898	904
777	843
581	968
903	982
245	982
534	856
861	985
50	514
437	694
762	979
550	571
440	699
257	992
747	856
428	810
120	465
433	925
493	976
364	825
372	915
974	983
872	972
146	868
321	869
159	807
252	998
164	885
236	761
585	915
664	979
884	982
240	880
708	985
358	643
652	861
550	813
32	887
632	882
186	536
20	769
97	952
138	990
826	869
8	880
211	421
629	934
92	995
837	883
620	885
229	1000
707	773
127	952
305	995
277	896
220	362
758	940
44	136
832	889
785	814
367	826
582	714
936	983
573	894
633	945
848	870
894	986
218	437
42	248
97	147
244	840
13	190
744	897
16	195
582	835
494	722
200	955
596	891
128	557
307	788
463	776
325	842
209	896
765	848
214	974
795	956
148	391
670	961
30	106
871	951
26	630
716	848
172	684
366	735
686	905
792	843
79	907
137	848
142	963
274	853
174	915
246	791
572	961
658	964
892	902
699	736
868	959
154	155
236	453
12	974
530	671
122	580
306	926
460	841
639	843
658	856
704	972
487	974
924	975
486	749
431	813
866	970
678	919
714	734
530	913
227	875
442	800
861	932
212	523
905	975
495	811
467	978
608	688
720	929
453	585
623	996
318	397
254	870
777	911
768	862
64	480
437	991
715	935
935	975
103	822
409	636
851	981
216	470
330	986
349	999
779	812
522	927
30	953
742	930
253	473
198	537
406	715
544	945
585	983
714	868
920	936
601	927
900	994
600	702
316	943
471	588
710	870
42	411
489	871
71	883
615	946
854	999
969	986
325	655
779	825
724	889
283	887
200	889
575	766
654	830
728	779
681	933
455	886
964	992
334	825
224	953
480	650
485	994
793	881
256	905
316	956
490	843
88	540
346	835
258	722
695	723
656	997
744	844
931	936
17	781
490	964
438	774
195	787
718	828
52	967
391	433
910	998
607	960
146	373
640	908
822	885
323	972
161	910
546	721
307	964
300	961
336	618
556	887
396	669
919	939
855	954
693	892
500	726
54	905
670	908
274	908
502	506
908	965
801	839
547	959
385	860
421	554
665	914
558	788
329	965
885	954
926	955
683	968
320	916
815	858
438	908
190	806
405	731
424	744
162	973
726	786
118	637
238	739
766	858
659	732
755	965
306	873
873	957
826	845
759	855
358	511
831	960
123	873
646	914
747	966
48	470
667	973
386	694
680	683
960	966
509	801
944	958
836	930
877	968
835	971
217	629
451	981
611	933
812	923
55	715
715	990
627	914
849	990
117	812
425	928
689	974
243	887
446	758
886	993
481	944
369	474
541	995
539	922
955	985
270	882
757	1000
135	428
434	761
341	533
487	587
566	880
327	369
681	867
948	982
268	957
703	885
242	941
182	661
316	890
179	592
423	723
205	995
996	999
619	783
336	431
828	893
268	970
510	998
670	721
383	893
765	958
635	885
318	949
841	953
339	971
69	329
594	968
271	958
519	794
885	888
40	796
697	837
650	725
361	622
194	216
718	896
377	566
179	847
252	571
169	802
213	845
433	848
405	786
658	966
553	684
317	673
850	907
165	804
912	967
60	643
266	977
178	864
623	985
102	761
220	982
528	869
701	797
431	936
654	685
208	864
227	877
414	969
851	970
376	448
763	857
441	577
372	743
569	991
178	877
544	934
942	980
501	749
215	880
798	972
657	996
916	927
816	989
935	977
733	991
681	801
194	713
183	295
707	709
605	927
58	300
517	814
677	803
911	970
135	483
902	921
208	998
244	655
409	988
805	988
964	981
603	709
11	834
489	873
976	991
673	953
679	704
846	881
688	938
971	997
608	945
390	722
188	773
964	994
72	332
512	604
737	951
897	940
313	889
36	86
390	843
959	1000
931	938
707	964
691	956
42	547
135	738
484	892
813	838
472	545
269	445
136	559
246	956
875	898
111	502
938	954
357	908
73	920
618	720
461	736
33	969
46	908
762	849
822	900
128	977
200	328
546	736
903	973
741	911
378	859
42	910
878	916
456	927
831	841
509	790
627	782
720	973
370	860
664	849
810	903
870	917
823	842
914	960
685	908
234	972
146	859
729	914
736	809
507	986
212	809
298	583
523	930
110	532
220	929
233	868
393	857
467	806
162	170
580	683
631	914
717	917
304	519
870	930
823	855
9	867
289	884
335	1000
321	873
756	801
76	776
791	987
708	989
381	594
647	979
721	928
881	917
518	865
591	818
407	997
462	704
104	996
489	807
162	412
439	986
464	750
455	930
4	994
656	920
620	997
578	1000
430	873
330	935
793	925
677	979
751	928
742	879
781	807
313	473
318	817
65	371
15	779
459	527
510	987
501	938
647	992
867	995
462	946
751	820
79	656
681	990
552	839
901	993
304	774
937	946
367	830
334	653
513	884
821	1000
848	874
853	952
556	702
795	947
225	831
8	79
552	731
357	492
890	992
274	723
45	900
628	955
210	967
177	790
306	675
503	960
484	718
451	541
179	836
482	793
31	857
499	962
774	901
581	772
309	313
278	734
773	942
551	600
778	791
393	428
764	829
521	842
218	804
746	960
283	970
603	911
759	899
454	788
225	965
560	955
40	919
750	786
655	963
218	925
873	893
674	912
970	974
242	272
250	621
141	863
172	930
249	396
562	627
330	735
803	918
337	630
958	977
562	977
634	853
317	917
449	807
239	997
132	871
951	974
527	875
731	907
909	913
391	987
410	1000
210	646
47	130
392	579
122	718
309	810
340	877
534	928
284	753
605	808
622	977
673	942
593	690
634	987
155	235
522	931
66	651
508	996
649	706
816	883
607	709
617	939
109	469
270	831
793	872
99	949
319	952
170	829
332	662
552	894
496	770
110	963
191	659
834	994
121	829
276	888
651	765
785	994
174	611
427	791
273	324
691	837
176	657
938	943
387	840
874	958
505	832
771	951
642	837
829	892
259	776
283	904
658	781
167	958
883	899
24	909
454	493
339	920
111	504
759	954
919	943
982	999
357	910
54	909
169	630
328	623
149	917
842	844
386	564
424	856
465	857
88	907
229	617
437	566
509	671
607	977
789	954
384	905
558	792
2	574
549	972
796	849
395	505
326	671
152	518
625	738
652	841
113	792
836	921
632	862
525	736
241	977
497	674
461	751
212	690
284	795
143	819
358	515
531	672
743	851
784	852
866	921
599	806
948	960
67	982
590	986
750	975
502	644
763	914
648	698
265	408
449	983
242	690
385	998
775	924
921	978
819	967
678	991
879	981
593	624
419	996
653	934
955	976
355	688
102	242
145	878
448	650
907	935
170	642
805	924
750	988
557	822
505	632
152	773
501	927
320	586
707	766
886	997
944	975
407	999
439	988
371	524
268	840
694	948
334	642
895	938
532	886
936	976
853	941
894	979
586	597
897	984
830	994
30	904
336	422
346	881
654	997
10	666
612	1000
772	989
698	811
18	786
601	878
325	943
614	817
127	958
765	949
751	822
603	658
811	836
797	938
340	958
238	422
818	997
675	948
279	948
980	995
162	548
198	959
869	935
24	843
84	894
588	656
973	992
684	889
475	486
366	957
77	854
292	779
639	823
243	328
299	674
574	613
598	970
711	847
475	836
810	826
347	836
548	560
415	970
514	949
701	775
250	610
871	957
494	970
820	911
138	554
699	850
308	965
437	850
778	914
46	736
679	908
393	551
549	798
678	683
234	908
652	667
671	909
891	912
24	280
494	983
53	752
273	755
947	965
551	965
740	864
215	521
123	932
411	810
134	798
562	979
777	904
419	930
548	815
441	689
474	637
620	920
859	973
380	450
239	999
421	747
729	863
374	406
673	931
76	712
296	981
420	522
497	742
590	933
483	807
414	973
870	987
708	925
823	912
7	60
740	877
349	992
297	573
550	753
333	984
784	920
527	998
16	819
267	401
511	761
95	294
854	871
231	892
812	874
724	990
853	875
471	581
22	489
495	938
200	761
654	931
392	931
203	766
516	997
717	987
587	648
707	942
289	954
812	995
311	713
927	982
911	974
228	715
971	988
425	1000
700	939
786	942
323	952
846	993
610	982
216	597
703	944
656	869
243	959
881	987
237	656
839	990
880	991
112	890
714	995
84	828
392	944
915	985
628	891
399	839
545	893
223	842
388	946
80	793
658	770
864	875
828	952
387	950
781	877
239	557
827	993
464	941
44	318
288	944
885	934
744	958
904	947
114	562
661	960
755	824
600	950
779	952
383	952
452	557
56	328
602	996
693	885
247	539
899	953
832	963
940	991
193	976
567	894
144	562
97	450
368	721
247	660
660	829
202	917
926	948
47	979
759	956
762	961
421	439
665	799
764	778
567	907
732	974
4	272
726	900
759	848
745	913
110	402
569	687
882	918
442	848
631	784
722	902
281	930
437	918
597	907
187	743
132	807
472	912
57	633
375	979
497	676
857	982
254	918
340	692
634	910
56	933
446	859
845	864
831	966
891	980
624	865
217	743
750	977
326	915
418	918
270	754
578	870
944	964
132	820
440	936
830	862
434	862
453	875
921	980
558	928
332	585
175	867
895	927
399	760
416	700
825	868
392	757
529	762
837	878
821	870
182	883
490	999
619	884
797	927
902	980
415	596
203	942
915	919
920	997
598	717
837	999
535	634
476	993
751	932
173	955
176	701
770	945
846	940
906	991
40	547
325	945
48	142
867	999
397	821
121	886
811	838
841	946
371	768
697	709
480	940
917	941
134	303
306	558
773	933
556	935
897	999
272	947
351	422
820	900
283	961
451	774
965	995
841	959
882	960
555	602
563	722
549	787
213	609
719	969
889	892
686	792
792	959
212	384
262	730
107	856
19	743
91	94
327	859
421	494
720	790
604	615
628	972
829	962
452	746
778	916
905	957
514	843
82	920
780	962
260	926
301	964
755	905
372	844
97	639
859	962
124	513
19	985
146	797
836	978
775	968
613	906
954	970
747	906
590	922
865	898
507	924
567	975
67	100
437	865
946	971
796	919
942	973
246	452
294	937
333	865
302	532
481	763
558	983
659	806
309	922
244	298
323	591
610	621
909	917
565	878
504	868
182	817
509	983
438	514
206	945
522	922
333	757
429	465
200	642
453	822
360	594
668	747
286	416
888	979
502	943
648	997
399	707
638	989
233	940
374	879
816	995
599	997
814	922
953	1000
194	948
615	712
196	994
344	892
113	996
319	835
346	938
888	992
423	892
901	931
188	766
496	882
790	834
554	823
139	315
880	993
663	995
360	957
575	882
635	933
916	946
46	538
528	541
533	885
874	949
574	657
813	939
408	890
790	955
251	943
533	777
445	893
827	995
87	956
885	936
482	960
683	950
466	723
493	597
778	958
410	562
855	949
373	909
931	944
361	562
364	567
382	850
476	485
29	210
713	842
840	883
470	855
335	630
384	788
711	917
590	856
755	960
177	983
787	912
873	952
501	555
33	975
756	781
926	963
67	973
203	568
249	455
636	864
419	866
73	229
639	906
840	896
861	982
437	920
743	963
577	930
296	917
516	920
153	868
631	907
557	692
353	633
14	938
159	804
849	985
742	859
967	977
268	939
865	966
488	979
925	980
376	509
548	993
624	988
541	990
714	918
860	972
282	995
626	805
879	985
515	937
97	949
441	759
251	864
393	984
340	828
804	932
499	821
848	975
779	875
828	996
487	703
920	999
340	949
376	643
59	936
436	657
207	834
205	990
725	760
298	952
265	775
526	816
322	757
126	845
217	1000
869	926
695	773
610	931
510	993
6	965
191	947
688	999
499	834
614	821
182	898
223	899
880	940
302	963
517	888
589	993
341	891
401	942
943	996
795	832
299	665
767	770
582	724
320	953
977	994
306	789
875	946
264	792
639	706
456	733
169	676
609	948
769	937
447	886
669	733
424	902
503	966
432	497
377	561
506	971
514	832
417	899
444	736
260	915
203	381
857	905
61	971
396	961
685	835
878	964
74	681
354	964
165	799
68	866
287	910
829	964
366	974
309	440
327	982
720	913
319	340
79	99
81	697
557	626
144	982
433	856
625	797
757	916
297	443
789	905
393	905
627	843
539	959
692	972
659	795
497	733
631	733
617	798
129	980
69	700
668	736
847	967
659	916
562	983
629	744
763	973
152	819
638	978
275	926
812	865
817	980
140	701
608	806
916	922
814	911
525	808
833	924
645	873
137	403
328	937
925	927
587	868
867	922
173	999
930	978
696	811
687	991
888	981
133	819
124	999
55	899
793	865
834	866
112	881
186	830
365	832
487	529
695	707
717	991
629	878
670	879
876	984
568	639
614	984
196	996
614	755
719	771
705	873
145	950
767	933
1	905
87	945
357	540
785	987
399	951
691	830
111	255
718	933
520	948
547	822
959	995
153	602
91	956
688	946
180	476
586	898
383	835
190	669
262	774
162	836
718	825
500	831
51	739
348	962
100	897
315	785
716	900
903	955
581	941
755	828
572	892
37	319
518	592
181	741
982	992
478	964
232	908
672	951
264	860
787	901
52	977
745	904
93	749
96	266
44	564
646	898
202	921
21	846
819	826
125	903
903	968
166	446
713	844
146	962
82	977
197	927
849	853
95	916
112	331
153	857
631	896
851	899
488	847
433	911
823	837
419	747
565	801
157	747
336	978
124	570
344	573
325	331
443	552
302	576
431	986
103	632
717	791
111	981
837	856
782	920
326	677
465	984
532	745
105	449
377	871
382	986
830	853
833	858
590	871
227	819
955	969
705	794
550	920
967	979
566	635
750	981
328	992
543	917
818	856
601	858
496	576
50	984
573	759
490	761
682	931
71	814
902	971
921	984
277	882
422	748
807	818
163	753
503	821
85	833
420	823
814	979
1	839
909	987
568	694
355	815
797	931
181	662
649	767
809	985
98	893
390	772
813	875
195	947
489	936
973	985
596	998
472	474
783	824
260	554
788	939
922	939
512	775
880	942
855	885
841	950
82	898
371	772
554	893
20	434
79	785
753	958
560	829
384	603
563	834
764	824
623	848
31	973
199	786
378	788
47	917
205	308
743	886
676	896
257	912
618	891
136	622
669	856
796	897
773	950
789	894
954	961
692	961
623	861
562	622
405	904
597	845
905	961
946	962
236	802
623	982
783	971
722	961
430	789
523	751
132	866
555	969
775	972
654	682
98	464
530	912
805	851
230	620
326	853
25	861
761	929
84	687
392	803
805	972
342	982
612	806
648	988
923	964
675	862
95	287
303	990
578	929
344	762
793	854
440	995
407	818
816	986
673	937
404	749
631	977
675	983
749	932
909	921
513	921
156	539
904	927
314	832
126	781
874	940
189	837
353	945
876	986
347	642
572	989
149	657
498	545
709	994
506	894
73	783
389	760
223	956
364	666
737	948
612	953
785	881
274	665
204	835
686	838
487	894
734	771
945	954
365	379
389	773
326	424
534	602
262	897
157	615
639	655
330	543
127	443
25	432
679	956
118	394
7	792
359	722
130	899
507	620
312	610
78	443
892	956
17	204
225	907
132	679
674	962
882	911
269	913
305	607
442	841
683	967
516	561
815	857
861	973
652	836
22	403
747	844
76	639
296	908
731	836
543	785
273	924
653	916
754	968
432	688
132	921
589	608
527	696
558	800
365	634
824	919
865	957
534	857
465	986
960	965
366	455
583	978
236	870
678	986
620	981
914	970
504	806
526	565
932	987
11	873
145	873
314	416
28	59
444	940
967	981
529	984
367	922
647	976
17	809
797	920
396	576
640	936
714	922
79	411
617	989
703	992
510	863
73	825
169	304
955	984
130	349
438	465
333	937
429	874
811	939
869	917
767	869
496	820
582	823
568	925
909	989
702	925
788	928
908	993
89	661
586	713
825	995
591	828
718	869
85	956
809	987
304	1000
514	581
901	990
101	900
758	941
918	930
818	992
725	764
255	586
730	879
163	997
237	946
581	756
595	654
586	834
980	990
762	767
753	947
99	194
114	731
369	957
47	677
621	949
748	990
643	708
233	315
697	944
466	782
457	962
231	619
65	852
662	842
178	500
543	598
262	844
308	960
778	909
165	911
454	785
882	966
734	839
558	842
144	973
39	691
102	976
831	893
657	969
509	842
657	740
729	845
192	906
80	170
324	796
692	963
530	901
623	863
222	519
392	442
870	969
653	971
405	906
83	855
905	963
5	935
729	737
756	840
687	969
26	994
171	860
553	925
418	966
270	802
27	815
296	976
483	802
142	509
703	805
694	985
331	933
532	923
485	848
867	913
564	912
531	735
911	956
448	700
742	918
687	982
272	740
230	743
78	874
421	984
709	862
800	980
332	646
337	990
700	813
937	985
147	600
256	772
346	931
406	716
698	861
739	862
772	810
983	993
62	125
462	998
424	477
594	888
234	582
258	939
468	520
681	813
698	982
918	985
978	999
133	944
785	870
353	947
513	936
876	988
892	932
542	819
660	811
211	719
579	886
769	983
265	955
480	880
919	927
465	491
864	991
437	658
542	711
473	840
426	765
178	434
651	883
637	948
871	886
375	948
829	889
540	786
831	935
418	537
280	832
706	940
123	619
431	735
150	493
989	999
264	972
105	427
377	620
643	776
385	740
319	386
219	448
274	909
310	566
544	733
829	902
254	671
562	787
567	902
826	833
659	841
764	894
571	728
488	959
903	972
9	732
611	800
756	895
580	669
442	964
244	454
226	851
548	636
336	982
148	931
275	972
486	926
906	960
842	975
334	505
69	988
377	875
499	572
569	816
481	932
337	695
557	698
636	991
240	991
629	803
689	854
895	922
237	693
495	988
814	970
478	755
846	922
478	526
152	999
666	991
242	929
388	983
902	975
962	989
263	988
384	460
804	817
540	707
913	989
448	889
916	994
626	932
390	884
758	822
628	712
292	763
484	704
118	317
436	892
422	994
651	817
719	951
176	938
591	951
699	713
897	994
341	776
597	702
753	949
159	476
973	989
35	669
862	892
567	944
350	946
245	435
603	897
965	990
817	826
885	997
255	830
394	908
116	900
859	944
592	600
344	498
297	423
560	833
159	489
122	570
433	957
323	331
101	218
905	952
476	546
863	955
13	556
99	559
58	972
312	559
336	916
25	731
423	511
326	844
745	976
729	968
425	971
458	919
120	860
735	904
661	689
900	971
41	981
564	793
294	932
724	745
379	976
723	786
497	968
428	868
870	984
779	802
729	981
300	804
888	974
648	992
894	910
311	589
129	289
76	951
728	877
84	812
915	969
247	281
376	920
491	641
848	915
512	700
429	931
811	996
492	758
767	926
473	479
693	748
101	607
441	941
614	869
581	692
212	300
415	888
74	595
695	942
362	998
458	477
480	990
180	469
204	826
691	944
850	937
748	926
588	708
674	711
154	187
785	993
169	724
568	995
86	955
494	780
619	960
584	939
616	891
239	904
795	893
896	945
982	985
560	996
445	780
739	998
491	896
263	480
246	836
769	877
595	724
433	662
787	894
248	616
275	719
616	783
734	775
646	891
852	996
86	968
576	832
268	450
570	788
726	776
354	904
299	968
569	792
228	499
412	845
701	719
12	911
667	842
340	447
782	792
787	907
157	740
410	920
266	912
715	738
324	853
516	794
631	781
218	871
694	800
587	674
45	391
303	915
881	892
178	920
62	974
282	748
465	869
826	848
36	692
418	794
294	987
545	569
844	902
715	980
195	456
668	905
608	625
35	992
814	959
425	918
188	453
587	687
430	969
523	931
173	818
365	988
709	798
814	851
29	810
571	864
362	461
124	818
77	706
110	654
677	967
696	980
462	813
536	762
797	803
728	932
673	996
93	421
277	767
626	921
115	705
194	998
87	872
524	644
670	698
441	875
890	967
950	981
311	765
962	991
387	531
483	993
265	770
788	811
980	981
402	775
696	993
373	717
482	889
705	934
364	604
484	935
602	927
748	752
693	816
519	892
178	599
362	945
463	768
664	758
535	644
466	773
361	491
278	722
457	953
364	496
551	588
514	935
239	730
662	833
855	999
206	553
794	989
290	961
338	709
505	886
546	887
711	725
12	953
315	725
931	994
361	841
9	655
570	722
143	389
542	889
743	879
776	827
46	722
748	994
822	943
687	718
618	884
347	835
815	903
699	957
9	547
50	548
878	959
41	728
151	859
467	836
7	851
956	1000
231	744
905	954
324	679
747	782
692	846
81	921
595	913
796	903
59	381
215	857
592	615
872	898
724	734
836	975
247	846
266	859
319	685
486	862
953	971
791	909
810	959
754	798
27	698
641	857
949	973
668	960
733	860
263	682
772	788
189	467
629	739
923	957
782	981
840	959
55	881
96	919
527	876
131	876
43	763
533	627
717	973
428	870
689	911
554	686
867	917
591	753
352	996
797	858
527	997
742	922
24	642
387	465
478	812
238	342
188	750
596	804
670	753
904	920
983	984
31	537
941	987
402	938
591	874
214	887
728	879
695	702
10	599
698	973
772	922
684	809
276	755
123	247
615	938
45	822
353	938
647	927
344	889
295	704
11	945
971	987
420	884
690	708
684	930
813	815
885	920
367	994
568	755
667	697
297	935
746	761
181	723
303	420
621	995
896	934
555	641
612	946
361	546
834	995
199	484
746	882
460	525
176	766
685	872
971	1000
341	833
371	941
560	877
109	941
482	957
301	882
306	960
347	998
447	707
56	556
341	954
377	611
417	949
940	990
750	829
590	611
180	713
493	944
75	956
278	790
405	831
451	947
418	770
674	955
560	890
472	777
95	790
577	793
926	947
777	824
4	608
584	954
165	970
817	896
710	770
53	914
192	965
393	955
641	791
61	216
393	726
407	624
2	575
538	555
736	799
328	745
763	902
226	963
405	965
284	904
666	740
256	576
803	974
440	922
302	692
214	579
46	214
258	393
772	843
636	982
240	982
974	977
187	863
159	801
948	961
510	735
749	980
515	813
735	853
508	810
14	238
401	684
382	405
313	571
626	802
175	866
505	512
240	995
785	795
27	887
806	854
932	993
333	930
322	512
814	974
198	476
579	582
221	874
348	649
251	753
867	985
209	985
468	687
681	980
450	818
18	895
174	654
760	980
894	980
345	472
281	716
184	820
373	719
10	667
227	601
31	726
773	811
299	891
280	649
901	996
192	536
202	958
362	947
577	606
428	483
834	942
672	880
135	904
553	663
372	588
699	717
919	986
322	767
836	951
169	902
398	496
40	788
618	765
130	947
419	784
534	771
413	481
179	839
79	901
487	955
108	370
574	843
747	771
370	784
623	735
414	827
708	779
534	663
212	612
449	784
523	733
616	961
808	902
379	496
403	853
136	738
711	969
544	563
323	335
400	784
231	746
410	977
308	966
528	969
32	802
379	846
324	910
384	961
420	618
403	974
764	953
361	977
958	967
502	687
923	946
352	864
52	343
167	330
747	905
717	962
216	451
870	975
394	457
251	674
812	970
58	279
311	459
569	983
803	921
233	805
816	860
800	852
203	633
406	467
782	983
377	934
657	988
622	967
136	993
29	867
106	821
694	991
331	939
854	980
50	926
592	980
471	690
42	284
593	801
524	701
367	983
568	744
394	591
344	999
399	935
485	975
619	938
462	991
682	994
277	945
800	986
607	820
120	998
876	981
172	599
600	817
531	983
66	883
97	196
176	526
809	927
910	979
640	889
500	586
524	943
188	994
563	871
964	986
843	925
102	661
864	984
676	933
841	1000
579	1000
868	874
711	890
697	992
683	828
292	943
572	997
787	885
652	697
671	710
131	207
727	992
512	838
47	967
759	944
83	432
570	779
919	933
753	900
794	938
35	849
169	849
389	889
117	430
158	956
323	498
933	952
671	952
201	545
330	430
462	549
269	908
613	718
664	949
48	680
304	377
254	785
636	850
430	489
113	782
500	962
439	952
312	618
528	916
121	269
747	960
272	438
507	978
648	688
634	790
534	852
928	971
826	960
900	909
633	794
784	963
217	852
833	855
819	957
678	981
516	919
684	732
166	806
54	336
749	861
559	737
402	753
715	984
173	701
214	702
319	984
16	983
310	935
566	861
175	976
194	989
906	966
529	979
578	871
545	694
624	987
784	976
75	516
591	810
536	874
902	968
332	815
744	759
138	986
463	517
895	928
661	761
788	802
287	291
746	805
913	982
654	987
828	874
673	1000
869	912
332	707
552	939
32	415
288	866
629	930
375	525
430	986
779	874
176	810
825	990
401	928
148	482
304	995
505	756
38	58
193	898
427	836
121	995
295	882
182	187
660	751
109	877
973	982
871	934
293	957
771	996
191	946
251	997
98	903
275	536
621	944
271	831
665	950
766	773
370	544
480	941
683	775
77	965
507	778
512	893
185	498
264	791
919	988
704	834
165	785
808	891
522	534
293	970
972	999
452	963
474	493
565	840
363	891
65	968
822	947
247	716
269	963
634	832
452	855
166	498
317	896
726	835
831	888
454	901
367	380
410	979
308	968
528	971
627	950
756	835
7	976
879	905
120	624
56	868
367	730
377	923
201	963
297	671
421	966
605	787
770	854
682	741
448	574
613	907
250	855
599	972
714	959
816	970
411	921
414	963
629	851
391	979
270	689
355	733
219	872
71	745
847	966
29	977
879	918
698	843
147	474
620	923
881	964
347	505
297	913
853	865
27	823
168	533
369	523
415	639
33	345
473	580
464	797
675	980
463	572
535	677
36	993
3	816
728	991
459	574
133	818
601	923
983	988
587	988
62	120
130	520
111	241
121	929
154	877
420	996
57	944
781	975
492	872
612	937
739	978
233	352
563	752
438	757
443	872
575	991
387	940
561	827
610	985
477	833
966	997
386	422
23	370
616	884
290	899
255	878
766	828
752	930
289	381
514	994
426	881
49	894
843	940
428	432
686	956
820	956
152	497
113	542
775	890
899	956
461	959
507	846
815	962
14	913
470	964
652	941
308	902
210	330
44	563
747	949
764	889
865	941
70	966
226	954
367	664
312	728
708	728
157	854
840	884
775	903
324	967
310	803
497	666
488	846
427	570
237	446
16	972
824	916
20	862
689	957
837	855
4	854
413	793
738	849
583	975
691	737
195	570
508	801
502	986
455	911
64	760
955	968
58	457
214	704
322	503
291	924
2	821
184	569
404	572
689	970
152	765
587	922
765	928
149	467
283	696
83	113
305	980
401	917
786	987
299	411
161	935
469	822
73	822
725	748
342	458
707	879
737	987
809	863
170	876
187	291
178	471
34	463
485	924
471	989
199	530
388	991
517	876
584	637
140	889
828	997
376	873
491	823
725	761
40	658
466	766
6	256
910	928
560	815
780	818
549	885
535	987
582	833
688	1000
584	879
350	712
685	931
107	954
630	995
905	934
968	990
752	877
623	726
58	954
755	882
78	374
859	939
919	990
229	543
514	941
706	882
618	998
169	906
650	950
166	608
518	538
597	831
965	998
239	857
701	888
623	968
141	965
444	737
631	829
115	498
307	439
410	860
536	676
252	917
85	511
167	321
912	963
507	914
745	971
516	855
590	804
824	971
648	974
666	799
261	979
481	982
30	817
668	845
46	273
356	987
731	901
120	747
848	897
129	981
311	463
402	810
737	800
71	976
888	969
387	458
860	907
496	859
837	923
100	630
284	976
881	966
232	520
839	969
302	993
61	638
228	815
641	984
599	987
855	913
744	816
647	920
619	821
567	631
94	707
663	864
971	980
649	929
322	571
552	996
827	972
679	808
45	936
941	993
89	713
724	995
820	932
479	639
420	998
253	592
160	364
385	711
712	877
579	991
128	826
546	585
403	536
790	945
213	641
633	998
512	937
672	926
350	875
350	646
267	877
275	472
500	819
241	595
466	942
655	878
653	768
718	934
107	780
836	889
662	773
371	826
899	945
477	727
375	945
609	883
232	896
745	892
789	935
613	709
926	940
986	991
166	663
264	969
861	959
699	897
625	719
518	593
146	721
299	963
261	442
701	943
641	663
659	717
199	961
414	886
617	720
653	902
135	976
446	838
826	830
228	615
252	972
338	783
203	558
666	962
845	964
485	658
215	797
382	974
550	787
715	854
365	741
700	731
955	957
91	623
793	895
891	972
11	630
687	913
368	379
529	970
568	669
298	808
721	911
740	924
826	964
541	980
135	292
164	993
962	973
659	972
356	934
837	978
876	906
193	647
936	957
71	923
453	988
51	190
785	909
691	981
586	699
23	64
365	996
781	911
860	975
244	706
423	937
753	812
207	824
788	806
208	231
314	886
489	924
542	750
654	991
574	702
376	983
486	589
128	881
832	997
477	769
804	935
105	934
716	822
769	914
843	863
134	174
600	876
345	586
295	994
98	894
679	876
109	760
21	647
655	933
719	948
498	949
734	933
868	933
813	997
899	1000
766	885
375	771
326	357
658	830
611	718
965	987
984	1000
748	989
385	900
522	646
664	995
884	998
521	946
328	780
378	897
856	936
671	890
5	800
41	494
305	769
241	784
782	842
455	484
842	893
333	723
990	993
300	317
141	967
263	664
805	947
400	898
128	210
45	212
74	913
456	978
564	777
872	893
335	917
624	791
321	790
352	857
462	500
539	949
71	615
164	806
105	613
303	857
886	912
927	950
517	557
701	903
761	917
34	854
156	285
380	673
578	917
619	689
622	731
756	960
709	848
833	914
222	989
318	734
404	508
101	470
937	971
763	855
504	860
605	912
682	866
492	971
203	868
277	817
318	855
122	943
920	923
804	977
922	969
22	941
140	933
219	997
717	981
573	936
672	686
272	981
566	933
454	463
786	936
290	998
106	948
147	949
362	874
790	826
862	931
499	879
485	981
922	982
20	127
682	1000
98	949
514	635
607	826
813	931
758	995
174	944
697	985
790	947
292	936
889	926
667	813
572	990
350	877
382	600
289	372
294	716
929	998
711	775
475	764
727	985
474	539
859	875
864	990
93	847
674	829
679	944
477	958
692	883
852	872
604	770
442	479
18	380
611	665
294	958
542	831
215	436
528	896
127	323
569	668
269	901
683	955
287	955
856	883
743	942
638	660
104	955
627	996
250	780
687	781
733	897
777	940
218	976
157	966
143	802
740	792
578	730
844	886
11	390
527	684
331	974
606	950
680	899
638	902
416	789
490	738
605	725
798	891
622	894
200	676
879	964
337	681
461	976
590	861
390	507
736	915
601	956
275	971
825	849
830	964
16	976
85	581
50	974
155	273
334	504
499	800
867	967
633	800
490	980
173	815
116	281
314	754
682	921
404	684
183	456
329	510
876	908
642	741
705	797
297	743
364	467
396	685
890	964
950	978
482	644
383	638
781	913
800	926
700	988
101	888
1	950
211	531
730	867
119	942
716	932
628	819
265	767
760	975
383	988
795	932
198	713
588	639
868	922
238	526
417	757
320	824
595	763
149	942
561	886
60	604
621	937
968	981
32	542
339	958
380	996
903	1000
760	988
181	786
198	955
910	932
808	884
491	948
150	655
81	784
972	992
254	712
686	894
138	537
778	897
449	658
220	835
237	250
843	999
72	856
307	430
768	825
19	966
757	895
261	728
440	730
412	897
472	948
398	733
824	841
768	946
190	969
312	666
638	836
643	951
206	913
352	967
863	954
990	995
481	623
819	884
241	907
754	903
418	954
399	675
504	728
539	951
558	964
728	850
585	838
538	726
166	854
54	384
647	898
705	839
638	849
803	916
844	954
425	970
236	805
409	962
846	963
821	906
303	980
261	983
858	973
622	962
751	847
462	744
594	863
15	927
689	908
694	986
848	901
380	567
672	675
839	852
911	957
103	932
827	963
423	873
901	912
469	989
651	737
105	978
702	968
434	924
129	288
184	749
978	987
381	768
675	986
587	873
251	924
22	835
709	984
24	881
505	925
794	799
887	990
343	863
412	468
670	992
155	812
265	943
540	882
718	925
415	887
621	992
695	941
352	538
665	769
494	887
475	645
366	887
470	944
745	883
387	946
533	1000
808	939
646	877
766	942
799	890
669	780
685	990
51	852
794	933
491	895
122	503
755	941
815	955
476	708
844	875
403	903
590	729
111	731
565	672
418	888
652	826
201	890
627	998
453	845
659	950
879	953
590	850
571	608
502	737
703	727
372	893
32	973
228	619
402	506
756	775
489	660
668	891
236	968
524	617
636	858
256	802
830	845
742	961
145	742
131	807
117	909
189	748
777	955
702	781
710	901
527	928
134	970
827	897
469	923
543	909
925	974
730	964
193	530
707	980
466	625
388	971
281	579
797	910
649	746
883	913
506	697
640	926
459	622
519	636
106	992
596	627
554	859
895	923
578	987
182	987
154	925
520	982
869	907
456	472
406	880
170	869
225	576
890	966
628	929
251	979
292	751
70	409
302	944
663	923
464	979
739	918
104	407
205	984
342	464
834	926
961	967
894	977
603	993
732	878
649	880
368	867
542	754
676	754
855	985
593	985
63	756
813	988
109	872
887	937
596	990
324	531
711	940
771	991
482	888
530	636
466	880
603	885
286	949
418	580
93	783
850	991
165	888
509	698
385	891
505	993
835	868
780	932
202	955
926	986
945	999
389	818
301	705
447	988
292	885
479	940
565	714
456	956
542	996
762	770
211	896
123	783
11	313
692	940
530	878
975	999
89	906
842	884
509	940
965	991
817	827
13	773
863	943
462	599
968	996
252	789
541	663
35	791
865	989
249	491
634	827
226	773
224	663
743	999
330	601
525	776
525	547
511	612
612	664
634	948
381	502
625	899
726	951
509	953
710	943
435	738
729	956
803	905
355	486
439	894
907	962
236	794
309	784
601	892
942	956
680	956
504	959
158	322
149	502
756	951
181	454
673	916
681	777
221	792
634	961
446	910
559	787
930	959
355	728
222	872
64	929
143	993
432	867
485	730
834	847
724	975
262	392
38	684
280	446
318	738
423	983
785	847
279	975
749	924
124	872
806	906
911	959
88	626
200	867
552	760
106	939
804	981
661	932
609	742
545	986
760	911
149	757
168	770
368	801
506	994
767	806
266	524
125	521
448	945
286	883
313	986
795	989
910	976
492	988
662	874
579	876
116	822
880	989
776	868
110	253
662	766
445	997
734	871
841	997
799	1000
725	822
871	876
783	992
595	941
755	930
581	814
636	713
410	895
83	537
685	871
52	958
778	833
210	312
660	814
26	905
590	718
722	874
796	823
171	771
653	774
298	546
14	787
243	381
542	943
690	841
426	997
734	884
940	989
856	995
336	959
745	898
849	955
604	895
222	564
478	490
538	541
249	438
507	962
826	944
858	896
710	769
756	885
85	680
641	669
720	962
902	939
346	721
497	890
244	444
617	726
37	905
312	844
782	793
295	382
682	791
673	971
747	957
76	752
328	973
226	962
735	839
293	457
27	981
397	551
839	896
497	903
156	573
268	814
730	845
23	983
348	514
661	745
427	578
974	976
394	401
215	924
619	748
242	798
154	914
916	971
28	280
448	637
181	522
84	855
48	932
220	221
645	922
557	809
469	925
50	978
251	968
413	801
589	963
52	758
943	966
795	802
74	288
547	737
607	751
373	584
538	917
128	524
255	565
515	933
339	936
413	922
301	452
578	989
402	992
913	979
99	991
809	858
258	984
533	923
445	810
574	695
772	976
596	979
890	968
619	882
199	296
695	877
640	941
662	700
216	879
945	988
697	923
176	928
284	461
643	808
65	831
533	936
662	821
216	1000
706	864
810	921
686	885
424	885
630	990
358	531
248	659
676	877
528	713
68	957
799	947
576	875
361	721
669	837
741	942
840	921
565	716
473	898
271	949
753	952
711	955
494	957
750	883
650	945
796	999
226	883
914	991
863	945
486	958
701	883
68	970
866	950
370	783
838	888
516	837
796	891
37	839
653	842
160	680
453	673
525	778
645	843
750	896
611	966
845	904
96	786
347	368
486	971
728	733
700	900
225	378
34	847
96	907
839	951
29	853
309	907
529	910
648	861
422	784
224	799
210	864
399	800
614	725
760	779
113	968
407	920
352	984
930	961
828	913
907	977
290	749
703	918
904	908
760	900
415	636
827	846
290	870
505	566
515	988
463	798
568	851
163	802
8	928
311	700
435	995
531	969
672	908
28	348
401	859
43	885
62	346
3	934
526	975
705	977
512	811
273	300
663	980
897	918
368	803
800	985
244	767
739	975
49	528
535	916
829	868
834	983
471	931
479	755
167	934
602	862
970	992
500	585
524	942
665	881
35	714
785	983
664	922
549	706
769	975
521	644
727	978
567	760
383	939
947	981
479	647
262	878
966	994
281	891
93	840
638	640
762	935
445	999
142	998
291	532
458	709
771	940
549	827
12	888
461	714
774	945
345	539
501	527
551	873
592	645
229	593
951	992
10	963
440	776
674	943
789	930
692	997
852	986
112	193
419	609
845	946
919	932
19	904
583	946
657	895
182	373
426	999
80	96
398	900
525	712
590	841
939	995
856	997
534	946
606	822
789	943
544	846
361	910
483	607
240	849
23	851
578	844
798	884
443	656
118	859
715	849
123	974
356	916
39	980
278	444
374	677
305	843
35	982
346	615
446	967
587	906
80	580
85	924
761	978
943	955
544	980
387	508
385	398
426	436
276	906
422	731
730	847
224	975
661	976
243	988
936	952
853	917
605	852
434	970
38	970
520	973
888	911
492	911
511	924
450	914
906	965
367	916
950	971
688	971
209	973
624	986
591	809
773	786
943	968
698	908
739	909
381	935
904	976
64	999
535	850
177	876
415	704
850	861
183	812
785	917
563	804
21	521
609	691
774	987
121	873
19	825
404	932
445	933
238	640
477	885
521	928
977	979
713	869
281	946
644	769
472	699
186	305
711	944
871	933
408	943
783	820
829	936
889	987
787	939
873	979
396	825
504	587
435	487
808	998
632	772
752	874
664	990
416	595
963	993
370	893
972	998
227	844
914	993
248	903
335	791
729	947
863	947
541	896
585	939
208	952
392	544
824	955
617	891
414	828
185	968
400	893
620	896
680	947
641	726
61	151
66	495
90	852
420	727
819	998
122	804
645	845
805	834
689	888
408	609
812	958
946	958
204	321
888	953
62	911
483	904
51	227
441	907
362	385
496	614
721	961
480	606
592	847
770	853
300	675
599	971
327	512
175	909
510	899
18	925
694	979
100	506
647	904
69	927
573	689
108	855
605	907
416	742
171	386
525	914
712	740
450	740
362	627
386	984
353	807
475	504
158	568
545	977
705	966
75	799
383	915
457	864
751	853
481	992
693	848
459	681
557	987
813	913
832	926
615	928
207	874
716	751
345	515
56	412
443	858
28	579
589	912
737	810
811	988
828	928
910	967
511	992
417	805
670	985
785	972
190	762
584	918
603	931
38	930
602	972
621	985
643	744
753	875
376	925
89	831
253	939
110	136
285	891
651	985
885	923
764	862
796	814
603	944
556	869
676	934
877	924
822	988
335	375
546	824
618	929
114	901
604	765
958	997
359	934
212	655
597	991
145	601
329	947
141	896
444	668
34	770
447	939
89	965
768	994
606	932
102	904
119	319
826	935
578	604
44	670
458	953
585	994
678	956
115	550
856	999
634	886
419	961
782	784
116	960
710	881
219	792
195	206
131	679
571	951
698	763
865	940
231	802
289	972
757	848
742	954
198	561
296	904
392	841
478	615
63	373
735	951
325	787
728	911
907	913
948	951
626	900
156	456
548	980
837	854
78	802
821	846
402	862
737	852
47	405
742	967
828	970
580	905
700	970
901	960
684	962
106	985
617	972
119	695
769	777
628	801
614	903
853	919
517	970
517	741
429	857
589	846
508	921
781	787
681	849
390	865
629	918
799	804
73	700
353	983
573	986
264	645
365	993
354	575
49	464
752	850
642	978
279	926
224	990
394	876
494	814
366	814
776	914
170	875
109	865
417	981
288	867
573	999
908	989
429	991
778	879
46	701
725	989
632	761
301	927
7	480
204	994
815	882
820	997
424	997
61	945
460	691
878	938
938	989
303	478
762	992
354	709
321	532
794	981
539	691
766	882
208	591
361	833
292	999
262	827
196	473
891	998
137	832
407	656
338	822
486	720
527	721
26	964
796	882
842	998
553	895
294	900
789	879
747	882
255	945
972	1000
240	556
245	900
666	893
132	959
624	667
949	952
731	995
235	562
923	936
620	898
749	783
432	847
41	962
872	890
13	900
247	838
508	842
520	667
320	498
270	906
946	960
624	909
693	716
409	957
648	973
381	629
881	952
339	632
89	457
223	686
154	852
858	968
556	603
635	896
767	786
700	796
772	901
702	842
633	971
867	909
572	732
382	571
10	699
206	345
901	907
232	519
705	968
553	574
468	503
51	363
758	979
563	740
394	931
3	817
397	973
567	630
374	989
489	976
704	864
850	918
621	866
354	751
445	869
610	973
469	997
288	922
274	987
577	759
563	632
315	759
81	592
389	745
697	861
380	925
807	992
843	915
177	825
776	861
588	810
693	863
271	874
217	345
697	982
17	994
719	1000
6	310
61	1000
878	993
234	699
5	610
475	990
81	605
263	353
516	533
884	929
667	931
648	652
479	880
446	703
570	998
690	834
96	361
643	759
197	901
431	839
780	993
535	933
576	934
917	998
870	886
479	772
740	776
399	483
564	816
817	996
583	829
775	999
49	895
62	834
678	837
750	942
810	993
782	894
768	996
625	947
699	896
261	899
696	827
407	724
613	829
502	961
309	832
777	937
501	773
339	445
872	945
613	950
35	973
286	555
235	509
969	999
721	897
740	910
242	899
388	953
481	915
742	956
654	843
681	717
879	961
156	337
510	835
688	841
160	981
495	971
443	781
173	920
154	678
916	964
594	913
654	964
635	722
151	343
101	751
193	754
504	912
168	697
591	800
115	807
175	858
560	669
920	975
703	977
348	749
821	969
402	985
897	964
360	988
767	854
610	907
510	969
596	972
615	985
90	117
950	975
554	975
788	913
848	964
889	965
908	978
545	926
259	569
228	990
314	993
825	980
602	908
308	461
786	988
288	748
802	969
609	803
282	408
130	805
919	965
556	913
778	989
179	926
957	991
588	865
519	994
352	588
385	536
887	932
257	765
637	986
554	988
628	937
53	477
820	878
732	765
470	994
685	919
181	891
437	817
468	921
382	652
748	975
841	937
660	862
725	991
475	816
783	932
521	932
493	870
667	757
245	768
759	989
836	943
762	765
789	868
338	932
197	956
835	984
338	703
752	986
956	981
667	878
205	295
759	881
12	129
803	887
228	427
439	876
692	827
664	994
34	827
9	770
738	879
148	848
812	828
324	781
617	774
956	994
474	954
548	903
592	946
129	956
812	949
201	832
569	962
677	761
569	733
990	992
384	953
186	443
404	602
337	612
722	948
818	885
92	781
381	618
316	903
261	967
508	844
814	887
346	553
510	890
529	903
724	849
622	838
589	661
888	957
455	846
834	842
724	970
531	841
622	959
874	914
175	913
519	686
612	914
598	750
417	675
730	906
614	960
325	857
397	962
388	913
429	685
608	916
723	903
888	970
841	858
887	974
44	285
276	857
431	465
596	798
744	925
150	223
718	909
792	858
883	976
561	696
781	965
582	984
339	997
315	411
447	796
177	706
892	917
429	927
910	971
332	994
506	881
676	804
706	912
338	516
651	976
21	809
871	979
246	927
12	760
447	917
521	866
545	994
451	807
556	860
542	696
841	992
486	764
343	981
491	879
959	984
100	994
444	538
917	987
650	872
58	997
438	989
586	887
78	417
88	876
205	229
551	637
468	868
192	933
533	997
954	990
95	1000
343	873
764	866
683	941
865	918
364	895
61	894
220	887
710	751
75	240
495	597
464	466
796	939
433	887
856	990
92	594
207	544
680	764
413	649
721	765
295	364
742	824
805	880
249	662
372	998
845	952
523	901
316	837
8	492
118	852
536	611
62	957
340	901
675	891
138	952
224	726
798	998
913	948
784	834
687	901
107	326
580	775
717	780
331	973
141	324
499	557
911	996
943	948
654	845
148	219
318	896
180	962
436	622
573	856
438	668
517	732
696	963
825	848
84	850
695	738
174	743
209	966
60	348
492	796
299	630
113	211
323	987
524	977
376	850
739	902
59	914
513	855
91	866
517	974
677	963
314	874
938	967
850	854
593	969
560	792
931	964
86	872
191	925
788	915
774	980
163	863
600	864
286	933
363	628
418	564
781	912
588	746
662	695
445	697
794	851
862	985
287	754
727	797
171	579
14	595
616	929
167	874
561	993
695	993
478	995
868	921
458	757
771	988
535	977
411	416
801	867
181	893
845	873
27	426
150	762
310	485
683	996
287	996
961	977
606	749
759	991
745	827
349	827
94	308
734	934
627	808
852	926
444	835
359	993
861	894
358	768
105	359
449	886
798	811
528	950
65	960
544	665
764	934
731	757
103	434
782	951
400	657
653	837
826	994
504	714
30	794
398	961
420	720
95	960
48	848
432	959
206	912
300	776
467	953
541	902
291	727
208	958
299	322
510	771
147	682
460	950
592	840
289	802
409	840
851	956
417	435
119	741
196	961
812	964
927	951
168	633
630	664
538	846
235	808
257	338
501	964
642	903
293	520
366	739
691	795
481	985
640	978
277	926
800	967
813	906
395	918
362	741
307	805
119	983
329	564
499	746
273	403
452	634
126	878
602	844
43	880
280	564
423	872
464	910
51	475
711	750
862	919
966	976
732	809
162	693
143	414
143	185
855	916
662	750
137	865
940	960
417	690
67	577
741	750
457	991
584	803
396	752
795	986
602	857
63	808
329	927
274	991
744	940
447	919
884	920
686	935
759	925
267	988
864	978
671	812
104	701
257	943
300	347
780	984
959	986
241	935
217	349
898	976
320	999
356	656
189	250
708	815
245	825
658	994
532	589
22	258
970	1000
789	925
211	948
252	720
847	866
255	991
577	776
348	953
871	994
213	994
683	943
861	949
905	992
836	892
646	997
780	997
577	897
819	925
838	938
153	835
139	900
180	938
133	597
410	905
177	374
872	936
784	823
462	772
33	137
286	317
222	790
571	944
612	716
428	895
615	721
823	936
826	941
522	944
696	831
34	897
777	941
634	892
157	967
243	970
913	950
696	952
663	775
613	954
626	893
194	970
304	613
906	947
290	678
371	374
202	565
18	744
515	796
358	849
807	904
490	968
691	729
30	983
148	221
332	796
282	975
502	978
725	727
18	865
904	958
716	907
802	947
821	960
287	501
311	858
765	799
806	837
93	635
220	447
612	971
804	912
279	798
50	975
224	862
408	683
399	863
760	842
806	958
74	285
235	876
665	689
596	855
582	691
45	752
820	977
584	737
140	989
649	866
635	968
406	879
436	758
246	863
862	866
20	291
75	981
429	984
281	820
253	987
5	656
321	633
159	342
7	702
581	974
658	928
690	880
198	943
762	985
77	128
607	882
813	987
40	1000
150	643
269	594
351	404
535	979
631	687
125	815
815	996
975	985
672	984
107	946
743	864
260	895
617	644
875	939
960	983
817	934
354	944
435	603
388	528
250	823
618	990
525	762
315	952
492	585
153	890
139	726
359	995
493	995
975	998
226	651
611	721
729	942
522	878
627	931
907	948
948	986
824	950
37	836
386	724
344	727
550	832
696	886
291	837
234	303
282	788
529	894
997	999
532	670
793	940
349	963
397	711
471	660
946	953
949	958
527	969
552	733
617	899
469	735
344	969
605	781
682	964
816	964
571	904
