469	856
582	733
591	967
825	905
626	961
63	555
491	736
169	456
205	904
64	928
802	894
394	803
139	284
383	681
811	862
368	787
127	166
151	523
395	920
771	911
895	977
760	789
144	520
107	867
272	971
313	972
519	811
101	823
684	915
109	684
697	854
81	585
366	983
89	705
283	985
732	811
382	698
877	906
959	975
692	860
310	529
193	947
292	926
139	418
792	983
167	931
382	819
327	883
564	567
951	976
533	988
271	988
183	875
665	878
255	980
558	752
766	930
62	585
549	932
53	765
669	997
359	808
562	642
796	809
190	999
861	938
354	878
789	806
183	996
351	580
838	927
273	889
9	816
873	921
243	717
671	935
261	542
481	774
71	647
511	653
750	935
650	997
306	958
644	953
826	930
467	997
715	833
252	843
659	938
819	927
29	771
879	941
34	886
736	892
328	838
636	954
870	892
419	956
474	663
653	894
152	612
840	986
143	792
275	948
583	835
61	201
654	715
291	663
893	997
925	949
818	823
501	887
353	723
206	969
140	615
184	658
409	776
271	317
510	599
23	969
620	959
293	564
462	787
830	954
225	322
293	685
702	890
246	381
190	449
742	962
57	859
131	808
525	964
198	569
101	865
249	800
395	854
837	970
540	683
655	670
853	914
825	852
957	971
554	968
702	903
788	906
908	971
181	642
420	924
258	862
27	175
904	973
174	868
642	973
535	847
919	958
341	981
957	984
500	745
632	635
70	868
540	817
245	640
713	745
253	989
720	869
581	976
474	584
391	815
759	982
368	868
27	538
247	807
104	758
407	530
486	823
899	992
664	866
972	982
39	777
433	933
870	934
741	820
37	704
353	415
124	592
303	823
570	938
644	887
826	864
541	880
926	987
856	928
234	881
289	780
963	990
555	936
674	887
660	989
352	836
489	582
439	761
153	892
222	497
777	985
796	998
854	939
435	726
154	713
866	949
557	837
221	659
675	829
312	777
416	605
572	593
352	849
527	850
208	841
772	883
953	958
524	552
73	387
78	731
515	732
694	963
432	963
72	162
283	611
253	439
714	834
519	558
543	952
684	891
343	598
59	839
105	955
325	729
58	614
158	323
770	850
797	953
354	383
423	742
288	783
656	950
694	976
110	925
746	843
547	899
387	681
610	955
885	894
494	743
941	974
765	977
443	963
897	904
676	905
404	971
478	920
276	971
362	745
193	936
716	977
719	982
834	969
218	700
6	292
438	740
929	977
505	915
412	687
49	635
450	979
871	972
568	971
7	638
76	243
86	931
862	923
227	412
92	453
168	1000
880	977
966	980
704	751
561	931
368	802
762	921
459	920
841	985
16	579
436	936
119	1000
898	967
277	354
227	762
498	996
787	870
454	926
137	990
560	864
431	942
725	931
12	995
392	462
218	834
592	752
704	993
646	988
510	575
18	372
622	752
168	316
472	993
508	650
126	319
425	881
84	588
884	937
925	938
562	886
708	940
689	698
245	950
842	940
446	940
735	814
726	994
449	945
247	996
407	719
847	991
659	940
819	929
879	943
59	423
798	991
471	596
187	837
893	999
731	937
791	951
221	835
240	848
257	263
288	367
928	956
212	786
418	891
688	715
911	989
544	966
323	967
15	622
13	24
101	625
923	999
661	962
821	951
383	725
89	278
608	843
336	384
709	895
802	830
292	728
600	615
820	847
547	954
84	964
318	902
244	687
304	738
390	741
381	921
725	731
876	900
380	733
22	988
199	392
209	851
434	969
654	972
874	975
651	903
546	621
931	957
158	741
540	806
521	564
526	908
562	565
889	960
584	620
396	798
778	863
883	916
170	980
45	985
563	682
857	863
862	978
254	570
460	675
753	927
813	978
305	508
155	978
683	868
158	983
686	873
873	965
639	798
336	760
470	989
644	876
192	752
968	973
348	999
370	758
549	989
898	914
134	518
667	752
801	981
961	970
382	997
726	807
220	706
156	950
159	696
486	825
472	927
500	760
631	691
230	347
361	830
433	935
414	693
956	976
653	709
644	889
845	879
850	994
41	596
349	712
627	922
866	938
241	886
147	433
102	956
738	874
979	1000
583	1000
223	428
555	938
159	709
835	992
594	600
833	882
268	844
488	884
653	951
381	492
242	828
622	820
44	843
71	946
715	782
747	1000
888	939
7	961
543	941
127	962
8	782
415	611
307	785
689	887
147	567
848	880
927	944
687	962
165	328
409	954
648	970
763	957
818	893
721	960
72	514
108	962
256	860
839	952
116	328
346	790
120	972
813	899
846	847
937	965
790	915
554	675
374	973
811	974
126	871
291	975
561	799
910	953
827	955
385	573
587	973
664	668
401	968
520	919
431	810
959	966
73	873
155	912
766	800
463	799
623	751
77	992
908	920
405	794
468	850
234	683
547	914
662	864
294	468
450	981
582	871
315	756
67	691
494	758
623	643
139	530
56	761
765	992
424	699
690	818
621	984
679	925
467	517
546	810
959	979
544	700
177	943
89	830
787	872
50	350
588	928
522	574
150	702
398	538
309	695
45	127
757	821
564	692
762	936
522	695
159	643
764	982
7	774
736	883
218	957
942	988
479	998
312	592
349	888
113	877
149	305
379	767
508	652
995	999
590	950
502	837
304	364
1	326
969	983
78	546
840	869
393	823
310	788
796	947
367	770
372	885
377	963
738	942
484	537
527	907
162	257
328	963
890	932
749	956
78	788
288	369
422	598
265	614
740	907
462	899
407	963
561	612
203	904
234	254
728	789
371	488
274	555
441	732
96	963
292	609
297	953
531	891
545	789
406	859
253	388
693	889
6	925
59	788
293	689
587	907
619	859
605	961
448	977
179	560
221	971
802	953
12	797
298	925
862	967
212	333
597	669
574	685
288	853
188	915
274	918
730	969
697	792
12	689
471	974
908	975
42	797
892	967
778	865
74	749
387	980
148	469
646	682
422	974
375	862
862	980
493	854
106	179
792	921
778	986
74	641
449	518
725	867
384	574
53	703
595	757
636	758
493	975
512	988
905	919
495	755
440	590
445	934
150	757
549	991
824	930
405	983
644	999
778	999
701	981
849	879
899	996
269	829
766	881
72	958
956	978
493	988
474	709
28	888
410	953
465	889
652	981
578	766
275	765
743	870
314	427
167	414
722	932
510	524
928	1000
606	986
481	954
200	712
379	943
448	548
632	894
731	873
576	999
51	94
937	941
485	817
611	956
726	943
927	933
737	772
687	951
423	841
865	994
235	790
703	895
142	370
298	846
941	952
839	941
27	797
944	994
121	661
203	959
547	769
800	949
712	836
362	723
78	964
441	787
432	967
480	486
707	906
402	795
462	846
9	312
723	887
263	902
645	967
698	830
758	844
600	901
232	505
737	906
319	918
126	752
556	602
580	959
313	615
115	859
189	808
137	389
832	914
340	977
499	970
134	320
848	895
306	575
144	513
806	898
195	973
630	901
198	978
728	978
289	342
357	742
477	807
293	986
67	451
922	965
366	747
326	382
140	929
214	878
542	909
704	742
244	986
390	811
472	850
598	989
472	621
389	852
81	699
260	930
278	984
778	812
456	761
651	973
188	983
764	850
447	914
669	990
755	801
741	866
493	801
405	917
713	804
966	984
699	869
671	807
294	820
280	922
896	925
618	917
296	637
898	971
625	812
137	994
808	933
646	871
412	704
852	976
659	810
623	887
824	877
323	366
264	954
83	879
565	882
606	920
279	296
583	936
949	993
574	887
351	815
754	939
803	831
467	882
497	990
483	597
400	828
265	374
316	834
490	721
657	898
57	839
337	893
60	90
805	998
612	832
180	946
326	1000
399	724
825	832
140	500
267	541
709	886
869	875
571	952
408	665
587	896
969	998
545	899
880	889
691	724
300	839
355	546
451	483
346	955
179	549
304	958
607	730
772	834
325	788
760	945
411	976
651	665
482	856
157	278
649	969
244	691
813	848
380	966
163	968
75	855
9	501
737	974
520	976
542	735
376	968
287	630
567	913
672	966
405	622
732	751
597	792
905	908
776	794
299	869
250	684
256	354
373	939
632	641
810	913
667	864
400	749
171	926
565	587
759	867
239	831
550	693
285	947
104	872
44	592
269	939
458	875
463	990
172	777
216	295
460	921
842	986
479	934
363	759
798	916
384	818
356	719
235	429
914	983
611	945
289	894
569	948
789	988
351	991
907	943
342	942
777	870
823	986
358	886
740	951
900	940
960	991
641	945
663	704
16	893
425	832
103	781
139	963
694	956
334	650
946	948
545	604
457	491
508	951
131	735
837	897
890	989
702	938
600	661
944	996
355	830
770	843
148	271
189	797
426	481
804	841
876	946
716	728
330	958
448	913
267	838
712	730
887	960
427	975
64	923
3	684
127	979
864	949
281	628
797	959
112	856
294	567
579	965
813	903
482	803
685	839
489	964
368	674
244	867
371	908
785	962
227	634
903	917
447	674
586	981
386	398
160	580
454	569
899	919
357	636
637	919
394	932
856	963
456	763
795	983
113	626
533	983
662	868
762	806
541	578
16	693
766	925
114	770
664	914
810	968
746	983
243	362
905	976
275	809
280	924
316	581
643	747
151	773
627	739
434	573
940	970
632	817
692	868
20	704
796	925
70	821
479	989
840	968
396	991
776	983
817	984
297	460
569	882
664	927
777	804
782	882
515	538
611	1000
418	871
14	781
265	363
537	822
113	760
646	994
640	654
958	1000
188	301
932	947
75	360
388	591
30	846
976	990
847	876
365	836
714	990
893	992
497	992
571	941
565	897
988	1000
633	772
886	952
927	990
911	982
24	664
777	938
18	849
307	723
183	199
647	828
756	1000
221	841
705	890
779	839
512	724
742	957
129	205
681	947
904	955
224	967
554	842
895	906
256	919
709	901
561	737
280	724
662	789
874	968
321	496
637	732
774	966
540	799
158	505
70	621
209	965
331	396
451	727
181	866
589	957
561	858
487	680
767	963
426	670
118	288
252	517
265	981
801	961
831	840
271	917
183	804
40	755
241	745
931	963
86	871
516	684
755	966
672	968
295	981
713	740
317	740
484	917
470	753
206	643
285	936
863	913
178	581
799	928
926	969
38	278
34	573
89	997
801	974
611	813
979	980
399	405
192	866
679	984
174	997
604	810
972	977
120	697
171	928
386	587
377	767
308	933
652	743
891	988
5	895
330	463
720	877
185	947
639	925
456	952
798	918
251	291
817	931
13	648
733	937
838	990
879	991
576	990
441	765
601	754
754	996
933	998
844	926
888	932
731	985
460	936
633	827
416	829
902	988
733	950
860	991
818	994
455	942
152	904
14	970
330	947
466	542
187	898
911	929
38	775
2	852
387	434
323	907
846	948
428	960
156	501
598	846
290	501
619	676
536	907
379	960
520	899
222	976
693	827
716	959
802	999
848	886
237	961
448	915
275	435
695	792
822	833
5	345
885	889
399	915
746	959
429	794
649	797
156	864
306	579
61	748
811	980
167	915
910	959
533	972
514	730
266	628
505	910
706	900
180	561
801	908
168	995
382	695
602	964
794	905
131	295
750	798
336	929
570	867
234	918
657	755
574	986
211	934
935	965
868	975
54	987
577	991
613	685
269	646
912	981
590	701
442	574
419	819
405	921
565	873
861	935
363	924
564	685
247	749
650	873
722	978
386	534
757	935
440	999
627	862
750	932
884	932
483	588
507	945
634	986
708	935
513	696
643	991
803	943
844	981
627	983
775	881
902	922
492	529
879	938
939	989
620	714
246	473
900	997
17	421
160	958
159	999
976	992
520	712
645	892
631	994
675	1000
128	373
97	794
105	884
303	899
927	992
705	879
641	894
510	825
670	777
3	728
834	885
228	846
176	656
319	964
365	851
277	967
915	995
552	906
610	884
469	908
276	779
906	946
45	846
614	774
559	838
399	849
480	545
485	889
540	559
760	828
820	842
443	892
80	803
556	769
98	857
545	795
295	849
360	978
855	957
621	790
786	857
235	983
133	972
931	952
790	976
427	924
70	623
801	842
401	908
850	963
566	975
748	952
706	955
739	903
54	800
697	906
862	973
466	973
163	972
345	683
424	976
23	403
556	903
938	968
537	624
63	970
104	742
753	922
219	463
436	986
755	968
650	686
144	814
680	794
146	860
863	915
51	771
202	940
558	575
692	804
590	756
856	912
92	516
223	999
845	982
878	930
456	941
344	471
22	420
762	984
519	997
755	981
815	995
763	805
768	920
231	944
735	743
55	718
509	925
46	935
398	828
750	987
534	874
532	764
344	713
944	974
407	769
134	876
736	944
534	995
653	946
270	885
826	874
812	939
275	1000
509	938
416	710
911	918
333	941
462	826
747	995
425	944
800	821
967	998
282	895
6	960
92	1000
923	928
941	945
380	420
261	957
438	590
784	998
682	950
355	592
38	656
548	906
876	937
633	950
707	899
853	953
894	991
825	891
333	954
700	896
552	732
1	858
216	783
629	952
6	973
469	734
136	265
719	845
83	146
308	493
574	612
95	614
895	963
61	508
929	961
748	886
692	725
324	329
769	945
122	343
719	858
672	783
341	912
560	727
799	972
496	971
549	797
875	967
355	968
878	972
671	679
285	872
109	912
431	697
871	969
497	499
664	676
306	931
455	502
168	997
47	936
597	622
24	989
449	458
299	928
896	918
321	687
585	733
783	977
12	871
318	389
595	926
669	875
42	979
245	813
713	918
465	816
878	985
229	576
643	859
871	982
444	649
53	993
824	870
185	883
400	808
653	988
727	974
639	861
680	862
858	868
662	993
720	934
838	926
923	970
856	980
768	867
224	474
358	703
289	832
118	950
674	939
522	811
305	813
687	878
2	775
692	993
511	652
48	662
483	819
414	985
125	882
736	770
245	947
331	950
988	991
104	944
33	475
902	924
90	780
222	899
392	822
698	865
554	591
666	832
242	999
275	947
127	783
550	886
526	529
932	951
209	593
497	996
35	147
601	824
927	994
784	945
52	730
262	311
547	709
464	711
837	956
716	895
661	959
702	997
802	935
922	1000
476	950
517	951
897	943
112	902
286	789
855	946
492	894
170	843
813	949
670	900
329	378
218	510
438	779
806	946
718	833
391	438
809	951
943	951
84	961
781	889
220	327
404	902
211	507
191	794
91	856
600	962
774	849
897	956
360	980
899	965
950	967
144	803
892	962
10	988
476	495
266	685
555	559
744	983
563	908
2	346
697	908
342	680
180	618
753	924
375	978
301	800
750	855
783	803
774	983
727	908
873	962
551	682
248	644
60	822
701	855
546	981
665	932
780	919
34	806
461	873
865	963
815	876
28	991
498	940
960	971
734	924
118	655
720	989
269	824
351	634
34	927
375	991
731	855
548	882
405	870
451	986
757	992
831	978
504	583
99	763
613	984
967	987
356	833
543	925
884	989
925	990
667	991
708	992
202	366
58	358
572	579
816	939
411	890
516	943
37	945
111	894
326	819
620	771
550	941
190	369
888	936
93	436
599	833
122	908
15	782
543	938
823	992
881	933
922	934
867	998
705	707
751	823
396	595
181	441
129	251
538	715
579	716
717	946
600	775
619	788
300	779
373	732
189	911
464	887
40	559
134	194
347	716
719	847
663	952
709	839
593	893
109	780
918	949
252	334
193	922
12	847
91	911
774	904
853	968
75	674
383	790
591	968
403	624
240	337
264	694
690	802
313	852
257	920
940	950
829	853
774	917
378	917
138	447
437	743
330	388
349	401
271	976
954	969
274	981
711	982
810	961
861	926
498	874
69	697
266	982
720	923
384	974
370	810
810	853
455	625
293	297
699	756
220	987
509	861
951	977
32	707
286	294
370	931
599	754
711	995
731	910
893	972
534	810
4	581
675	749
551	979
449	931
523	651
247	982
104	933
761	937
76	834
728	760
76	605
275	936
569	888
159	761
338	992
775	993
893	985
318	525
750	936
717	759
606	928
177	485
242	880
89	143
536	832
448	719
203	888
538	649
326	995
689	818
21	359
138	944
680	998
578	950
75	595
916	945
71	890
539	995
527	904
594	665
566	832
626	883
189	845
645	896
612	948
548	963
730	940
315	432
532	955
31	673
471	945
283	665
228	729
718	822
828	953
594	786
473	496
216	840
376	829
684	945
758	894
325	783
11	852
681	832
607	617
670	902
615	966
790	967
490	971
892	951
621	902
758	907
281	918
179	907
597	666
533	910
82	974
13	386
563	789
787	911
410	695
162	630
506	928
454	738
440	574
679	856
835	844
945	975
590	747
364	929
42	915
652	844
93	880
79	982
210	233
597	679
388	505
412	862
11	289
282	523
447	856
595	983
534	744
551	913
570	926
850	980
965	967
803	868
522	626
701	857
714	796
549	988
115	467
741	929
133	521
441	637
699	932
427	473
666	755
710	798
756	914
197	950
200	696
668	801
921	981
150	875
241	993
414	921
87	526
675	696
231	948
205	518
726	927
471	637
397	459
674	996
613	986
384	934
645	938
226	991
842	994
735	868
845	999
430	757
564	986
583	999
839	925
572	581
379	940
539	929
74	75
425	827
543	819
474	948
955	992
26	263
143	848
270	889
358	773
707	890
848	866
154	714
830	997
360	553
425	948
511	951
607	659
280	301
846	941
672	761
839	938
985	992
536	900
52	558
337	956
772	884
97	974
36	964
210	851
344	851
512	664
402	792
663	833
79	782
235	800
276	838
279	843
191	959
535	769
790	793
399	908
200	964
105	138
506	970
748	769
744	798
72	634
889	893
727	831
457	970
591	970
88	844
811	973
33	679
809	900
160	454
693	954
321	557
440	508
541	560
885	895
45	918
296	500
43	54
3	921
180	325
820	914
759	904
286	980
437	624
280	677
660	898
467	503
722	729
336	922
410	871
792	973
19	986
495	686
734	968
453	689
577	984
692	971
39	820
111	696
149	988
653	750
801	914
625	917
363	917
745	982
487	983
528	755
604	979
43	417
115	293
262	986
14	884
298	414
237	404
836	992
935	971
486	879
508	638
847	858
346	576
766	933
356	769
736	990
361	884
736	761
69	941
666	931
518	804
578	818
88	173
525	928
599	877
654	813
824	995
617	931
249	535
562	995
142	409
722	984
460	984
83	997
840	976
145	828
448	600
164	841
189	605
106	836
615	713
17	764
3	600
523	895
825	937
911	977
145	949
847	992
411	839
749	834
284	1000
573	608
932	955
364	434
503	778
756	995
723	818
561	719
621	770
712	888
698	990
194	962
906	939
235	734
513	944
50	954
793	998
34	192
490	960
297	831
402	847
880	886
145	962
700	955
178	321
183	665
601	949
876	888
251	836
204	724
383	955
672	829
732	843
61	675
327	794
492	898
612	963
27	44
44	213
357	444
609	665
192	498
684	960
530	722
222	340
683	735
199	393
457	917
630	845
679	966
753	915
794	953
31	930
606	609
470	977
495	512
613	733
558	797
67	974
764	902
741	918
875	918
625	972
413	564
270	515
743	964
454	861
896	977
500	977
734	915
71	571
150	635
236	638
722	797
144	820
452	936
245	872
713	977
350	925
905	918
784	857
250	923
590	991
557	585
226	980
202	357
754	870
644	998
17	577
715	878
135	303
761	994
921	983
558	931
733	932
819	972
279	469
191	585
490	652
803	883
800	814
909	986
721	935
143	958
532	770
430	988
858	940
448	776
701	993
506	717
566	768
915	922
712	822
254	947
557	719
133	657
738	996
586	602
295	655
536	781
98	784
368	416
43	619
122	912
268	966
519	548
890	986
381	614
941	951
108	950
724	953
512	545
737	892
348	787
642	776
499	956
760	768
853	959
765	846
508	961
184	837
406	913
767	892
610	945
431	677
739	830
40	792
408	959
931	1000
67	437
237	848
493	545
364	623
584	892
468	717
841	962
555	605
799	965
343	722
384	723
596	902
752	890
293	864
241	674
58	967
889	895
878	965
473	687
352	626
852	949
31	985
153	682
282	567
204	913
493	787
479	623
267	969
415	867
468	730
676	908
5	703
385	924
426	962
261	400
896	911
898	957
750	793
741	973
364	757
281	988
817	968
577	986
379	513
475	975
67	921
585	618
361	873
180	798
717	737
92	456
312	688
947	970
762	924
8	462
266	986
863	976
558	865
403	991
169	824
819	906
450	514
515	643
854	863
840	965
113	865
187	814
178	994
412	932
613	922
38	462
126	309
953	990
906	915
414	978
433	991
768	981
496	522
909	920
155	229
927	974
946	987
798	860
321	935
863	989
949	992
847	981
360	597
290	309
821	928
840	978
881	979
499	648
793	866
751	869
622	755
995	1000
571	938
557	774
793	987
270	717
416	1000
77	551
930	992
635	815
888	995
362	656
402	957
503	780
797	998
32	148
670	893
876	998
119	790
848	936
94	733
209	720
864	880
258	841
566	957
103	967
46	433
681	944
593	831
920	960
519	616
811	909
470	616
277	975
250	320
535	947
177	973
688	960
194	388
586	912
653	673
553	735
691	965
822	896
142	908
783	904
141	683
683	737
488	727
741	907
493	842
1	114
801	958
157	627
685	783
938	963
762	966
509	557
514	901
10	873
285	812
679	968
85	229
169	866
219	458
857	974
207	340
19	814
838	853
631	789
576	853
122	417
667	971
815	869
449	748
583	748
132	812
7	817
111	874
157	761
413	687
652	969
94	412
440	820
425	926
478	523
842	985
64	425
377	885
399	644
201	925
517	636
195	356
921	985
640	706
134	871
153	884
617	988
202	480
708	877
155	176
592	931
435	947
173	947
99	769
571	993
502	893
288	641
708	998
763	934
18	551
108	710
944	982
341	652
700	999
915	924
354	362
212	952
353	891
955	996
196	944
476	998
242	831
677	759
47	555
267	595
814	993
676	763
888	942
929	943
758	832
238	308
100	832
702	937
339	848
282	314
985	996
536	904
355	829
792	830
654	896
142	950
753	838
813	889
656	942
568	829
475	601
191	842
774	897
214	974
322	773
850	892
547	891
51	687
786	907
973	999
577	733
716	848
586	738
97	281
877	887
161	976
477	916
521	730
438	961
340	389
424	797
281	977
396	964
778	800
734	959
472	959
90	628
546	679
725	910
664	900
361	633
204	915
625	679
327	985
299	923
445	977
660	902
882	978
458	916
637	918
497	615
452	872
400	682
556	966
456	991
891	919
495	690
35	934
62	808
444	873
361	875
290	406
367	626
405	918
606	908
754	806
569	760
863	978
302	416
701	916
195	290
902	906
71	520
866	983
444	994
942	978
42	987
900	981
191	521
523	994
638	981
726	865
872	919
335	943
891	932
295	349
775	986
539	746
253	352
189	596
824	878
736	994
851	981
137	177
529	930
59	752
501	868
969	973
224	819
740	884
826	924
481	889
627	980
85	660
907	997
318	639
151	196
513	814
77	661
800	992
29	886
13	124
276	763
524	599
890	922
408	653
256	784
374	776
107	432
566	946
505	707
832	836
307	951
436	836
818	938
922	995
774	831
256	905
600	715
691	833
677	935
28	489
341	720
695	952
698	994
739	995
469	905
931	936
672	941
746	890
828	959
910	998
327	677
681	946
473	502
100	671
499	905
397	894
39	395
834	895
875	896
938	952
767	841
753	906
197	688
431	626
596	959
766	845
623	796
314	980
649	970
371	733
197	809
329	965
269	685
164	403
744	978
100	913
45	977
945	968
442	613
456	925
192	852
734	906
357	919
544	745
838	963
771	973
576	963
342	567
171	914
245	863
823	840
358	511
845	858
201	793
215	462
135	173
706	965
35	760
926	968
332	458
356	815
903	984
722	909
89	996
254	575
157	642
210	239
127	699
657	928
500	981
238	981
448	525
656	676
842	866
854	920
465	879
592	691
845	871
41	817
349	933
509	922
32	997
677	735
844	912
632	992
318	573
590	995
268	715
73	476
78	820
821	864
480	571
900	928
633	813
270	761
659	987
411	885
777	979
837	993
647	869
578	998
504	820
44	835
360	775
203	828
731	984
483	882
423	602
629	936
703	885
721	939
826	992
380	646
672	754
839	931
173	841
811	832
470	539
934	939
249	836
552	608
832	891
35	318
535	641
888	944
280	536
973	988
469	960
362	834
760	880
746	945
102	385
915	939
593	888
802	998
876	947
471	898
457	963
572	950
693	947
12	963
210	978
88	729
896	902
495	558
132	506
835	892
780	956
95	853
618	665
699	738
470	915
234	904
179	968
831	894
60	522
627	835
217	442
783	853
361	864
768	959
92	447
699	859
336	807
905	964
924	977
269	982
40	930
291	512
783	974
958	975
262	979
565	751
891	921
440	985
550	628
803	808
440	756
29	633
213	979
340	754
452	995
49	53
56	995
796	805
372	972
787	985
606	910
735	795
55	541
528	990
302	647
646	982
604	985
735	916
372	864
680	980
702	739
666	816
757	934
177	359
242	754
302	768
527	886
217	926
814	916
365	824
714	978
76	721
673	711
714	749
392	698
833	929
934	981
953	994
161	765
870	996
240	829
782	883
969	975
735	808
50	705
740	886
366	416
770	994
200	878
816	881
308	411
654	819
409	988
299	362
543	988
964	981
150	239
688	817
223	488
233	947
214	668
714	991
511	891
175	942
151	319
739	755
529	945
343	526
381	781
890	924
325	886
499	773
397	991
8	950
457	776
930	996
489	994
809	935
828	948
184	883
566	948
781	873
538	886
13	18
510	824
904	943
334	827
191	778
540	666
581	704
39	384
283	781
938	941
709	889
781	994
855	943
310	325
642	835
370	376
466	838
655	774
366	671
10	972
681	948
189	974
491	787
403	674
549	728
125	666
686	962
171	553
303	443
561	967
299	967
514	663
257	970
305	489
40	743
722	777
667	841
161	215
686	854
845	847
308	908
81	865
131	228
623	919
26	700
375	854
135	872
138	618
893	901
394	988
135	993
391	690
234	972
287	983
507	986
667	975
735	850
620	634
146	980
762	983
835	973
477	999
277	645
629	804
870	930
956	970
160	999
757	989
335	1000
531	683
784	863
932	990
674	991
541	876
11	647
66	583
503	584
107	355
439	865
527	941
632	994
687	930
153	996
717	809
307	645
229	991
707	764
886	995
803	997
761	1000
524	535
615	882
821	987
330	935
22	553
765	826
154	709
393	991
797	815
217	994
645	946
791	1000
339	839
862	880
614	815
578	892
825	998
663	936
795	826
800	941
170	774
230	825
161	954
450	828
758	944
436	664
793	938
572	939
378	430
806	877
718	764
170	895
596	774
16	199
22	916
171	487
80	857
300	897
165	672
855	890
197	624
145	205
58	731
488	544
256	975
691	903
500	783
595	791
309	434
801	896
498	858
603	911
138	323
33	795
762	904
150	791
324	678
100	970
315	858
711	858
512	914
451	904
625	791
699	740
878	971
183	860
604	853
667	909
727	960
212	743
437	861
905	966
844	956
627	958
541	689
448	461
370	807
141	984
227	987
521	976
942	969
386	751
754	918
606	791
859	971
698	730
488	920
870	985
763	859
386	872
854	977
724	867
187	928
8	468
756	856
742	921
673	821
263	923
304	695
782	993
840	971
504	985
129	879
37	58
233	936
622	748
775	990
654	929
805	869
138	820
724	880
911	972
930	985
520	821
828	937
869	975
888	988
244	657
923	982
90	190
964	983
97	903
749	829
284	995
834	873
779	937
531	872
550	885
654	942
728	891
24	775
323	842
159	182
785	873
334	708
408	657
614	991
628	660
793	993
545	891
20	23
443	880
809	937
52	729
602	644
712	775
161	901
744	956
494	552
559	947
619	961
182	960
326	416
89	503
591	899
603	953
765	786
300	952
897	942
281	673
489	888
332	904
744	848
174	961
444	556
479	550
391	437
79	845
662	900
579	902
494	794
380	958
669	795
562	669
667	722
875	900
88	786
298	330
243	394
745	790
690	854
459	958
627	771
40	745
563	786
857	967
628	915
158	966
378	969
268	343
759	846
690	975
338	789
431	980
678	857
764	897
115	222
507	975
273	808
689	723
176	912
181	990
382	980
561	982
60	700
710	782
150	859
218	993
419	754
460	792
155	156
625	859
127	582
715	752
11	407
544	870
184	335
736	811
37	810
537	867
242	690
944	962
238	985
833	865
62	759
497	916
53	939
629	806
419	996
312	870
509	926
849	994
613	983
645	935
906	976
221	873
4	875
446	991
886	997
41	942
638	932
962	992
703	997
684	755
359	406
737	766
396	473
676	756
712	938
65	373
906	989
376	760
271	478
427	954
389	470
209	768
536	897
758	946
357	373
207	843
771	885
683	772
788	825
31	617
77	962
397	940
292	658
199	430
273	379
195	954
630	653
533	949
519	785
499	843
848	997
199	551
507	667
603	900
584	658
137	841
519	906
693	830
535	887
773	944
643	834
225	846
266	618
255	954
389	954
452	973
947	952
176	846
335	573
734	844
172	811
53	631
452	865
391	855
732	919
253	921
349	629
784	786
247	847
140	226
650	742
259	857
861	925
826	904
308	978
187	688
467	971
434	565
527	756
258	339
442	685
483	686
312	804
212	637
91	576
215	871
220	986
289	591
250	865
315	994
263	804
208	868
851	974
823	912
839	856
522	920
486	997
888	977
76	833
543	979
629	753
196	871
757	938
8	820
335	949
99	938
171	289
393	927
668	866
976	982
236	943
151	310
717	987
610	861
328	946
340	1000
455	987
739	746
890	915
4	822
35	135
909	928
416	995
691	705
663	872
610	982
804	996
559	936
633	885
55	908
3	718
793	874
402	952
825	826
300	941
916	944
38	712
15	957
32	372
1	793
45	836
802	815
490	957
186	960
170	952
404	890
786	955
247	418
885	934
217	246
326	418
737	955
468	767
115	908
398	442
785	888
158	726
350	896
314	973
23	272
649	963
850	953
524	968
463	958
623	910
296	552
697	896
356	566
342	668
72	807
600	963
144	683
658	904
451	840
542	958
468	780
388	491
627	773
870	908
551	899
430	609
789	956
233	509
945	974
824	913
259	912
686	979
345	686
553	864
861	980
754	854
391	802
363	969
8	512
624	744
729	797
622	671
701	964
439	964
613	622
678	980
595	982
507	869
229	861
204	279
849	983
645	924
180	861
290	467
224	638
229	982
578	641
108	463
32	882
233	872
715	875
434	862
742	978
112	582
57	646
728	814
860	970
180	982
123	182
689	859
119	706
331	885
523	826
784	867
319	767
814	975
617	875
413	816
826	985
705	924
531	808
223	426
902	980
594	598
818	986
36	950
894	981
27	901
173	955
503	830
167	881
112	945
723	870
291	947
159	239
431	432
306	666
547	994
681	994
244	956
373	841
514	588
758	948
100	948
656	937
530	532
141	491
480	711
980	997
4	193
938	1000
470	666
272	947
709	948
79	781
827	940
450	953
785	943
347	717
264	682
773	825
883	956
583	664
101	920
219	387
237	966
719	969
424	792
584	781
281	972
616	962
196	376
228	328
440	507
541	559
871	959
650	731
722	836
680	839
924	970
49	972
835	898
417	910
632	798
52	223
752	900
655	967
42	969
878	975
192	913
849	917
852	959
659	793
516	973
824	860
810	962
175	451
488	911
303	865
946	971
798	844
528	983
949	976
522	680
701	911
720	924
117	631
48	760
879	917
39	940
741	983
276	395
881	963
182	696
182	467
622	739
474	989
417	455
91	470
541	935
902	914
420	874
580	863
332	532
860	917
32	240
543	981
557	879
900	989
163	696
550	876
278	417
858	992
539	983
635	920
728	882
733	997
483	822
422	812
501	876
721	879
677	809
464	930
519	600
252	256
284	999
922	990
779	941
663	766
575	653
93	613
795	885
855	936
380	828
526	882
237	779
880	885
825	949
603	836
584	594
4	19
102	554
952	990
780	883
274	782
246	720
862	952
581	939
9	484
588	834
982	990
178	670
290	911
940	993
472	659
790	968
908	960
787	899
105	313
322	836
743	829
426	893
156	803
646	896
903	966
328	506
815	853
152	509
28	739
243	398
676	960
528	796
247	554
541	735
893	894
631	665
447	844
350	911
564	840
850	968
3	278
393	729
68	932
214	232
324	629
329	973
618	847
365	401
824	915
576	850
903	979
782	918
625	971
465	753
344	692
5	997
963	966
729	799
333	570
477	992
260	994
735	964
513	622
377	990
611	928
248	876
671	979
738	740
872	969
333	920
849	985
310	936
967	977
309	977
791	980
730	741
331	995
606	971
339	590
583	987
715	877
830	864
429	520
453	877
117	928
222	944
566	754
276	692
183	464
469	592
367	810
366	585
291	936
629	931
661	883
707	999
559	872
922	924
545	708
839	926
300	877
828	996
2	954
962	996
332	829
511	831
684	988
343	695
821	993
383	767
506	837
511	952
533	711
376	993
992	996
655	822
589	993
778	892
275	308
767	770
371	770
901	999
560	706
257	668
339	966
177	904
686	781
332	963
13	429
887	956
109	662
288	893
403	614
461	784
494	732
586	964
658	840
121	901
295	788
248	676
165	678
280	665
579	961
174	912
838	892
549	789
378	907
116	907
410	859
446	553
729	841
533	966
555	725
71	612
527	626
71	383
475	961
912	962
686	915
410	980
107	979
519	923
238	910
898	956
958	970
636	919
359	907
815	921
437	975
872	903
330	620
383	446
187	571
495	687
467	854
315	985
530	910
733	744
912	975
106	582
345	864
823	903
446	916
196	512
22	359
550	744
517	567
140	351
539	851
136	875
717	857
851	857
923	962
364	998
900	978
740	760
733	986
626	631
851	978
708	929
890	906
614	742
261	883
569	999
484	632
635	801
117	875
291	762
860	919
617	932
758	871
818	922
802	914
196	875
53	301
913	930
916	935
739	750
909	932
895	997
867	935
195	771
594	776
888	994
767	933
753	769
598	895
285	435
395	832
582	887
790	836
821	940
719	892
526	763
438	879
779	943
94	840
223	725
443	994
880	995
451	589
506	784
915	989
618	702
769	871
366	895
306	615
658	774
630	712
809	943
616	777
693	997
132	435
882	896
63	601
255	771
265	964
306	736
185	446
859	885
938	949
998	1000
542	720
607	849
660	941
711	906
623	793
287	844
889	949
873	941
210	331
140	272
926	952
475	787
1	342
204	967
625	960
162	970
465	742
919	949
430	492
877	952
16	623
690	981
657	804
569	920
729	909
803	858
863	909
715	745
167	388
866	914
731	955
796	855
606	960
231	817
647	732
726	796
311	517
963	968
176	329
238	978
673	869
310	817
112	344
736	925
837	977
226	860
694	928
974	982
110	648
812	920
429	630
137	229
909	974
152	766
279	807
201	924
316	874
512	520
154	812
503	700
816	931
761	995
921	984
411	882
879	987
920	988
593	630
133	874
4	760
22	777
724	820
932	998
429	643
57	1000
401	810
392	990
948	979
500	523
563	579
260	541
270	1000
163	874
825	993
401	931
915	923
115	833
280	412
175	884
385	428
376	874
436	659
157	426
484	592
473	662
390	893
992	998
147	906
274	718
427	960
922	939
378	775
809	998
401	944
542	654
547	998
795	834
822	937
500	657
491	837
73	849
237	957
120	143
185	501
746	834
229	544
704	837
361	848
88	955
776	834
165	680
563	955
444	738
535	893
958	959
461	678
796	897
415	976
132	853
473	917
646	845
269	858
20	568
548	687
264	928
410	982
393	786
720	915
403	979
263	676
450	502
111	807
419	923
441	682
812	854
256	636
891	918
357	984
742	795
139	990
175	684
304	569
717	738
865	902
763	854
212	751
559	795
946	975
844	964
797	852
608	687
824	985
851	859
923	964
303	990
830	921
272	859
305	807
714	975
79	464
915	965
571	926
478	698
772	916
404	520
505	572
221	813
312	931
202	305
532	934
710	977
371	464
964	978
300	934
916	937
318	988
934	991
538	991
660	688
978	997
675	996
697	755
790	946
802	808
876	986
867	937
778	828
864	868
143	317
202	897
362	886
785	989
255	531
802	929
554	827
172	496
774	830
526	765
875	882
880	997
732	833
778	949
294	607
693	878
505	827
596	945
670	894
876	999
86	843
48	322
773	992
759	828
542	830
110	153
528	666
44	324
926	941
250	429
227	674
380	953
903	957
982	994
660	943
388	484
472	892
95	905
669	911
433	900
111	620
479	787
933	957
253	969
421	782
225	907
748	948
560	897
775	785
200	325
98	277
488	728
667	959
634	782
171	792
312	502
840	887
96	618
835	957
580	667
310	806
678	973
10	285
650	911
636	976
634	903
845	857
872	960
294	983
528	921
907	917
444	927
530	967
590	752
617	855
92	741
340	577
226	741
496	565
826	965
743	967
476	852
784	968
710	790
25	687
314	524
775	919
234	272
640	694
678	986
249	809
736	927
205	739
391	929
41	816
355	454
544	878
626	917
222	827
328	994
758	807
340	819
128	411
532	989
481	943
262	347
612	874
82	645
371	519
510	863
670	815
730	866
105	814
241	409
518	983
306	309
316	997
130	349
737	761
198	712
406	890
113	116
469	946
482	885
716	823
721	938
430	991
185	369
570	705
809	987
828	1000
841	939
500	646
132	250
579	939
698	927
712	825
348	777
403	484
72	613
194	310
980	990
677	989
185	261
732	888
765	836
630	648
910	931
101	792
352	374
663	946
809	1000
456	616
142	951
252	557
658	952
570	839
919	993
795	957
836	958
533	957
884	891
466	903
903	904
746	957
551	947
778	909
537	554
561	911
564	657
674	788
30	457
126	165
320	970
639	952
776	957
338	960
197	984
912	966
678	799
103	568
213	965
829	968
114	168
587	617
143	869
26	55
430	670
564	670
151	989
176	265
835	904
819	896
241	919
958	974
777	899
782	977
42	975
840	955
391	863
661	687
91	571
710	845
696	910
159	971
122	823
650	979
271	394
9	919
231	995
298	756
721	859
148	997
682	867
439	917
184	627
538	859
900	982
941	983
462	985
94	589
572	628
154	640
536	705
677	910
797	975
682	759
539	976
932	934
392	926
918	972
251	694
145	941
286	651
580	869
514	515
645	998
68	428
269	418
422	697
688	816
633	880
894	921
283	996
839	985
66	998
11	833
487	762
561	711
487	533
771	935
2	195
17	998
688	937
125	531
149	888
705	877
52	955
704	881
179	538
607	719
901	937
794	811
178	542
390	721
692	763
904	942
642	942
375	827
2	87
609	765
58	891
655	881
498	668
855	942
588	827
174	958
447	595
493	940
23	267
690	959
514	999
96	257
338	773
370	496
982	996
82	968
555	663
604	784
494	912
86	858
609	899
529	610
592	666
546	964
186	392
425	674
865	946
54	209
42	909
515	567
47	987
699	913
456	926
817	905
944	946
206	751
238	969
90	805
477	985
650	913
796	967
166	571
160	756
365	636
84	394
231	821
803	983
819	964
376	623
818	968
703	752
113	923
550	924
333	926
770	927
522	862
869	906
420	814
365	878
203	816
511	932
590	996
670	696
45	644
848	968
867	981
793	803
682	935
761	999
681	976
93	311
714	924
837	994
601	983
397	924
287	298
503	825
355	698
916	994
33	647
392	994
566	881
593	984
887	936
529	999
257	540
697	812
77	838
443	932
80	843
589	986
723	986
313	822
855	876
593	876
987	995
519	661
832	892
558	589
119	956
499	948
573	897
162	774
649	892
186	902
327	841
466	892
125	599
727	933
176	830
126	972
368	1000
385	903
51	798
540	962
815	901
639	941
10	918
808	898
25	260
7	849
213	954
442	548
947	949
487	964
583	901
762	903
877	890
555	839
522	662
21	905
856	952
942	955
639	954
465	801
721	727
518	664
597	957
294	919
954	965
117	505
122	812
501	845
551	962
726	963
580	616
675	853
708	801
243	930
490	807
316	691
608	799
66	516
197	999
585	852
93	124
299	458
552	638
772	907
791	920
805	855
142	511
152	933
185	881
367	629
675	745
435	992
30	943
379	868
525	922
599	871
800	861
703	928
763	979
837	928
565	994
303	994
705	974
724	987
462	987
117	989
855	918
937	987
58	530
302	890
214	777
341	589
607	708
560	633
716	880
672	810
66	1000
140	949
350	530
355	874
621	993
607	829
385	487
403	770
618	695
656	987
785	872
609	875
320	772
553	714
264	611
748	926
299	834
389	993
324	369
711	778
871	996
301	651
521	883
686	950
619	960
240	375
60	673
868	883
940	988
292	952
268	329
933	948
224	259
124	321
850	950
361	907
461	616
657	905
836	907
123	971
257	971
351	606
230	316
1	227
221	496
534	956
264	866
933	961
148	920
891	964
321	848
283	327
178	799
208	678
282	627
114	225
69	748
191	216
385	984
701	961
164	985
167	502
21	973
461	979
218	992
68	230
652	961
453	980
833	972
599	805
365	638
805	910
791	975
818	849
358	864
573	752
881	905
589	733
30	769
198	582
833	864
387	518
120	928
483	751
661	757
413	692
160	1000
728	932
258	754
695	755
309	985
381	595
647	980
246	636
666	993
688	752
228	996
691	757
457	590
219	947
126	719
883	927
184	926
404	700
175	877
68	485
147	778
95	588
601	985
802	975
34	349
251	872
834	927
8	885
913	991
591	940
677	980
131	955
43	842
478	999
440	478
271	706
637	763
716	827
210	955
672	986
584	873
723	988
602	927
299	889
423	955
901	994
334	883
260	668
961	981
658	943
773	930
358	422
112	955
17	129
437	486
65	843
46	601
82	783
338	709
582	840
208	599
347	943
889	997
88	948
468	940
445	956
453	551
856	941
80	979
919	997
148	854
776	948
373	972
192	668
412	900
665	851
318	484
664	892
905	954
327	977
41	620
710	715
668	718
866	962
585	949
497	836
37	851
421	962
624	796
206	808
443	492
219	747
912	970
298	747
551	964
195	282
847	962
805	965
736	865
840	959
666	806
112	634
893	970
120	983
661	812
545	866
710	970
333	983
352	996
663	858
681	683
519	584
63	341
422	688
983	984
243	945
702	742
740	997
172	247
397	860
779	925
853	874
591	874
897	917
258	930
612	933
417	694
656	976
628	877
320	532
751	984
778	821
594	771
846	992
670	995
799	880
496	879
408	995
389	753
702	984
218	605
779	938
443	989
880	990
498	659
186	838
170	830
65	548
612	946
398	428
348	836
686	831
350	882
553	716
603	833
971	1000
910	990
194	490
468	995
616	893
597	651
695	957
877	934
261	436
734	885
417	949
128	846
750	829
158	954
755	944
815	958
713	718
556	1000
27	390
431	968
527	676
725	957
549	960
172	973
581	949
741	901
116	849
367	431
498	914
178	680
393	605
631	891
309	611
393	955
252	979
481	802
849	969
592	791
60	930
118	871
921	966
217	850
700	738
879	969
634	909
441	743
694	923
372	909
231	933
974	977
578	977
13	976
495	979
11	866
30	879
805	912
612	746
648	928
823	966
568	676
826	971
784	974
407	987
608	977
544	992
800	918
216	638
703	985
138	984
723	856
57	995
341	525
888	923
579	811
791	990
804	929
749	993
848	972
270	995
75	756
624	998
603	875
742	990
272	812
79	646
700	993
693	805
230	815
698	920
343	692
818	985
862	991
977	978
110	898
287	531
471	877
957	999
635	985
616	706
492	936
593	988
450	939
739	813
973	980
482	891
163	882
908	999
9	415
759	876
809	993
767	996
987	999
197	614
609	824
540	724
372	588
570	832
704	832
649	896
354	948
877	989
762	773
910	937
241	778
764	819
931	996
586	961
400	542
479	835
685	940
445	958
217	542
599	607
194	558
273	851
414	827
278	966
59	370
279	373
239	974
849	903
403	853
131	394
136	738
544	563
604	843
750	897
669	972
433	961
870	962
611	967
118	805
882	972
62	910
296	848
958	967
56	866
754	908
279	386
330	617
729	851
315	982
373	398
750	910
409	617
37	974
307	569
513	674
232	395
624	919
333	972
164	934
800	852
48	988
805	967
562	980
510	790
240	929
276	623
86	233
242	975
894	901
476	913
715	929
319	929
816	981
594	868
277	932
566	806
626	857
612	922
827	847
598	758
615	927
656	965
730	914
513	916
854	980
511	991
119	881
399	935
578	937
347	516
466	467
705	978
314	827
88	521
360	714
487	755
599	996
640	997
800	986
216	935
395	937
937	991
834	984
209	932
792	987
61	539
608	937
38	821
96	237
492	991
607	941
758	881
573	835
526	989
922	989
658	879
603	943
940	979
128	835
238	478
169	607
834	997
47	846
570	887
93	733
690	723
607	954
822	879
679	830
799	895
35	499
871	1000
864	997
588	833
174	964
898	995
548	616
386	554
279	428
685	887
630	951
468	889
294	965
690	965
528	903
371	956
750	952
650	785
20	618
817	898
495	847
641	901
574	911
16	849
636	742
157	973
537	965
210	341
316	737
435	688
522	613
701	844
16	741
439	844
599	796
29	680
488	965
818	840
548	979
345	916
615	740
367	675
689	726
909	958
432	804
845	973
707	743
858	912
99	860
742	966
164	989
145	747
902	955
286	457
814	842
351	852
497	906
175	855
208	803
216	627
381	694
754	976
219	817
869	899
122	884
337	809
731	965
226	978
909	971
928	984
605	974
779	861
25	924
589	737
663	686
943	969
360	648
525	981
387	751
240	997
188	807
205	976
499	928
163	750
531	917
130	573
438	689
517	982
291	935
681	861
478	761
450	928
799	816
274	702
568	920
136	243
862	872
461	528
908	988
452	708
83	353
709	815
55	254
459	640
464	984
656	925
821	992
380	990
149	828
679	993
560	813
393	407
596	995
950	998
769	923
172	667
521	821
447	643
562	593
424	888
603	890
286	954
14	495
313	828
598	960
563	939
697	939
254	598
190	842
919	988
671	886
877	991
225	836
385	788
255	944
766	894
439	536
304	311
428	606
433	950
562	835
378	785
564	652
428	727
166	727
460	716
410	858
432	617
110	337
528	850
49	852
123	801
95	968
62	791
912	961
678	794
669	974
648	851
345	850
432	738
946	959
90	974
866	966
673	800
134	788
722	958
488	791
782	972
675	846
754	910
881	951
432	630
523	977
638	964
379	969
953	975
656	725
288	329
620	802
490	692
710	961
206	933
324	925
654	800
907	980
800	854
15	813
483	918
82	574
529	805
436	577
532	810
647	797
418	974
182	697
374	867
314	587
322	448
423	759
832	927
118	123
106	823
362	749
455	977
656	967
918	967
212	990
482	814
867	921
503	873
640	878
469	996
510	805
386	998
353	821
67	464
721	988
514	631
101	721
177	945
540	768
108	882
691	937
892	927
952	978
910	981
19	544
621	878
827	983
868	984
173	193
357	539
408	999
716	886
287	709
466	711
727	981
619	953
130	762
820	943
454	593
789	812
780	992
711	892
917	997
361	779
438	999
460	758
345	542
419	491
102	784
231	669
211	956
926	938
475	773
562	661
223	966
639	881
135	853
162	956
905	1000
523	669
643	1000
476	594
764	997
166	553
451	951
14	913
611	674
382	851
151	918
426	894
118	741
214	449
365	618
287	964
694	793
64	626
162	969
5	985
701	954
379	903
921	957
814	831
81	980
48	803
645	793
636	973
290	336
419	975
815	975
854	903
914	954
336	977
537	967
826	841
184	556
46	97
428	916
307	397
515	575
928	973
539	905
263	970
511	806
860	960
738	970
163	739
311	637
806	845
374	693
453	986
673	989
948	965
700	863
6	940
78	816
909	973
587	922
504	924
397	798
116	290
816	930
1	946
390	529
49	236
837	989
466	524
283	817
957	990
57	999
786	879
846	930
82	534
749	997
950	987
521	581
388	991
187	412
51	551
684	989
246	763
628	828
567	818
999	1000
83	476
878	939
181	782
743	751
481	485
973	984
188	943
494	949
245	659
267	943
570	715
704	944
368	995
965	985
706	990
398	608
713	885
266	839
618	998
332	375
433	952
965	998
297	539
239	857
580	598
747	775
411	560
631	829
386	732
553	909
336	911
60	976
449	788
294	914
509	839
849	907
527	856
48	858
92	901
433	965
592	958
812	961
710	950
486	976
907	969
604	968
860	894
207	743
942	963
441	681
620	912
413	619
25	968
751	843
784	791
98	463
516	976
373	402
791	915
6	874
515	751
854	971
895	972
353	689
14	994
867	910
349	984
443	619
668	966
267	622
441	923
730	797
59	629
105	974
36	874
638	979
897	910
371	571
340	992
376	686
496	980
417	458
804	867
749	931
50	930
619	821
770	990
498	531
649	700
148	418
640	880
10	713
846	985
887	986
610	974
343	630
207	998
367	987
274	759
771	811
66	995
682	998
883	988
776	862
827	864
813	929
329	587
482	829
586	657
610	987
651	988
637	824
769	980
713	819
369	780
776	875
148	552
459	939
574	889
321	480
178	660
461	719
177	960
190	899
630	942
181	850
129	660
627	873
706	937
725	950
664	940
741	894
345	894
801	945
264	969
474	550
845	951
220	899
528	786
25	660
414	886
796	951
763	774
56	912
652	943
726	892
486	910
546	961
365	620
530	953
678	851
98	276
884	956
736	792
837	844
708	730
188	206
331	743
881	887
248	974
421	902
775	905
632	856
833	846
464	720
326	786
596	610
255	317
430	843
742	849
29	913
98	518
566	623
32	164
323	636
166	918
298	808
36	808
858	916
608	970
544	985
323	986
170	515
703	749
895	919
320	459
172	295
251	625
125	220
605	857
682	811
676	737
15	991
353	986
909	975
661	873
707	989
292	747
586	699
765	930
25	928
219	942
575	806
962	986
19	359
404	924
788	806
688	868
572	922
383	757
107	822
410	594
929	930
266	586
156	714
813	984
560	575
169	653
293	948
683	874
380	873
581	863
39	543
108	939
801	866
773	804
152	191
792	817
47	663
704	933
415	830
640	948
767	989
505	989
799	941
697	930
193	902
350	822
80	961
47	784
253	889
5	787
734	933
808	882
813	997
780	820
852	925
458	540
378	776
704	946
984	1000
863	939
252	785
357	838
866	944
444	726
664	995
494	843
639	938
317	887
446	772
358	659
220	725
261	726
217	427
153	900
609	951
73	382
424	905
914	998
905	949
509	949
659	664
824	960
240	680
201	954
935	949
341	439
286	503
912	965
538	724
824	852
409	610
763	842
708	906
69	919
305	903
728	740
263	906
562	973
510	783
578	917
251	559
289	814
366	509
434	909
398	986
709	848
318	734
428	865
937	971
372	970
413	971
260	463
647	909
526	619
586	633
869	958
184	626
392	804
249	984
216	807
536	933
682	987
179	632
368	568
786	815
515	995
807	874
908	926
424	584
406	944
566	933
781	858
552	998
587	992
628	764
91	825
719	882
779	933
383	933
484	985
966	988
9	463
317	350
781	979
99	356
739	982
706	805
832	944
716	998
876	987
180	466
364	775
690	716
109	707
491	772
585	636
769	982
20	369
801	934
947	988
759	937
577	896
444	781
697	998
535	936
521	772
870	889
815	953
567	888
485	526
690	958
638	768
891	948
550	655
3	28
729	886
935	991
926	942
463	952
342	891
810	996
884	945
502	614
782	897
193	273
363	950
19	911
775	894
489	537
198	324
576	950
870	902
73	329
190	914
768	891
119	445
721	779
248	855
413	434
724	784
803	848
319	735
645	676
777	832
601	606
430	724
146	965
233	853
489	779
668	781
43	692
772	838
39	987
502	748
348	510
377	982
129	917
740	805
913	962
242	794
696	735
608	851
723	838
360	749
346	851
728	916
194	753
488	971
703	859
717	794
925	972
284	912
358	861
335	877
407	982
641	920
608	743
828	975
728	808
337	923
693	787
684	738
802	959
435	936
658	685
649	865
673	993
612	983
610	910
94	764
864	911
809	975
594	821
506	937
547	975
781	913
795	811
87	990
431	534
637	639
301	690
853	937
424	760
396	698
929	932
478	996
271	932
651	924
429	996
776	811
198	834
547	988
404	939
901	991
236	308
549	768
683	997
581	986
669	833
856	925
396	940
831	868
382	776
616	714
321	537
445	832
38	185
530	876
26	848
871	940
631	699
768	933
873	986
245	663
322	883
704	948
831	989
368	999
924	951
445	953
486	954
202	966
563	945
139	617
70	783
856	938
625	776
149	258
789	884
734	948
346	543
516	954
254	725
842	895
83	843
284	604
363	897
270	669
504	607
449	671
297	543
863	954
250	956
181	331
384	956
296	843
249	731
958	962
722	951
259	961
37	848
735	890
881	944
657	970
261	970
103	798
593	662
194	916
254	967
231	983
565	859
740	860
471	672
605	901
803	916
352	980
85	865
277	577
442	910
483	911
675	852
97	875
284	967
485	957
839	960
858	973
200	973
797	963
136	988
733	978
890	898
255	387
31	642
793	965
633	747
471	685
154	978
770	981
195	750
484	624
508	981
248	347
420	868
621	858
566	922
368	449
610	736
904	917
821	919
941	984
517	922
622	975
23	121
420	989
57	937
767	804
832	933
18	945
730	922
279	986
298	999
788	863
586	648
228	940
489	981
406	946
744	941
904	930
804	992
568	981
315	535
788	984
516	525
704	990
322	696
602	979
198	889
385	715
739	984
370	592
790	949
311	951
878	998
795	1000
910	987
951	988
239	782
748	925
472	990
852	982
144	895
667	707
262	887
625	710
262	658
211	841
808	831
563	1000
768	880
54	76
473	962
65	908
514	1000
388	595
696	711
935	993
481	557
761	840
852	995
865	934
142	310
226	947
644	965
377	850
456	914
762	957
714	886
254	901
708	842
671	960
204	262
250	903
747	955
351	955
370	968
543	896
617	845
474	796
909	953
798	893
407	971
374	794
164	984
267	439
131	807
84	732
249	799
139	927
763	791
188	560
21	154
825	851
236	981
654	740
827	897
225	334
612	743
249	691
529	974
651	671
689	963
890	953
928	979
779	856
572	792
784	971
792	795
346	974
901	967
936	961
955	974
246	514
807	810
578	987
567	569
897	969
85	825
272	917
828	869
332	931
781	794
29	930
473	641
288	861
785	913
422	861
477	531
114	479
602	684
786	993
137	584
885	972
307	995
274	818
320	934
182	1000
667	749
575	931
520	995
387	880
868	924
665	824
384	582
755	983
788	931
908	996
75	995
586	945
460	577
773	808
465	655
864	926
530	757
203	362
208	477
576	644
61	952
658	942
718	993
281	955
162	775
421	477
838	994
411	432
975	999
73	144
116	780
369	960
565	835
265	314
110	211
509	711
747	997
186	435
7	958
227	732
736	838
562	722
942	943
872	884
710	822
481	733
121	198
548	679
284	835
946	954
528	966
352	969
65	158
268	746
942	956
881	946
900	959
523	972
839	949
393	899
61	160
258	445
953	970
629	846
648	859
381	744
661	798
605	903
770	970
805	964
323	695
717	851
923	956
702	957
485	959
504	972
215	869
374	862
448	811
673	929
285	524
538	741
196	977
397	967
911	959
591	752
737	806
723	908
635	795
709	744
929	976
165	580
767	914
48	998
712	749
445	634
142	633
582	639
339	881
375	575
232	755
213	513
163	921
559	921
297	921
168	999
880	976
332	878
404	983
693	857
423	996
813	922
596	924
978	989
515	999
136	414
260	480
595	699
655	750
218	712
746	868
424	817
603	819
498	537
52	945
809	924
74	475
387	935
406	948
454	696
693	978
767	927
753	992
827	978
307	942
95	534
482	943
862	935
856	861
518	573
602	981
574	882
852	863
186	248
774	943
166	535
78	422
336	946
933	936
266	887
693	991
766	944
26	905
884	936
226	707
364	900
363	941
778	954
643	995
228	258
123	730
611	898
740	783
578	721
564	823
454	951
335	734
440	787
197	800
219	559
852	997
893	998
328	960
502	847
736	785
259	897
479	900
694	788
114	213
446	723
500	959
902	939
273	916
419	970
224	731
482	501
606	833
325	554
504	785
757	965
435	914
206	862
846	899
865	949
502	860
123	275
763	901
96	852
187	970
272	785
673	863
920	969
55	935
853	915
619	748
696	968
596	737
867	971
149	691
765	923
591	807
410	466
809	966
962	979
423	930
304	750
524	982
307	984
296	337
292	861
457	928
672	853
512	635
913	979
603	753
102	471
869	909
662	808
426	568
334	979
100	812
637	751
463	635
475	689
513	981
642	866
213	689
790	993
399	879
168	946
302	946
649	990
415	823
454	751
87	994
161	943
390	766
758	933
62	412
447	748
540	939
875	929
452	597
572	928
105	230
745	819
957	998
855	987
459	987
748	861
478	1000
899	993
725	877
752	980
169	659
764	805
535	982
452	947
892	990
262	823
685	926
671	762
173	485
987	998
835	870
169	780
100	946
961	982
367	472
312	536
317	880
281	957
74	893
726	819
41	487
588	885
546	888
379	482
585	816
604	829
576	767
650	716
870	948
268	385
259	831
548	668
190	960
114	147
570	952
826	878
729	945
706	998
747	999
458	896
544	899
222	619
557	609
199	901
777	878
923	932
856	942
215	845
220	960
657	961
335	910
192	898
402	442
674	901
770	838
103	789
953	959
650	958
152	681
647	889
826	891
330	953
206	917
291	732
923	945
381	625
620	907
601	665
881	948
17	614
380	437
641	966
492	843
492	614
934	959
34	968
175	907
221	794
634	963
147	579
895	967
69	925
930	961
434	794
525	912
901	903
304	684
166	979
837	918
155	561
64	931
320	628
260	348
589	789
508	864
165	461
717	974
235	934
40	695
876	967
746	857
94	702
458	575
711	755
591	875
603	929
718	916
24	764
55	77
354	639
156	883
90	300
31	888
12	646
499	993
683	814
600	816
672	921
658	757
391	642
570	644
556	746
313	988
523	532
712	993
841	878
68	891
546	701
669	771
204	937
259	644
820	940
861	941
484	991
603	942
718	929
284	408
98	955
225	996
877	922
459	934
63	934
838	930
571	586
750	817
125	765
292	942
565	771
382	835
51	964
660	816
109	942
238	827
780	881
847	871
766	946
659	820
86	958
801	940
364	902
713	827
518	817
363	943
449	717
354	894
63	947
720	951
474	895
815	959
768	884
102	794
451	948
933	951
210	556
756	766
305	830
287	961
884	951
925	952
130	196
508	556
673	852
678	967
772	831
414	894
620	962
668	895
632	972
351	959
166	913
596	726
399	855
624	973
302	922
677	836
76	875
282	980
920	971
390	513
161	690
703	744
876	901
635	960
365	870
253	400
781	785
277	757
478	747
409	913
598	812
825	976
121	860
214	822
396	570
786	984
524	984
395	870
381	935
17	924
894	968
66	816
597	681
401	806
533	925
63	747
931	971
783	807
466	642
460	568
33	989
759	864
822	920
244	943
211	766
87	996
577	823
904	989
752	861
609	812
153	532
581	979
768	805
377	654
377	425
459	989
720	764
296	702
268	374
400	530
264	898
873	979
611	713
468	930
500	882
898	928
699	718
46	833
208	831
972	998
914	993
69	672
303	610
831	995
62	898
708	780
735	883
261	963
849	904
527	853
35	916
420	727
814	883
411	678
189	565
309	896
502	796
851	950
854	955
504	842
416	729
132	970
803	909
467	960
28	95
580	837
141	157
738	901
624	799
539	957
580	958
520	678
640	743
10	576
918	953
353	915
724	858
489	961
682	861
52	694
888	966
84	912
640	864
552	751
87	917
389	501
494	517
397	850
545	748
457	635
897	907
698	963
376	912
101	707
546	569
656	966
744	813
572	972
746	859
451	453
313	977
285	649
371	689
54	753
436	818
202	651
804	985
31	769
862	926
273	531
765	993
966	983
267	982
143	421
621	985
36	66
533	872
394	942
91	941
111	590
493	692
135	947
479	757
873	913
479	528
831	916
776	980
19	772
795	993
215	418
200	295
130	990
856	865
801	929
474	534
606	690
47	726
65	780
588	821
371	823
85	429
301	993
597	991
454	942
789	932
338	996
954	999
766	948
549	950
153	950
824	889
631	760
507	953
947	996
759	945
638	655
643	999
324	953
409	768
172	855
455	655
620	722
914	940
652	940
671	953
798	994
51	979
935	999
200	550
585	886
497	773
782	905
465	969
248	971
504	668
724	900
517	607
641	902
300	609
346	725
117	902
360	394
282	969
20	969
601	951
480	661
728	911
103	859
258	504
739	777
510	954
909	959
647	959
721	908
485	897
573	744
605	962
199	274
589	725
420	916
395	859
18	872
441	975
670	798
790	863
895	916
208	215
297	967
378	626
476	969
806	844
99	982
176	677
723	846
855	965
43	821
392	975
230	913
628	922
688	973
691	749
635	854
406	994
621	919
423	934
920	986
68	706
21	631
477	645
265	762
655	917
111	524
402	996
465	527
327	822
896	979
767	865
285	825
491	930
54	700
133	993
615	996
799	817
447	860
727	914
278	822
746	927
369	940
167	991
649	994
79	878
505	986
128	999
885	978
164	427
348	773
246	991
259	701
424	768
759	987
919	976
14	604
583	761
762	763
421	470
660	752
472	930
269	830
838	987
857	1000
554	999
72	959
810	925
139	720
452	951
378	773
326	583
405	876
507	658
892	994
850	997
588	997
882	949
486	949
343	937
81	900
733	826
301	940
534	882
207	487
317	884
201	938
701	995
830	880
150	892
444	844
516	949
634	941
212	723
46	956
696	772
453	785
7	964
26	977
21	81
513	772
476	890
85	739
453	906
594	616
819	1000
934	950
731	887
152	914
532	906
64	572
611	970
826	895
867	896
770	963
737	786
374	734
2	862
299	560
496	845
408	732
568	721
661	912
344	976
402	917
536	917
44	980
751	842
608	793
791	914
59	965
474	978
890	893
568	842
697	727
141	280
287	334
168	642
869	955
511	981
409	970
744	923
718	907
85	994
883	974
146	452
698	965
876	971
769	845
339	766
719	987
507	579
727	848
450	984
410	767
792	869
662	988
753	877
706	802
582	995
783	985
375	931
480	984
149	884
801	810
369	887
470	939
836	996
289	369
211	944
109	933
866	875
799	885
475	990
408	1000
787	996
405	702
864	987
146	936
41	425
734	877
866	996
315	893
26	790
438	1000
653	888
331	608
224	482
514	995
588	944
893	991
731	929
141	898
516	775
70	954
796	829
861	958
193	499
173	786
324	955
21	954
117	891
103	727
796	950
870	899
710	883
756	999
263	837
925	956
418	896
879	961
120	909
703	964
601	953
23	976
157	976
124	799
721	789
793	894
738	958
182	740
710	896
233	971
594	913
217	963
415	453
712	905
464	840
615	972
818	843
802	835
50	971
124	920
36	807
886	977
705	902
145	979
630	728
621	679
533	795
557	923
276	910
450	797
154	920
556	671
786	867
827	905
290	929
235	993
472	677
799	806
931	962
427	934
375	744
683	860
769	900
507	634
705	915
302	939
822	911
579	924
338	569
684	977
642	980
320	929
834	921
820	986
773	911
396	695
124	236
575	926
616	927
850	865
555	688
679	983
808	868
505	867
128	880
651	921
764	798
889	978
787	930
429	993
107	942
459	872
156	834
794	862
780	927
609	816
521	932
576	639
455	578
919	978
129	822
671	876
108	241
255	934
838	989
678	771
764	811
442	760
452	953
171	940
102	840
789	989
338	824
761	890
361	956
498	961
133	311
680	938
699	951
311	317
963	997
789	881
104	778
701	768
80	155
181	207
213	950
120	722
636	787
372	943
826	884
927	936
949	954
990	992
906	998
837	898
942	951
205	658
303	964
377	913
508	844
681	772
84	553
631	951
694	970
707	909
344	857
30	926
214	518
742	903
580	841
525	905
239	282
334	785
344	978
793	841
705	957
779	906
462	970
489	844
203	975
874	914
681	785
918	957
656	957
628	858
707	922
853	976
204	567
121	798
186	927
167	685
676	791
29	980
65	637
304	919
739	847
49	400
207	986
427	989
587	978
702	965
683	686
347	737
140	932
83	398
64	119
179	860
621	976
43	999
203	988
695	925
353	932
917	974
769	847
447	796
130	860
256	999
741	748
438	747
806	914
270	345
602	855
795	984
970	985
230	983
426	629
68	884
338	516
384	632
494	992
568	978
903	931
107	997
745	759
776	863
841	992
780	982
651	868
549	820
917	987
655	987
829	874
493	925
96	471
252	718
475	992
24	302
609	992
783	879
722	869
648	654
634	756
947	987
685	987
437	885
146	938
46	771
933	944
891	947
439	823
106	613
400	831
782	896
501	883
331	731
886	953
36	554
710	993
481	904
641	893
696	829
715	842
11	497
319	613
673	845
764	1000
461	962
791	837
56	913
518	944
413	662
707	843
504	780
872	947
316	729
407	847
264	273
575	660
390	614
648	909
529	729
675	783
605	953
784	955
911	996
920	964
538	670
106	976
629	788
18	863
837	966
188	557
790	854
779	961
913	961
262	442
654	966
874	969
483	855
791	971
147	869
123	283
615	745
81	286
141	337
807	915
760	840
223	635
186	982
401	907
420	920
506	923
244	694
104	391
725	738
771	854
802	958
224	981
347	563
512	859
457	923
517	974
603	977
322	506
487	802
616	687
165	522
15	992
546	628
771	975
339	823
655	800
746	918
6	125
228	992
415	818
225	694
422	979
904	982
669	819
961	964
718	977
308	813
74	646
745	814
748	856
25	232
871	926
136	477
28	651
69	652
74	767
146	872
558	816
460	695
639	926
446	531
537	649
473	893
113	587
151	842
734	934
720	770
475	939
604	824
972	991
571	647
232	952
567	942
419	778
446	881
50	423
745	948
756	814
764	934
342	945
731	757
960	994
657	956
638	714
944	986
641	948
99	665
849	897
145	781
935	937
632	899
714	938
24	491
492	596
870	956
708	894
465	907
867	887
927	938
624	900
803	902
990	994
948	997
506	615
115	730
879	897
20	907
562	961
529	784
782	964
601	660
201	955
619	677
77	394
481	972
80	399
816	962
709	836
800	954
469	854
133	905
666	910
812	964
490	913
93	459
106	923
49	389
703	913
563	610
501	964
205	673
227	395
344	980
719	857
22	700
402	921
640	978
547	787
640	749
598	981
417	677
890	897
716	744
237	746
545	862
443	851
795	973
602	844
348	698
642	916
769	957
232	752
485	969
278	868
116	577
121	921
364	413
718	911
161	993
706	793
255	857
711	871
408	870
482	819
232	873
311	937
507	583
149	875
773	968
33	929
415	994
537	691
776	973
662	871
426	860
753	989
155	811
494	765
843	919
581	919
686	935
183	765
453	589
959	986
141	997
174	945
359	927
259	989
235	366
680	753
556	983
597	984
745	882
891	936
421	758
662	884
729	874
211	948
734	989
486	887
306	956
653	1000
56	781
534	820
515	541
97	553
465	720
726	990
201	647
643	992
421	650
921	936
558	884
700	708
680	766
900	998
933	946
872	936
30	849
701	825
849	952
599	777
906	934
648	898
4	833
174	490
333	779
608	718
761	960
860	939
15	618
390	495
895	896
50	841
666	844
160	972
633	667
624	847
770	901
319	965
613	954
814	944
404	780
804	899
436	503
890	939
633	788
110	747
325	672
605	955
572	778
911	998
464	952
87	736
703	968
730	842
293	804
936	947
573	629
476	962
302	809
916	968
437	445
277	981
450	909
458	504
950	966
315	455
480	788
526	675
765	920
682	922
883	912
602	899
406	758
417	624
348	753
86	524
297	973
283	809
56	352
584	737
503	812
491	923
70	637
130	688
820	869
419	525
33	984
234	745
850	977
602	912
96	286
128	992
799	931
257	648
577	818
236	525
582	933
236	296
857	872
339	946
521	923
600	987
584	979
574	934
266	589
477	772
857	993
301	812
356	711
750	867
810	918
273	713
713	985
350	933
713	756
850	990
924	939
5	898
762	877
863	929
945	998
585	692
134	756
898	923
461	885
359	874
754	878
207	251
699	942
322	992
363	993
564	754
354	944
963	988
421	705
835	988
169	898
67	887
170	305
342	826
455	703
422	526
446	883
652	759
886	889
657	837
710	929
82	313
455	595
826	996
377	904
413	598
817	947
335	907
490	552
591	604
314	555
632	901
401	480
356	966
337	724
717	945
777	996
851	945
372	947
587	835
215	734
27	912
132	965
622	829
517	547
949	958
527	969
506	617
593	771
805	950
268	745
367	953
260	332
779	897
209	552
580	953
346	786
