688	900
242	850
572	725
388	904
737	792
556	717
630	666
52	689
511	974
249	974
161	861
505	671
703	915
697	841
427	980
12	738
721	969
494	512
559	907
633	856
306	461
297	907
600	679
591	859
575	851
198	864
918	961
785	846
78	984
790	924
91	923
158	684
195	980
792	970
892	908
374	982
551	615
704	857
336	461
971	972
542	795
547	910
739	851
651	738
582	867
482	929
334	802
380	918
108	984
545	985
883	980
487	980
621	980
560	970
11	233
799	986
725	808
394	937
158	926
669	876
42	751
787	868
778	819
951	976
151	657
444	650
323	360
204	934
815	822
224	354
924	994
113	523
780	986
866	989
11	246
287	824
810	865
856	981
634	639
190	891
479	765
873	921
680	755
27	604
935	981
414	986
648	658
680	876
644	953
859	878
946	995
165	955
643	994
803	946
844	984
99	601
627	986
276	648
97	905
4	485
55	679
715	954
613	943
687	892
659	830
823	938
564	943
184	658
636	967
694	908
518	948
306	503
118	977
176	430
916	957
411	970
290	680
598	796
684	836
596	723
890	941
312	964
807	906
705	895
605	957
591	793
751	782
448	744
434	846
781	890
547	723
103	975
730	844
675	908
210	808
380	731
760	952
177	631
258	970
313	677
813	963
790	979
246	623
595	740
707	981
567	678
603	860
138	272
299	863
841	917
901	968
35	524
12	806
482	755
876	911
628	809
488	506
378	634
457	927
405	737
603	981
498	699
262	688
685	791
737	981
437	689
594	932
473	871
662	807
68	822
114	709
334	978
309	396
317	745
391	694
644	874
451	745
809	978
643	915
583	635
748	968
664	974
213	809
502	646
741	928
875	928
644	995
330	576
836	936
674	874
574	936
660	976
618	979
477	774
502	538
101	194
452	946
586	946
107	948
550	700
729	931
641	818
747	985
15	541
249	479
648	713
418	931
960	985
295	302
761	775
48	839
172	905
534	998
345	833
823	872
501	821
293	377
418	823
812	942
831	992
798	815
261	839
863	944
49	956
668	934
860	875
356	847
824	952
620	893
960	998
564	998
96	664
531	592
682	724
310	852
74	87
87	780
777	998
288	541
886	904
435	968
471	662
569	968
291	960
332	732
511	963
670	727
422	662
515	853
675	842
193	573
834	835
640	969
318	955
65	509
827	832
376	896
876	953
788	840
200	855
341	794
809	899
547	899
888	963
602	606
786	915
846	966
216	799
519	571
235	812
6	989
450	737
610	955
95	509
124	981
301	614
12	511
438	619
897	904
286	750
354	625
290	869
716	977
62	224
53	404
704	859
126	882
230	976
582	869
752	792
788	974
210	997
554	807
801	913
746	977
947	967
317	571
542	918
46	751
822	972
836	870
445	985
541	693
343	974
250	517
783	980
320	990
554	928
433	867
218	713
875	983
386	526
220	759
564	569
266	875
197	775
375	818
829	988
736	760
634	749
947	980
558	875
940	977
618	926
254	878
639	985
102	780
31	311
745	886
798	978
951	991
321	824
849	943
539	754
217	703
134	934
810	988
70	949
768	991
854	994
928	943
78	544
231	786
363	942
946	997
476	819
550	768
844	986
863	999
627	988
761	951
47	147
337	660
717	881
923	986
152	843
279	655
26	209
793	876
29	894
731	937
103	614
969	994
661	841
27	969
242	894
710	999
770	784
200	668
814	827
411	851
712	779
502	969
482	731
191	784
256	913
932	967
104	263
18	977
123	276
647	956
886	972
619	857
283	908
228	972
462	910
200	910
374	797
167	733
420	913
654	851
561	623
712	792
357	564
818	959
482	744
683	734
457	916
751	905
201	438
676	731
552	924
395	977
436	749
783	793
31	929
480	792
70	628
746	911
880	911
451	734
484	682
354	801
244	929
841	919
607	752
901	970
445	690
560	677
739	908
725	973
669	812
595	634
359	623
820	981
149	813
957	986
468	795
555	683
868	914
577	701
871	919
889	973
892	978
484	924
322	862
181	886
745	928
561	878
776	803
767	983
808	984
445	932
109	754
329	986
540	940
815	879
801	981
639	919
787	817
680	691
391	588
817	925
440	938
660	978
720	992
678	995
711	943
20	766
768	925
382	889
65	953
440	830
863	933
646	935
356	836
750	992
576	876
170	188
309	761
796	879
741	943
73	484
842	995
97	841
102	956
625	997
193	320
960	987
963	992
30	558
632	892
136	954
442	997
516	946
282	779
750	884
391	951
432	952
680	825
130	358
696	769
756	820
668	936
816	834
324	897
888	939
444	962
497	825
6	736
923	933
23	905
881	936
941	950
638	949
944	992
209	543
489	826
136	967
351	892
103	790
254	959
557	731
26	277
394	444
614	713
707	904
812	957
867	893
751	947
589	656
305	897
341	554
869	939
566	901
203	849
387	441
122	924
249	965
846	955
483	903
221	903
656	831
210	973
243	921
93	573
915	947
137	387
554	904
825	909
214	984
608	911
19	516
234	441
929	966
459	788
786	917
519	802
846	968
887	969
376	790
466	683
705	965
663	968
396	624
420	981
776	845
244	984
799	977
875	972
686	807
424	807
498	756
630	912
850	915
12	755
232	987
903	926
438	863
746	979
765	992
745	754
762	923
729	746
486	759
21	925
618	915
444	533
597	977
745	875
951	980
734	982
68	892
54	994
692	756
912	988
460	635
570	995
382	944
583	934
36	307
266	998
426	987
140	364
442	702
958	996
639	987
914	926
859	990
432	657
177	367
316	711
935	985
112	423
222	783
318	528
726	996
490	719
44	898
522	708
599	891
351	826
222	904
277	611
698	870
199	957
796	947
735	937
532	837
320	429
434	945
198	439
909	945
496	547
881	883
839	886
649	725
761	966
654	840
621	663
122	979
920	959
579	666
216	614
193	859
293	568
193	630
513	837
237	673
434	958
596	956
461	502
485	896
545	910
410	456
47	404
33	506
781	894
146	383
538	907
920	972
885	951
688	851
218	636
433	561
262	679
630	846
506	810
767	851
665	803
832	980
577	690
389	905
871	908
91	982
526	910
414	440
820	862
424	862
806	964
759	852
160	523
189	995
458	631
320	926
342	685
125	687
47	767
551	566
938	975
537	631
454	862
63	977
228	290
197	711
899	983
274	931
972	973
829	924
671	981
778	878
148	711
671	752
151	945
211	996
137	818
287	991
521	929
125	929
469	473
548	766
831	862
690	886
817	927
762	991
502	771
975	991
9	875
873	980
377	776
789	986
123	896
926	991
860	866
184	354
405	996
675	820
944	981
902	984
612	656
423	491
548	900
400	773
155	417
95	137
274	368
501	825
702	815
316	779
70	80
930	938
696	771
830	1000
687	951
580	825
365	900
525	889
626	941
645	954
244	610
177	556
204	430
154	838
457	610
517	661
61	381
131	854
112	612
915	936
538	949
455	951
288	545
496	723
804	839
482	559
416	959
927	946
443	833
167	669
649	672
179	494
781	828
800	841
693	715
519	562
579	613
221	905
510	779
702	949
619	914
880	955
503	968
121	674
107	739
797	957
15	921
614	957
825	911
589	900
233	447
582	860
339	873
628	747
807	978
686	917
719	865
663	970
179	857
487	973
24	983
695	922
82	924
431	812
813	914
898	958
917	971
339	994
576	678
672	911
111	349
570	863
126	886
951	969
299	814
767	919
290	994
887	984
491	984
188	983
884	915
172	709
667	917
787	982
267	983
335	592
445	989
734	863
679	927
766	815
141	992
576	920
741	987
870	872
553	936
840	966
83	758
28	822
336	938
914	915
470	938
69	594
597	979
58	176
789	920
2	540
254	761
328	710
782	880
768	982
405	930
479	879
842	931
947	984
738	810
905	987
177	248
113	758
674	825
775	877
24	420
764	984
736	885
815	949
900	993
335	955
233	944
539	987
351	936
700	824
103	605
115	659
356	785
777	815
689	931
312	944
782	893
826	936
927	988
657	898
522	939
25	658
709	765
819	933
722	1000
240	960
923	990
152	847
133	605
666	839
757	957
715	960
28	259
580	772
48	911
731	941
629	893
730	945
367	893
375	488
886	963
705	888
784	952
682	904
575	778
742	955
248	383
869	996
681	945
459	603
151	450
703	963
145	147
656	888
482	735
408	557
806	832
584	719
319	973
489	896
131	922
387	848
728	912
343	778
931	948
353	971
281	802
267	904
24	917
170	971
841	910
417	848
535	611
760	958
297	968
512	856
350	794
691	858
214	933
38	973
98	987
487	799
96	160
165	519
679	969
660	727
794	956
720	741
596	971
21	740
477	754
650	682
135	990
861	865
369	928
465	636
514	794
627	671
260	877
273	816
204	753
345	692
639	910
630	861
561	990
196	340
569	585
794	969
453	639
651	920
379	461
766	870
585	795
72	947
755	977
512	990
336	993
451	980
162	877
592	690
845	870
831	972
165	882
789	975
808	988
546	988
145	644
678	878
342	929
378	882
861	999
900	927
963	983
316	418
849	881
357	944
777	978
493	990
782	827
446	878
391	942
754	994
532	652
569	719
393	988
305	875
659	878
543	703
842	999
9	998
523	953
366	481
624	776
963	996
453	894
860	989
34	947
610	814
895	946
652	996
435	732
517	771
149	375
333	950
448	671
575	712
742	889
888	943
731	996
390	666
194	791
763	948
615	784
730	771
716	836
155	311
721	951
622	945
392	897
299	669
557	964
59	953
876	946
334	663
499	959
110	918
91	676
154	961
300	786
929	957
332	738
538	843
598	857
885	887
790	798
724	969
773	831
718	895
322	666
360	921
795	849
244	975
389	841
348	574
366	857
359	669
889	898
853	975
234	674
401	851
533	741
706	898
73	985
288	910
408	975
769	954
650	737
163	915
512	803
283	980
369	983
295	805
421	621
16	572
959	970
655	973
562	745
326	505
639	965
37	402
377	699
693	972
217	454
871	978
392	455
769	967
411	468
175	228
667	919
149	993
245	930
23	588
176	867
451	806
597	860
616	873
789	801
337	640
856	976
875	989
470	940
247	868
522	807
431	948
558	989
150	935
208	876
213	991
39	838
823	920
111	714
515	538
845	938
118	838
835	930
167	242
733	882
241	945
838	935
356	895
717	874
381	430
608	823
976	990
761	836
750	943
485	874
430	938
485	645
578	836
902	933
506	667
580	653
879	949
483	949
251	828
707	842
438	654
112	898
527	911
814	941
888	890
184	774
621	775
626	890
827	880
918	998
128	613
785	883
427	909
587	898
251	949
724	903
484	662
88	433
684	952
123	390
119	914
205	954
463	724
853	909
438	667
140	973
429	847
360	976
167	847
575	901
258	965
357	678
683	848
306	632
507	622
864	896
322	613
401	906
623	689
223	984
713	848
556	901
382	748
14	352
258	978
349	571
748	842
618	732
562	571
179	806
547	973
706	966
783	920
801	974
123	995
899	987
637	987
893	913
576	748
975	982
653	931
116	992
842	867
873	971
740	819
129	702
253	997
831	974
22	310
412	990
847	918
747	980
477	890
884	985
6	716
782	937
601	633
960	980
812	816
495	880
963	985
770	819
252	893
48	834
111	890
823	867
386	829
275	998
350	354
687	942
415	483
833	996
907	945
967	996
185	960
298	837
858	945
33	539
142	711
791	891
455	942
716	717
647	883
848	873
270	896
430	885
688	776
411	912
598	738
785	830
55	984
806	889
272	955
616	728
676	779
739	835
758	848
188	961
408	964
697	838
843	892
512	792
765	972
737	910
371	789
174	689
790	921
917	962
787	852
850	908
179	740
24	866
514	959
929	972
385	808
467	618
486	631
725	913
711	749
315	520
567	970
765	985
412	803
665	983
436	931
774	926
56	646
151	883
472	975
458	811
577	762
348	939
692	749
213	751
562	868
586	996
460	628
369	998
840	849
551	746
647	683
704	988
611	760
745	989
662	991
747	806
544	706
134	808
260	947
507	824
548	596
174	355
592	639
76	722
236	711
370	940
673	712
631	981
337	534
768	986
842	935
969	976
377	835
237	532
76	843
19	80
645	1000
557	658
942	994
105	534
757	948
41	778
624	833
476	706
932	949
448	607
291	660
332	432
717	997
689	935
197	207
890	925
647	938
229	950
740	900
523	902
705	879
443	879
536	841
541	956
487	656
318	884
280	363
717	889
615	841
730	828
174	610
105	776
881	997
619	731
508	900
700	841
610	884
582	785
270	964
223	623
388	956
140	854
30	982
864	885
542	605
148	449
406	973
478	849
170	733
423	913
904	957
100	903
334	841
853	911
452	567
286	800
198	916
327	801
487	790
506	803
660	718
771	963
683	850
494	685
628	914
545	916
746	906
244	924
338	559
147	991
783	909
106	172
718	965
630	852
19	927
266	575
753	922
431	871
431	642
255	682
86	873
428	573
314	996
831	963
588	976
789	966
371	978
945	984
199	642
840	904
454	868
963	974
720	987
486	820
90	820
35	884
577	938
678	990
103	530
535	978
428	815
400	753
534	753
787	933
100	232
745	936
192	989
388	635
632	995
38	522
599	818
403	943
694	826
798	920
858	934
495	882
159	933
295	299
921	990
645	826
14	959
578	772
223	315
682	829
687	944
571	998
865	987
661	891
647	993
377	903
900	944
578	893
42	132
341	657
459	649
538	942
552	611
777	995
255	361
876	937
895	950
633	721
572	711
209	659
869	934
580	831
469	963
422	659
505	778
362	729
307	793
21	436
246	554
168	863
603	791
19	740
74	447
257	568
436	799
744	915
623	625
702	955
755	781
922	958
765	974
33	796
267	734
244	979
206	458
423	981
290	866
940	948
274	858
697	961
530	555
172	581
875	967
135	928
176	966
19	753
588	910
390	925
868	964
145	340
155	799
408	979
141	864
411	459
903	921
70	920
347	740
667	910
126	1000
68	995
183	982
835	908
202	995
274	871
917	977
142	163
639	969
59	165
336	931
239	998
849	927
954	980
585	854
714	739
172	944
342	867
829	985
620	811
262	874
738	803
863	983
63	930
921	924
939	978
958	991
249	531
815	942
942	983
147	483
933	934
344	539
817	988
891	937
8	590
397	402
555	988
775	991
530	931
475	995
912	996
309	932
249	652
698	744
925	935
870	999
419	834
587	647
927	981
330	762
539	872
527	781
659	937
81	960
490	835
569	899
489	876
30	850
90	901
687	891
43	789
557	781
851	999
906	935
648	899
730	938
18	732
804	887
515	784
890	927
64	848
525	950
920	954
455	891
58	437
75	606
66	786
415	674
392	956
170	843
71	83
441	848
408	671
58	787
994	997
512	728
424	615
561	849
238	381
637	844
802	948
769	771
688	846
153	273
278	682
737	967
362	797
315	685
950	967
526	905
690	747
563	908
642	972
236	284
843	962
581	962
600	975
861	979
773	903
162	749
243	408
341	980
377	408
327	816
519	986
679	975
315	927
604	801
838	968
650	688
268	357
624	635
775	804
945	986
227	935
172	999
777	850
639	916
372	801
644	994
759	981
798	909
743	973
113	806
239	945
27	537
49	821
472	924
921	979
819	968
645	815
650	930
669	943
553	997
914	976
358	758
974	990
60	835
13	989
108	354
522	866
589	627
816	818
747	984
166	938
381	597
652	868
770	823
104	999
902	979
398	951
26	261
721	823
270	658
508	944
731	989
483	887
906	990
670	713
386	954
348	433
568	702
432	841
922	934
779	885
784	1000
985	990
622	938
186	785
640	955
818	998
18	908
744	783
568	823
279	720
12	376
131	970
346	895
415	500
179	489
406	909
800	836
409	951
16	202
4	902
821	895
399	906
619	909
672	772
765	963
855	893
175	905
444	504
471	903
493	662
314	919
186	919
363	552
118	455
1	873
128	914
486	622
885	893
119	865
427	981
769	947
475	500
672	785
765	976
792	850
704	966
401	965
616	853
275	331
225	739
404	970
896	907
753	858
431	578
472	616
618	670
213	850
484	855
556	960
418	501
473	925
22	235
290	989
665	866
287	920
884	910
903	923
669	756
667	912
149	986
369	989
966	979
336	812
382	928
905	969
798	843
41	635
643	969
449	460
261	638
665	987
940	963
186	235
764	966
898	966
810	853
815	931
437	985
31	297
518	681
308	871
531	620
373	1000
569	646
44	761
632	931
370	931
141	879
805	859
414	974
304	348
796	810
190	1000
397	512
467	985
90	769
384	987
764	979
303	998
160	949
201	987
220	1000
294	949
338	992
976	983
214	431
558	995
626	870
356	780
851	988
562	885
111	949
694	775
726	993
94	716
858	883
302	665
295	477
267	415
304	711
543	993
501	996
642	706
798	990
42	189
511	896
656	762
64	850
721	891
380	598
80	794
751	770
883	889
346	950
594	786
304	953
827	994
469	791
45	958
661	961
821	950
499	899
466	722
34	82
672	827
517	953
691	840
148	561
695	959
514	655
560	771
670	902
155	493
608	963
52	745
40	856
250	437
711	795
205	960
77	923
292	848
328	505
361	453
600	964
234	843
552	923
679	964
734	900
426	555
813	964
68	810
26	813
755	959
180	499
690	978
850	967
776	789
643	903
752	846
669	811
378	864
340	343
347	918
914	965
229	633
831	967
905	916
211	993
412	983
35	767
733	809
764	913
683	988
359	864
330	806
251	284
701	978
35	888
439	749
92	870
157	999
518	978
721	812
974	992
798	803
891	994
335	776
654	758
948	976
525	644
530	988
404	583
750	991
244	365
906	979
708	994
307	650
680	932
102	955
754	881
740	946
826	986
793	809
215	832
738	873
242	935
816	941
714	930
879	997
337	714
309	881
777	986
469	604
97	961
601	760
936	979
490	892
872	994
261	840
911	922
369	602
360	782
828	887
728	949
308	363
346	655
948	989
409	940
538	825
684	879
205	652
793	822
11	786
473	551
607	780
519	667
276	946
87	781
848	879
121	779
897	1000
437	490
327	618
693	712
445	610
450	725
629	956
155	777
890	997
716	844
807	962
553	557
195	849
300	902
883	957
478	908
593	895
899	901
362	962
596	900
530	546
595	675
658	731
83	500
415	973
929	965
426	839
767	903
868	955
524	916
780	842
260	806
139	287
861	915
424	685
644	917
281	865
625	675
685	955
143	406
198	867
239	868
294	804
247	729
729	732
1	996
835	899
164	465
477	925
563	965
711	863
771	914
623	750
889	906
133	334
74	922
542	798
349	632
321	799
54	980
527	638
706	906
40	816
865	899
172	706
433	976
625	917
966	981
437	866
542	919
822	973
285	997
882	987
357	873
618	914
736	869
796	920
875	984
653	871
331	591
456	1000
60	1000
297	455
536	700
830	918
361	884
100	291
840	855
129	992
845	933
60	892
643	984
247	984
187	704
729	987
949	990
467	758
90	771
296	876
604	992
175	586
188	525
708	820
372	871
817	992
214	662
34	997
423	772
538	759
689	928
782	890
303	892
504	882
187	946
490	718
911	977
751	759
930	990
640	662
758	883
703	947
207	780
738	941
158	366
22	734
397	648
223	724
635	705
387	603
510	939
183	544
491	660
73	672
209	947
621	891
684	947
813	832
45	960
22	976
416	903
586	789
658	665
79	729
593	950
794	940
887	902
384	547
931	945
353	968
168	922
713	722
658	786
883	904
607	969
445	678
885	950
442	609
77	925
369	804
201	439
473	861
412	622
193	992
56	694
842	849
732	977
470	977
413	443
435	461
522	615
752	848
903	980
144	928
634	792
97	587
625	743
597	910
229	514
449	517
679	979
44	468
558	689
819	959
852	907
549	869
516	692
576	743
636	757
975	977
474	695
553	988
152	644
32	764
808	985
338	807
109	984
412	756
370	988
733	811
497	571
447	979
419	880
460	918
69	767
793	798
710	800
32	885
641	700
398	942
30	546
291	816
678	996
464	515
139	718
562	821
872	983
462	819
527	948
379	821
742	873
833	991
230	469
524	650
166	942
689	983
312	996
25	710
830	878
429	534
6	845
491	594
648	837
689	875
559	994
614	701
707	892
330	942
812	945
886	894
770	948
630	645
291	950
404	827
192	419
266	368
615	781
45	894
821	886
77	617
663	943
363	422
217	893
299	666
758	951
54	835
610	824
937	953
339	967
301	483
196	955
55	979
158	434
498	731
173	971
234	658
387	671
660	766
973	997
87	904
274	730
339	859
862	900
452	736
880	954
773	828
405	432
883	959
486	505
381	977
389	838
452	857
438	730
691	910
732	911
129	389
676	787
887	970
178	510
252	459
202	867
780	844
241	795
320	859
581	900
264	927
424	916
135	813
699	855
966	970
704	970
148	752
426	962
729	734
753	862
257	924
780	965
362	977
577	865
136	634
361	981
175	333
655	970
829	857
245	806
537	685
93	937
891	917
588	916
431	932
527	640
905	973
421	860
495	809
338	862
269	991
604	981
43	419
879	920
777	909
474	642
437	989
624	815
168	535
495	701
51	953
953	990
37	991
372	981
969	971
36	766
745	997
344	653
949	992
522	696
816	877
90	773
492	753
678	943
543	984
923	976
749	823
642	697
872	930
913	931
333	881
599	1000
14	81
695	708
733	1000
772	928
925	941
648	892
455	763
675	995
133	712
372	994
413	995
895	998
289	959
536	836
816	890
258	828
566	944
846	998
496	885
20	138
545	777
853	893
673	962
318	1000
874	952
473	608
312	956
158	718
573	731
27	972
520	841
349	434
695	842
800	895
593	831
524	960
598	909
164	388
40	618
394	621
559	954
957	963
5	516
533	901
395	967
343	777
950	960
3	857
603	852
280	613
500	845
390	973
665	912
250	441
114	809
771	850
466	968
903	969
139	573
341	973
243	401
234	847
671	848
468	785
789	840
574	686
701	727
257	979
174	981
67	855
664	845
783	796
554	973
815	977
280	855
822	909
462	566
882	923
563	914
865	956
277	291
667	971
428	460
565	694
919	963
382	987
308	809
762	979
830	854
833	859
351	627
134	858
375	984
972	974
750	861
810	912
617	746
975	979
422	507
854	918
831	971
690	995
160	766
569	934
168	361
47	71
866	928
507	995
240	880
460	920
331	998
446	756
124	705
113	812
242	697
132	825
236	882
893	923
478	644
139	949
106	772
73	595
202	480
427	598
358	764
652	982
740	829
844	923
173	718
613	990
506	598
84	646
222	839
596	757
312	998
292	531
388	993
462	942
943	986
772	875
538	708
612	657
128	544
744	776
152	901
804	827
476	998
930	939
814	993
888	942
392	775
450	716
18	793
325	950
807	953
127	965
149	724
589	996
943	999
98	907
781	937
800	950
238	429
936	996
416	960
438	719
663	837
492	955
552	969
51	687
579	843
293	974
587	963
451	550
665	738
655	959
144	743
171	617
345	504
33	912
778	800
514	956
170	917
810	954
884	903
584	907
570	972
924	975
690	808
762	913
822	964
252	811
219	634
269	751
766	803
590	806
722	733
278	985
138	682
335	472
338	972
228	346
385	818
467	628
734	972
439	795
747	911
766	924
617	801
428	636
667	918
465	932
426	977
641	865
720	929
866	983
2	649
838	921
189	475
521	985
345	988
418	978
229	813
740	763
294	942
421	983
228	588
159	754
338	985
439	808
953	992
409	865
571	698
92	700
400	816
812	989
545	645
8	706
701	929
902	919
709	753
700	933
39	958
598	656
818	925
400	937
265	712
573	599
638	994
416	881
757	945
154	652
641	999
816	1000
52	604
527	897
800	992
304	825
906	930
598	777
524	599
513	935
751	992
930	994
140	838
281	548
742	943
263	945
566	717
920	949
515	900
702	992
554	599
110	851
433	538
600	715
913	946
484	769
126	795
19	669
234	594
406	849
874	954
660	702
293	908
628	898
410	675
470	726
107	674
723	943
346	956
827	1000
464	948
417	607
169	505
563	661
296	317
380	954
452	793
982	995
748	828
445	790
679	728
813	957
255	895
549	847
582	795
678	732
774	965
667	839
326	546
429	967
704	906
649	970
616	793
690	742
391	796
470	860
253	862
247	788
588	852
329	857
359	965
653	917
405	852
861	866
551	906
50	624
831	960
13	513
178	809
632	979
348	991
351	508
683	981
884	971
488	742
245	984
653	809
861	987
18	298
372	796
666	748
432	581
738	853
657	928
357	932
40	996
346	514
48	591
571	632
207	584
476	745
833	982
714	802
184	573
967	982
488	984
87	640
763	923
495	879
16	881
921	987
286	476
458	997
193	662
955	985
974	998
311	654
526	579
784	874
511	944
63	296
285	372
708	1000
176	358
635	872
258	885
681	988
84	769
915	926
411	898
161	723
441	777
661	780
788	821
834	937
466	541
867	885
476	1000
173	962
770	952
608	890
341	546
626	944
202	845
804	950
697	824
191	952
320	837
339	850
493	536
765	958
503	958
864	937
64	93
286	960
285	735
477	676
672	888
385	794
868	948
159	488
188	960
207	973
774	791
820	907
165	683
242	378
233	558
780	956
838	897
771	907
521	961
116	912
553	684
179	968
776	958
528	856
280	791
431	923
623	864
631	725
342	622
722	843
801	907
551	732
759	910
624	685
426	966
734	853
384	969
95	866
117	625
604	972
361	985
194	579
139	643
345	748
592	854
374	402
26	887
488	918
610	615
273	764
796	805
171	982
845	926
643	977
569	762
641	867
949	983
318	628
939	975
958	988
543	746
763	978
358	929
914	918
537	931
657	996
816	989
935	977
219	770
714	978
351	926
566	585
700	814
610	628
485	862
210	657
803	942
626	986
879	937
920	938
235	835
923	980
587	765
108	767
397	641
173	896
756	988
723	811
714	991
65	545
101	498
59	996
689	934
463	591
821	824
457	776
589	932
718	817
737	830
38	829
98	614
626	999
122	971
239	324
785	992
615	840
964	994
7	432
480	652
633	894
424	720
536	961
415	900
448	848
192	599
519	728
771	949
361	556
540	787
75	953
760	827
639	766
556	768
649	959
809	948
137	784
901	951
422	953
945	957
769	997
466	730
815	847
792	900
737	964
52	861
60	456
528	561
156	918
271	905
701	718
868	895
458	731
260	975
764	774
790	975
609	900
713	957
570	908
445	913
338	787
197	811
323	398
667	962
231	809
382	749
877	957
32	865
674	857
541	742
458	973
585	785
67	859
623	811
273	927
636	750
914	960
509	911
882	927
532	750
960	968
344	699
564	968
541	984
126	476
43	478
103	529
356	709
750	865
956	970
56	942
735	971
754	984
353	640
914	973
592	693
148	945
578	758
448	648
142	578
703	874
886	995
638	930
624	766
319	884
291	822
24	707
728	823
814	863
492	583
772	866
92	878
515	944
754	997
353	653
974	1000
34	119
738	989
812	938
347	350
416	709
911	917
508	941
781	807
786	885
268	959
703	887
166	948
143	964
339	610
941	944
237	828
985	987
723	987
654	887
781	928
698	930
505	764
450	828
937	946
730	882
876	936
716	718
628	834
600	772
677	992
795	947
593	998
533	718
772	1000
288	887
3	903
526	944
545	957
146	430
607	788
755	888
688	898
719	965
309	313
488	544
295	903
214	978
878	958
358	434
308	842
470	675
885	890
348	914
408	965
609	955
232	968
755	780
507	678
625	670
470	796
555	840
54	854
637	909
585	719
771	909
958	964
306	809
713	904
859	958
50	331
817	961
836	974
762	796
51	933
57	455
497	727
516	740
309	676
359	793
166	398
264	933
759	912
726	735
924	979
555	853
2	640
604	974
819	899
590	810
230	504
199	925
474	864
942	969
364	992
817	974
803	810
756	964
75	108
539	966
186	582
34	979
240	818
54	399
854	977
465	936
826	915
201	863
839	854
696	805
49	994
322	335
107	181
1	657
923	969
601	918
675	867
212	877
666	818
96	702
275	933
397	630
872	923
715	939
60	190
763	872
661	824
129	1000
270	939
886	942
946	993
443	867
383	587
930	985
828	937
525	936
640	886
313	528
717	877
941	999
314	837
737	940
897	929
484	531
57	952
673	955
800	996
376	934
848	929
952	986
503	894
709	770
767	940
800	888
582	894
3	958
342	424
559	947
820	951
894	937
639	647
685	763
616	663
602	765
795	894
662	779
299	727
574	666
931	940
790	964
427	912
394	735
89	853
586	905
400	486
672	945
892	948
42	549
556	999
759	833
561	848
602	886
183	902
637	843
76	281
494	794
727	773
317	609
418	661
118	399
899	964
318	430
653	679
157	512
743	838
762	851
206	633
421	558
903	975
284	674
308	802
165	982
657	690
877	959
32	867
720	975
472	910
319	402
453	631
169	872
577	926
852	902
595	980
956	959
14	934
757	978
622	790
467	916
736	811
111	988
364	939
446	978
680	916
138	633
317	864
532	752
699	929
657	932
858	922
467	808
453	873
742	747
814	852
544	762
893	916
175	636
309	636
529	868
648	819
854	924
317	985
110	655
330	924
891	991
696	981
797	804
117	816
907	935
153	998
496	583
274	470
694	827
119	596
358	878
559	868
292	524
130	462
321	996
622	924
723	747
712	817
180	993
832	882
656	693
353	884
531	927
209	876
168	609
25	826
374	943
897	984
916	997
869	922
332	717
318	819
786	887
772	989
648	953
785	928
260	548
361	371
471	768
797	938
98	671
607	777
744	782
834	941
405	535
28	548
281	728
533	720
385	556
931	995
427	967
494	728
843	882
655	831
378	782
283	959
732	785
415	849
514	828
156	854
535	887
17	961
727	828
314	918
36	156
662	847
651	954
752	777
185	629
229	443
863	958
660	895
238	906
16	564
475	849
958	966
708	791
102	981
699	971
616	973
349	858
94	110
412	914
472	965
250	852
403	865
549	919
824	858
865	896
722	847
185	871
565	863
685	965
382	927
583	917
729	971
440	868
541	691
665	986
324	693
819	901
805	966
337	632
590	812
653	868
513	565
335	707
321	809
536	697
374	635
849	928
935	968
374	406
577	994
544	817
208	868
153	932
139	997
92	922
276	514
391	989
565	876
248	940
416	753
858	869
44	881
541	933
589	681
342	989
166	763
474	879
298	882
754	933
471	810
757	938
839	977
913	926
75	581
421	989
622	979
710	863
612	934
464	807
268	895
483	820
340	1000
937	990
749	939
7	73
196	763
177	484
333	997
195	767
404	877
827	980
860	928
846	993
698	866
920	942
582	654
683	706
325	998
36	895
707	834
242	1000
737	942
797	993
800	998
165	487
478	947
827	872
376	936
524	834
656	990
804	888
482	837
399	839
177	726
586	665
880	883
621	888
473	724
431	727
288	715
205	946
549	719
380	947
120	313
774	837
526	772
223	963
572	888
355	890
938	945
957	958
643	768
86	850
787	897
121	844
303	555
778	848
72	807
248	740
676	958
762	961
660	950
82	973
407	504
324	735
453	620
277	394
521	791
759	848
368	963
454	966
397	432
65	925
104	853
646	907
720	856
357	804
706	958
838	848
783	912
722	902
617	620
221	620
606	956
616	920
541	746
145	746
539	902
428	805
464	499
254	689
378	984
142	219
768	910
391	923
845	864
201	799
891	980
151	941
844	905
863	918
687	921
833	975
356	821
824	926
409	684
488	977
95	228
928	983
163	628
504	692
545	693
583	985
839	911
123	1000
194	880
199	995
340	934
636	996
501	808
339	480
757	993
913	981
724	816
605	636
333	931
508	932
453	996
420	819
728	935
833	988
249	708
543	926
529	991
185	952
823	980
821	870
499	590
490	999
564	985
638	934
677	862
364	365
943	981
915	919
860	983
156	601
49	246
59	705
802	978
848	865
779	994
58	480
314	894
349	363
514	696
51	440
799	828
582	830
315	486
31	727
443	937
420	953
695	892
373	841
552	843
651	822
362	719
554	889
227	265
89	789
586	841
479	715
732	895
765	843
811	959
704	833
401	832
786	902
278	846
732	787
704	954
487	956
813	897
747	772
174	910
857	903
494	851
213	838
15	99
268	279
23	448
951	952
519	800
764	833
120	502
507	911
326	607
364	862
534	556
597	841
487	969
197	870
257	921
636	917
529	562
308	859
454	913
178	978
808	916
282	806
590	922
884	911
620	801
386	634
28	926
243	814
465	927
754	801
449	919
757	806
278	283
2	873
62	924
81	937
851	855
634	857
854	860
523	989
160	937
397	621
247	862
508	866
558	983
714	971
791	925
634	978
702	853
349	994
72	191
797	861
420	874
714	863
406	710
166	994
54	524
670	756
675	871
138	932
64	717
633	874
25	991
162	471
668	868
709	869
976	984
203	997
874	936
934	987
10	602
15	946
152	951
403	533
876	982
494	651
251	930
807	882
485	868
402	833
825	936
300	822
122	964
413	884
325	1000
686	713
278	430
350	535
602	756
588	592
320	777
287	371
693	995
147	970
399	962
834	890
383	954
402	967
322	944
778	958
360	970
575	895
509	541
660	710
390	849
651	890
91	967
328	385
498	796
892	952
537	724
341	849
55	226
108	318
588	955
393	716
505	957
417	844
453	501
461	850
884	953
815	853
875	904
83	675
616	909
597	667
44	683
899	968
458	966
310	573
548	630
226	616
873	952
410	925
229	621
690	979
789	958
88	93
420	566
766	974
678	861
664	963
736	802
722	904
465	982
644	984
726	794
5	997
330	565
500	976
668	789
912	920
631	907
221	514
69	874
377	761
624	638
462	576
434	743
272	681
967	977
566	633
645	926
134	747
423	584
617	864
529	751
823	969
28	994
157	879
306	413
374	584
566	754
392	638
442	984
376	630
188	579
936	967
955	980
721	813
17	697
872	982
724	818
677	972
99	995
443	805
932	996
715	998
916	988
654	988
425	936
772	980
417	523
909	985
210	947
666	998
204	415
228	772
84	993
222	957
511	831
693	808
216	883
725	760
491	593
802	980
895	942
581	752
347	585
913	996
737	999
770	947
663	821
131	960
74	426
827	929
505	878
679	765
334	996
394	781
862	886
922	937
719	837
883	945
382	663
258	893
387	778
82	896
464	998
901	999
352	491
582	953
554	891
326	475
460	475
591	958
88	832
391	604
229	542
170	901
450	955
417	778
852	935
871	948
171	722
778	905
841	961
375	902
394	915
208	496
741	959
9	781
891	903
36	160
289	340
113	380
613	666
263	553
787	967
671	792
285	985
530	789
838	905
15	343
669	867
784	790
13	684
849	919
431	931
659	795
953	976
650	975
865	900
273	988
870	978
763	852
823	903
367	623
606	905
317	802
826	908
652	792
745	983
60	880
930	965
140	351
907	981
590	816
323	701
939	970
161	639
548	819
152	819
331	821
317	923
740	989
335	940
316	698
830	919
2	996
814	911
57	703
236	934
74	118
714	973
833	924
414	977
925	927
749	930
854	983
928	932
628	640
485	857
666	932
812	986
237	755
292	462
206	947
911	965
608	927
346	698
673	827
879	932
983	989
941	992
399	709
779	930
223	712
267	526
915	976
550	999
286	660
888	994
192	473
885	925
475	532
17	886
232	774
3	951
619	954
443	994
603	946
616	656
874	951
887	890
395	953
554	717
89	846
218	502
547	943
252	500
238	602
241	607
72	798
581	941
194	266
259	661
627	764
871	895
931	946
394	970
521	782
662	906
247	664
252	742
926	952
7	682
425	441
741	906
70	738
699	909
778	973
542	962
574	914
62	739
428	796
226	847
460	785
553	976
135	988
363	852
549	978
837	856
840	898
262	921
900	912
165	988
13	860
728	805
544	984
673	869
833	858
153	870
870	925
496	684
553	989
675	686
114	124
592	917
518	968
215	930
182	753
495	984
393	973
80	476
747	976
967	979
376	740
670	692
133	524
532	987
614	797
826	976
803	992
742	982
136	943
557	936
474	938
4	760
955	982
141	240
158	409
677	974
770	936
608	874
186	656
654	761
791	995
557	828
749	998
386	946
105	933
807	939
399	885
163	874
760	864
880	929
457	597
575	818
594	831
525	997
684	990
381	952
904	993
133	887
307	774
205	992
683	765
251	879
256	957
672	872
195	947
374	949
897	990
267	823
415	721
5	557
607	891
813	996
472	703
546	652
463	883
862	888
3	898
61	839
584	880
589	995
396	829
354	832
271	834
560	708
752	878
857	894
141	724
664	765
499	957
77	968
144	729
405	770
773	937
643	827
60	506
522	537
54	957
651	947
141	845
296	490
664	886
12	731
394	796
366	963
873	996
704	958
896	899
500	899
467	722
370	789
609	842
20	676
106	221
564	776
954	961
379	730
150	907
544	797
912	964
282	797
315	745
442	786
39	810
264	928
212	738
759	907
845	910
905	961
449	681
151	758
780	966
750	794
650	856
359	909
923	951
548	808
859	966
86	225
638	967
485	496
421	969
747	910
291	630
370	923
263	797
497	735
736	980
436	459
551	971
410	995
721	857
289	934
812	975
930	967
949	980
448	698
742	916
269	992
659	918
395	808
837	924
534	923
413	862
301	392
154	867
66	754
369	526
219	996
393	920
236	936
698	738
455	980
436	701
648	880
69	944
325	870
204	580
333	990
56	187
295	469
322	572
575	752
668	980
902	918
346	700
15	829
225	410
560	629
543	985
983	991
224	939
941	994
96	939
182	942
894	919
363	465
346	821
117	998
593	698
59	764
716	997
716	768
769	860
600	822
572	989
746	876
869	983
426	642
610	988
472	529
53	545
688	827
130	765
383	945
795	889
662	774
832	956
752	933
697	997
466	835
741	774
908	951
226	365
570	892
387	956
327	676
403	900
752	825
639	884
195	907
644	962
181	972
630	835
327	797
280	951
456	682
574	674
57	155
101	161
512	964
47	864
107	915
468	894
643	895
445	910
66	325
128	974
439	836
310	685
361	916
139	803
433	792
798	890
564	723
393	612
434	613
346	500
277	400
750	849
708	852
768	903
187	857
352	924
646	913
632	978
458	862
444	927
967	968
601	847
680	911
174	285
298	580
55	822
707	748
311	519
481	930
756	906
921	973
814	847
599	693
733	922
851	914
854	919
702	791
914	970
812	922
232	347
13	983
99	986
729	924
932	987
99	757
388	631
668	914
797	799
250	926
948	968
115	701
670	694
823	973
587	925
702	912
928	989
413	809
886	992
215	824
344	709
383	637
462	930
550	814
858	930
145	994
962	987
659	986
693	799
202	710
221	760
4	991
515	941
675	930
224	994
334	637
895	933
825	874
233	999
897	979
649	877
797	812
874	995
203	827
13	178
268	956
758	820
288	642
427	949
788	928
688	761
209	992
832	890
802	984
389	586
513	881
526	820
600	769
350	823
718	990
938	993
486	603
725	885
577	721
730	1000
807	954
644	667
178	379
348	790
769	820
171	605
584	774
410	621
151	855
549	901
829	955
414	713
101	216
746	957
798	824
215	503
877	888
896	901
646	955
68	978
838	896
227	742
576	896
796	899
754	902
699	966
787	850
456	979
766	912
507	917
708	907
345	855
350	970
625	909
88	970
262	857
726	961
247	963
305	904
733	856
736	861
648	748
364	989
501	735
606	788
490	576
715	923
200	743
38	681
594	633
654	684
411	697
268	877
423	522
763	856
138	804
312	691
69	933
141	284
622	853
517	571
902	907
425	982
506	641
544	933
208	984
860	910
703	926
615	813
243	941
174	353
661	700
251	802
36	648
41	992
160	943
438	628
219	998
594	875
398	1000
420	759
547	571
640	762
230	864
684	805
596	692
721	872
196	987
770	993
300	815
492	985
907	998
846	988
804	991
964	980
573	829
251	815
792	873
603	708
797	988
401	988
795	878
392	939
280	469
164	257
771	935
535	695
72	668
793	990
834	991
765	891
498	776
489	993
88	649
778	830
368	703
146	590
230	998
417	824
885	929
164	378
76	265
801	935
672	821
121	947
28	490
451	593
196	303
676	940
5	735
387	837
896	943
755	940
672	942
209	952
308	894
602	883
662	897
426	886
151	681
627	647
172	740
232	791
37	552
181	974
982	996
720	959
398	679
236	617
277	389
609	899
664	835
297	489
863	900
384	902
67	966
549	969
717	782
97	579
652	838
762	969
877	956
674	856
104	969
178	918
448	513
791	852
433	915
157	980
410	931
325	564
845	859
178	810
687	916
668	674
360	521
747	967
833	970
444	929
566	626
659	854
422	618
331	988
909	965
210	698
523	929
803	983
963	972
228	523
715	870
902	962
324	985
921	975
296	923
631	913
323	760
598	699
441	752
432	932
633	922
430	859
330	921
443	798
272	916
272	687
599	816
758	809
925	986
807	930
504	929
622	921
350	462
365	999
327	478
225	696
712	814
918	919
110	894
834	925
490	886
355	927
78	124
658	699
825	876
230	932
670	938
744	887
535	750
540	828
880	933
570	707
336	540
800	940
82	889
276	940
21	650
174	892
150	306
347	820
471	886
479	710
369	838
593	997
868	936
931	992
623	839
366	954
283	956
456	847
65	962
299	900
183	725
384	715
26	741
843	1000
650	834
457	964
195	964
107	851
468	830
46	841
836	960
137	959
412	669
24	264
29	379
595	790
378	792
686	908
88	959
528	965
421	839
836	852
780	957
766	793
79	92
260	921
939	950
741	965
856	952
768	839
859	957
798	947
638	729
440	744
352	860
269	862
425	850
645	853
497	726
428	626
166	855
452	983
340	513
231	984
551	962
509	965
5	937
237	277
440	865
949	971
486	981
305	906
543	963
125	975
144	988
240	925
689	788
317	916
499	627
127	755
481	987
283	514
723	786
626	853
906	907
543	855
212	984
21	221
532	925
705	853
27	938
392	807
409	976
428	989
543	976
197	302
183	404
255	280
344	995
85	1000
663	748
382	469
814	917
915	969
827	856
371	576
216	702
235	715
744	821
876	977
191	874
330	989
8	938
218	482
911	971
591	764
770	995
374	766
642	931
582	651
642	702
287	474
38	938
360	723
487	764
580	992
739	985
31	898
889	929
424	829
377	488
547	936
822	875
478	836
563	880
568	995
320	893
447	705
982	985
266	778
560	996
238	716
178	436
665	783
150	603
463	834
535	939
282	493
686	842
713	945
732	958
556	998
611	668
407	609
775	776
546	953
546	724
683	958
461	845
306	971
232	793
61	911
565	673
671	840
877	945
114	922
475	901
414	891
347	901
617	725
367	550
732	971
446	614
205	259
146	847
476	722
187	619
94	162
425	676
805	897
824	910
736	797
199	858
507	974
708	964
722	899
105	442
743	958
509	791
132	804
756	897
305	732
921	964
833	851
414	904
636	980
703	741
157	982
22	528
261	810
206	874
627	904
777	848
185	936
909	967
45	404
316	867
407	985
536	641
57	872
368	505
733	926
101	649
18	651
251	859
86	297
397	684
121	749
828	870
511	934
354	462
593	744
10	423
328	998
436	760
651	685
670	698
307	646
96	877
581	626
388	985
792	809
737	873
712	816
612	878
904	986
193	894
117	118
62	182
64	780
834	927
259	467
567	583
691	878
825	878
300	993
575	932
508	942
217	995
929	935
450	937
87	885
469	950
207	950
384	583
403	596
169	429
260	547
688	994
22	904
149	945
180	295
273	486
498	833
264	437
281	835
162	655
681	991
373	838
767	994
266	712
464	993
758	945
493	647
567	596
396	943
470	892
69	319
588	884
720	774
711	954
540	843
889	997
644	900
65	735
877	1000
574	733
935	941
747	890
865	882
356	510
669	970
268	397
567	959
842	898
694	734
336	797
685	951
611	736
638	839
256	279
123	918
68	982
613	782
379	615
62	908
136	857
167	207
497	836
461	913
442	671
419	916
513	551
449	795
798	949
555	962
715	914
16	684
577	980
953	971
72	993
254	970
551	964
344	634
275	800
839	842
256	521
844	957
863	970
949	973
167	449
645	976
626	734
240	927
185	991
675	855
587	742
721	971
518	908
437	983
352	875
398	991
365	814
529	922
474	986
226	921
312	924
381	529
749	925
119	529
573	699
44	880
84	922
758	866
532	819
881	973
493	568
186	825
234	344
492	868
511	881
524	820
918	976
937	989
788	866
31	658
210	889
867	930
746	869
200	881
9	118
635	809
888	989
189	951
40	599
399	946
922	987
466	707
570	764
186	838
616	651
10	841
560	756
899	939
832	949
389	874
589	935
160	492
533	774
505	941
128	954
491	777
62	600
62	371
442	592
380	946
562	657
424	952
606	700
789	821
211	844
477	734
898	993
750	829
177	967
292	954
190	906
787	896
386	552
4	258
704	898
748	941
803	840
808	955
219	560
852	998
241	844
521	898
686	965
479	901
768	775
835	950
618	952
544	737
743	839
305	842
687	907
775	791
384	906
590	974
20	858
240	861
735	840
349	804
476	845
751	784
659	966
203	686
282	979
626	789
678	979
461	981
636	982
694	923
231	933
298	694
375	389
432	923
729	917
190	343
916	972
453	982
52	638
337	807
805	912
496	800
293	471
413	802
707	754
182	869
237	576
531	794
944	963
374	810
84	748
390	525
703	985
515	934
191	810
91	643
215	938
811	932
916	985
682	818
797	805
43	831
343	571
804	929
545	934
806	975
828	993
712	818
45	998
568	810
210	836
366	595
149	826
792	932
850	873
79	767
855	988
533	937
574	709
887	940
381	839
871	932
31	726
581	870
457	834
822	932
660	870
271	829
71	246
692	822
898	927
58	721
345	485
419	434
456	730
643	822
373	961
211	899
49	837
90	609
255	942
780	827
130	947
727	937
586	961
190	961
553	784
369	963
413	481
363	889
396	837
965	994
564	650
743	881
569	728
233	550
563	950
114	858
692	835
530	773
917	953
551	832
47	804
666	782
960	1000
239	974
393	889
775	954
577	969
692	956
585	601
631	946
768	951
400	555
826	892
605	664
321	905
462	615
701	897
324	910
442	902
450	497
111	802
42	968
138	676
620	679
14	869
605	785
761	803
714	957
650	972
851	962
235	464
326	848
345	861
708	913
782	862
45	569
449	918
495	805
687	975
2	872
420	631
189	698
125	979
736	867
362	626
127	988
757	926
913	914
897	906
46	282
612	922
846	860
918	965
510	911
694	991
372	977
807	868
927	970
77	534
605	919
302	881
677	795
825	922
930	975
272	975
107	413
198	760
263	926
192	457
560	624
183	637
402	940
557	999
156	655
276	986
59	988
675	991
105	875
508	999
101	840
579	879
744	946
86	717
788	989
48	196
526	989
581	696
567	761
517	940
214	902
156	897
491	887
766	826
917	995
397	996
18	145
50	134
822	879
555	764
549	949
623	898
301	884
375	833
12	781
447	938
856	877
61	902
658	892
718	943
859	882
41	664
597	653
817	885
852	879
494	905
741	782
732	962
303	556
523	788
5	862
239	800
808	957
632	960
169	970
986	1000
309	492
367	433
625	957
840	882
418	893
542	959
550	783
877	949
720	965
835	952
420	444
678	968
604	790
590	855
134	612
9	846
812	904
622	780
906	953
111	978
909	958
821	845
886	974
366	450
624	974
490	516
319	863
761	979
219	696
921	968
833	855
425	801
516	919
20	981
340	922
703	745
37	921
601	963
422	503
64	758
413	912
872	968
913	969
490	637
932	982
536	753
300	742
525	860
29	922
593	735
409	914
185	940
881	909
449	986
578	871
705	912
443	912
825	977
190	466
696	863
770	812
635	853
263	981
700	982
552	818
483	984
612	869
717	922
730	861
526	802
779	982
493	625
536	995
85	830
162	525
579	584
188	928
785	918
790	996
427	944
716	818
265	882
366	705
438	581
503	939
608	992
253	535
320	939
688	877
774	880
719	944
355	933
570	821
589	871
258	1000
621	823
114	726
334	995
950	998
39	552
120	248
653	711
850	996
506	957
299	893
362	949
755	880
221	421
438	944
713	883
14	616
910	939
692	945
241	780
535	998
623	845
699	840
289	447
11	439
866	953
637	901
733	838
153	788
815	907
699	961
289	568
495	673
252	915
357	968
448	561
71	611
313	373
122	805
516	961
342	845
865	886
349	969
46	968
75	208
522	897
352	745
687	964
631	840
180	904
400	907
942	961
565	974
41	974
775	969
723	779
558	971
76	931
632	920
629	851
694	980
329	330
946	972
844	961
522	910
847	966
365	926
525	915
263	915
700	916
323	929
180	917
791	805
941	978
559	684
261	990
364	408
61	407
200	980
816	983
580	972
654	921
814	910
673	934
714	972
356	998
464	797
285	300
656	967
688	919
485	856
691	924
302	883
888	980
712	754
739	857
362	870
964	975
601	923
501	985
413	872
559	926
22	721
355	867
415	881
883	986
635	921
709	870
528	529
915	975
739	978
656	980
477	712
279	993
834	986
727	860
765	886
806	924
313	991
929	994
46	647
574	766
546	704
785	986
568	988
554	824
727	981
760	929
75	826
553	599
556	870
924	1000
5	730
560	989
646	763
813	940
637	943
2	203
595	946
438	999
741	771
713	938
324	604
287	951
903	954
562	661
727	994
801	943
653	779
864	999
146	948
982	991
32	617
491	902
590	844
345	784
441	492
83	784
914	941
933	954
435	677
173	677
393	717
134	722
227	913
496	549
173	569
388	494
481	685
145	736
830	839
687	790
442	959
208	792
227	805
323	742
157	975
620	736
606	838
353	392
671	967
294	980
682	796
715	744
849	973
236	975
948	952
351	733
290	457
465	983
435	811
335	873
517	621
962	971
544	983
98	637
51	296
37	923
419	988
372	913
854	916
224	749
545	804
853	920
292	395
316	752
814	965
65	352
463	627
707	758
572	799
723	968
811	815
423	935
20	996
502	999
87	757
563	686
675	927
876	917
760	971
125	460
913	984
319	999
957	990
112	935
373	710
354	468
651	691
744	882
293	946
802	860
848	976
655	810
806	979
401	930
883	933
304	997
464	986
538	935
901	987
164	428
381	951
293	838
977	982
303	479
855	992
10	900
868	931
257	777
16	422
147	905
744	895
494	949
53	718
873	982
892	995
135	787
965	985
602	933
588	998
748	987
500	885
8	194
926	993
444	495
394	903
875	947
570	836
850	890
734	944
271	954
110	447
638	832
817	834
7	965
243	683
872	891
657	737
132	852
25	726
483	786
557	735
15	452
823	891
367	611
812	961
437	855
710	950
930	953
236	801
406	458
326	960
207	743
518	901
55	645
8	799
261	979
550	853
527	869
117	971
893	963
497	963
846	851
851	966
229	919
480	501
344	869
289	933
499	743
504	858
569	987
911	953
352	989
696	799
527	990
38	799
687	979
816	864
599	866
203	866
122	941
607	690
225	396
805	971
161	640
326	973
601	912
881	966
688	800
600	687
56	294
42	396
723	794
580	974
874	926
497	976
390	813
876	972
191	869
779	810
378	466
550	987
591	988
181	595
167	697
272	979
365	941
450	756
785	975
100	872
463	695
370	467
232	533
894	918
572	867
880	983
737	934
864	975
286	998
401	985
704	757
552	888
44	418
109	813
758	993
978	996
100	993
301	754
58	767
227	310
521	528
350	646
429	939
744	950
169	719
746	996
383	944
586	778
281	896
759	935
418	642
430	467
695	950
63	939
216	952
329	829
563	767
291	308
857	948
917	999
755	937
466	834
493	937
171	657
119	201
363	827
289	612
504	537
220	778
693	998
734	999
159	539
706	937
52	147
986	991
86	963
884	943
689	704
220	899
817	889
531	532
354	899
835	943
417	955
940	996
852	883
359	950
116	963
135	976
336	966
532	612
592	663
275	956
638	779
528	907
127	563
849	962
824	905
722	894
796	843
460	894
606	948
735	833
583	964
641	905
407	738
252	864
558	907
585	781
838	961
386	800
854	905
312	622
518	956
726	905
932	973
365	633
529	970
290	459
606	961
826	964
217	856
714	908
656	903
895	919
633	919
572	680
355	682
115	929
268	942
483	867
598	817
684	857
53	465
806	968
503	930
406	997
695	871
304	986
771	866
683	753
633	932
779	986
416	934
512	871
691	873
663	811
434	988
74	416
332	940
387	876
473	650
230	929
772	983
887	933
596	986
370	414
788	927
848	978
471	991
168	953
681	986
706	750
725	763
480	932
70	768
383	999
80	961
938	992
313	940
533	943
211	663
646	820
202	843
293	961
72	962
829	941
452	954
89	902
672	994
892	997
570	717
579	951
525	651
692	828
26	738
194	551
815	898
856	936
534	656
331	556
137	956
173	613
95	959
71	373
370	898
893	939
67	897
497	710
543	826
356	505
829	954
142	253
259	838
132	962
509	720
729	952
25	607
393	774
269	967
439	890
81	916
650	844
68	159
4	669
331	798
680	952
262	964
209	549
574	970
935	949
296	962
612	673
254	965
6	863
736	739
106	572
565	857
740	858
430	669
509	962
930	955
310	981
879	909
818	899
515	861
204	447
508	858
723	783
580	963
594	632
874	915
791	917
357	396
642	794
95	167
716	743
760	786
182	809
572	735
30	940
907	984
29	981
98	586
772	796
240	935
804	977
740	992
361	407
619	931
66	984
520	925
635	912
649	810
602	735
43	771
915	966
786	815
769	848
908	926
424	584
322	802
520	817
69	127
468	627
203	881
846	987
629	989
964	979
482	939
587	992
182	943
106	130
966	988
663	987
200	997
468	748
594	887
280	697
459	928
959	985
623	770
29	297
614	987
774	939
364	775
350	877
892	931
248	600
542	818
910	985
871	993
595	829
278	893
345	654
116	831
498	896
484	998
424	718
446	477
456	899
454	826
762	942
435	547
280	710
197	904
701	703
567	888
116	723
597	996
454	947
51	971
51	742
756	760
300	480
398	786
403	901
477	850
986	993
562	665
842	948
427	440
489	537
425	781
678	961
315	909
180	950
419	966
386	789
553	966
713	955
768	891
854	894
518	716
652	945
798	999
891	961
379	786
305	608
370	966
7	914
122	864
507	971
212	794
881	889
303	912
421	904
541	969
352	804
654	846
57	627
131	576
615	625
50	853
108	794
237	450
335	985
572	669
566	854
464	614
906	959
152	985
587	913
523	928
724	918
8	748
261	928
302	929
316	864
407	982
784	969
121	625
700	975
137	340
32	58
104	163
205	740
298	931
545	808
149	579
245	287
190	351
737	978
797	800
673	993
739	795
285	359
832	986
703	872
274	695
688	978
457	816
429	983
589	972
327	477
725	752
471	872
171	580
479	696
773	914
401	813
509	575
459	983
593	983
27	77
665	822
257	539
164	311
461	534
606	629
377	540
767	991
968	981
238	647
288	993
618	868
725	994
155	878
609	819
655	935
980	991
792	940
33	888
418	470
368	878
836	946
972	992
669	725
667	881
501	589
446	653
704	948
46	719
789	992
863	941
546	776
664	997
783	948
103	435
631	820
581	999
9	773
699	725
743	997
316	664
159	717
35	910
384	835
516	954
824	841
634	946
567	956
460	830
226	663
23	563
699	846
726	949
757	787
311	441
643	951
743	889
197	864
267	371
217	779
269	969
93	218
805	949
478	554
865	1000
502	911
120	617
259	961
166	733
782	965
837	901
757	908
657	970
355	605
775	962
935	951
136	975
953	968
153	915
592	962
143	870
132	977
206	926
33	446
508	739
847	959
282	921
805	962
698	836
717	849
400	913
923	954
515	863
23	926
97	875
702	726
721	739
523	983
311	575
116	336
200	973
38	682
337	978
142	739
510	906
395	690
909	911
427	871
591	979
517	801
825	917
112	981
88	395
594	984
506	871
43	881
332	755
189	935
645	986
271	516
348	470
705	973
672	796
223	704
622	975
520	927
198	876
360	709
368	799
198	647
337	991
767	804
235	943
164	245
339	771
707	938
908	928
448	943
704	869
487	871
640	884
693	747
371	696
887	990
188	989
292	817
619	946
686	707
405	465
267	989
14	314
528	764
841	995
978	1000
711	885
158	709
567	877
584	817
892	933
699	767
183	887
453	482
389	992
227	664
884	934
903	947
502	603
543	641
606	697
919	928
602	992
385	957
481	665
159	651
899	949
585	759
708	829
451	944
761	840
329	954
659	829
198	205
664	944
824	896
273	793
741	898
42	897
759	952
344	673
456	914
385	970
921	950
714	886
315	911
400	726
854	896
914	947
53	93
256	681
454	962
94	390
747	955
833	958
731	947
571	729
689	950
279	557
721	902
657	917
39	50
407	742
830	845
742	961
527	807
520	619
222	925
733	912
497	901
199	978
730	843
936	948
256	694
75	390
66	799
85	812
453	979
404	794
337	804
548	987
601	850
647	966
265	635
867	969
365	987
542	620
781	902
800	915
1	710
837	982
307	753
749	869
628	808
688	859
196	922
182	987
672	851
443	799
751	915
503	813
281	700
112	928
277	995
832	988
49	350
615	990
152	1000
269	353
749	990
480	802
270	992
705	920
746	921
691	985
286	936
401	923
662	698
385	649
276	928
651	805
265	769
655	924
760	977
779	990
586	824
289	308
63	756
376	987
202	834
670	939
769	918
991	994
452	716
746	934
773	808
410	719
984	991
338	587
288	995
467	472
926	986
595	886
6	491
567	824
584	993
919	983
215	601
275	652
753	950
835	989
403	837
711	953
494	955
889	996
653	948
787	948
553	781
28	896
451	999
319	321
212	609
321	781
775	951
296	953
254	956
736	959
488	894
161	499
636	792
185	856
312	668
83	845
298	733
946	954
266	966
25	611
333	727
355	486
627	945
7	971
444	972
29	730
731	773
617	900
562	964
367	725
620	905
578	908
297	666
481	975
99	681
35	925
851	959
129	974
724	854
61	510
797	844
580	846
329	446
501	967
894	898
619	693
605	795
839	962
536	924
369	518
117	977
96	100
222	993
629	859
59	972
589	908
176	510
47	588
869	962
547	911
459	798
423	875
679	801
288	916
496	865
53	295
182	934
168	999
278	642
724	988
302	999
520	929
253	585
299	701
426	513
758	986
515	999
499	991
265	824
61	765
658	755
503	881
415	997
79	819
929	989
528	645
101	837
785	981
301	868
48	422
3	945
204	935
586	1000
856	861
820	938
283	999
759	928
124	417
864	981
487	994
836	882
192	817
445	997
211	830
607	830
808	820
357	884
651	873
577	658
697	989
480	991
328	368
759	820
108	301
748	927
13	478
343	878
255	994
783	884
859	879
537	828
79	953
836	895
385	959
646	1000
417	948
752	938
260	964
857	954
650	890
595	954
722	995
810	879
419	957
763	767
518	707
421	774
696	713
847	882
398	790
272	422
328	960
455	772
763	888
161	325
432	788
248	967
564	715
539	887
90	795
511	559
390	498
870	906
749	845
782	793
143	806
264	278
613	957
310	919
571	960
194	744
106	860
867	958
153	154
583	970
130	436
104	972
332	570
268	814
169	283
513	847
224	744
447	493
605	850
434	968
24	575
791	976
362	799
529	976
568	904
155	506
521	563
705	909
121	629
219	935
360	874
800	917
568	796
67	514
243	999
578	989
316	989
737	982
594	933
327	818
131	943
676	743
46	347
712	925
813	977
832	990
707	995
719	820
778	875
387	990
519	880
901	982
109	753
217	286
265	1000
801	980
820	993
226	520
80	954
603	995
878	934
811	944
794	977
431	888
813	990
393	404
475	931
447	869
908	998
727	923
630	990
611	711
597	813
220	597
285	955
371	995
646	934
164	665
305	412
558	592
475	823
884	991
667	993
391	829
685	818
179	946
220	947
239	960
836	950
849	889
835	991
150	888
324	775
33	74
761	776
766	891
796	999
433	947
452	960
644	901
382	901
113	713
168	383
333	716
379	832
183	957
668	706
819	875
411	555
777	878
823	994
634	829
653	842
212	840
826	999
537	896
437	958
611	845
960	999
523	732
181	214
912	958
48	624
342	842
736	961
851	948
548	910
231	974
83	847
129	963
383	550
844	945
30	920
888	951
81	922
604	963
125	965
601	894
565	971
481	977
613	904
184	727
337	969
645	856
851	961
92	909
648	861
307	568
270	915
728	746
216	800
386	982
642	908
587	972
802	897
587	743
196	858
41	984
481	990
368	561
123	235
78	987
77	762
256	993
416	982
591	983
302	880
388	920
811	986
52	934
85	882
272	974
828	926
600	924
517	926
140	939
281	649
184	982
79	700
725	811
389	862
7	531
512	932
253	937
542	811
179	759
602	862
709	988
491	994
524	942
150	472
637	819
246	934
306	948
163	936
718	929
882	1000
546	822
889	932
218	727
741	768
875	997
850	940
169	956
926	935
604	884
912	1000
530	706
722	876
37	773
686	953
840	989
831	940
803	841
863	892
252	967
419	851
735	828
465	967
518	830
583	959
502	741
294	977
27	862
531	661
393	956
608	844
527	919
250	907
613	959
728	909
869	885
226	964
615	739
802	831
277	865
225	446
612	855
362	680
730	847
64	986
661	976
936	952
738	967
297	965
894	955
695	745
473	632
739	788
890	957
950	971
573	755
655	794
273	463
493	503
262	341
943	968
561	637
445	691
483	983
818	973
163	978
447	508
600	979
517	981
6	11
709	922
855	976
392	986
712	927
49	583
950	984
774	987
567	694
630	750
850	982
748	971
822	920
10	776
786	997
968	974
156	830
752	861
463	758
227	710
862	992
600	992
328	533
686	995
176	930
484	817
341	997
778	998
19	946
127	250
991	998
366	946
378	1000
636	770
975	990
831	982
377	546
924	944
762	882
407	654
660	871
968	987
375	887
414	815
856	931
597	936
146	1000
817	939
877	990
192	887
734	941
285	849
539	702
329	892
604	831
39	793
870	950
634	710
873	992
565	839
861	901
914	993
845	893
17	253
757	780
729	947
159	831
580	595
599	608
764	941
92	777
171	841
303	960
243	680
215	847
798	939
220	962
176	367
632	906
673	907
585	831
318	487
271	375
823	888
768	952
826	893
812	958
911	937
844	947
527	974
629	958
254	852
284	960
246	439
418	960
96	909
635	894
294	335
533	617
793	958
853	972
886	920
144	283
624	920
710	960
333	973
503	859
11	922
668	963
828	915
511	979
860	904
587	974
348	463
916	920
222	997
373	641
459	681
276	974
513	917
499	982
707	931
889	908
144	525
493	679
792	975
971	977
608	925
511	992
693	969
827	969
249	992
105	984
603	931
355	866
776	859
616	641
473	821
238	695
546	811
436	939
940	967
17	992
540	996
672	923
787	873
396	988
767	931
799	883
213	759
507	711
861	943
864	985
726	755
63	936
789	811
519	950
835	927
80	85
563	993
403	775
898	983
535	931
750	819
120	652
284	531
143	555
817	994
476	701
935	986
632	948
310	668
488	940
507	953
89	965
419	840
405	942
768	994
842	943
738	822
201	883
509	999
206	732
574	899
429	481
71	773
733	892
45	491
606	824
611	902
652	940
206	853
844	881
314	386
761	846
747	948
654	720
425	897
81	858
409	660
601	830
193	510
91	499
578	846
321	961
489	774
921	956
81	979
323	741
199	971
4	961
157	974
793	892
154	905
94	625
187	853
457	677
814	951
406	631
626	900
109	381
367	676
928	972
633	795
451	495
489	787
599	918
714	905
184	676
621	677
728	803
423	921
832	860
224	977
306	521
292	623
471	854
605	854
696	972
897	962
547	849
115	926
411	988
175	977
596	970
367	918
843	847
380	857
344	934
471	975
908	976
591	811
682	929
602	906
795	806
426	680
150	516
573	878
292	865
180	395
223	994
567	804
402	996
773	909
300	985
938	976
693	916
211	647
290	940
560	801
769	911
498	825
484	927
102	596
468	919
294	766
250	696
799	938
945	992
287	763
175	293
125	701
162	997
331	540
215	594
836	941
425	589
972	987
783	822
245	887
565	828
85	376
269	951
241	889
29	481
375	889
102	959
666	772
325	479
110	325
817	941
539	933
169	905
819	987
213	948
120	720
736	952
161	492
199	784
763	826
78	723
606	879
124	610
949	952
497	828
502	906
617	893
428	728
837	896
364	972
534	895
358	898
305	779
698	710
56	977
427	624
611	970
237	500
204	323
729	962
214	745
668	952
323	917
309	790
21	94
485	952
504	965
724	968
429	791
649	794
332	858
673	922
874	912
827	837
510	901
106	811
73	634
609	614
36	981
302	871
770	976
85	873
695	802
681	904
244	866
304	917
128	691
119	871
347	506
894	904
677	906
143	181
709	858
43	997
253	578
695	923
874	925
385	468
706	789
403	751
876	971
549	576
17	981
39	474
751	976
148	417
10	941
786	933
412	692
207	997
384	630
769	966
191	989
788	979
347	748
433	751
264	713
625	692
537	579
877	913
154	289
940	969
799	993
95	877
978	995
274	879
384	522
582	995
70	820
295	938
93	952
327	890
79	825
109	933
866	875
114	782
903	942
655	877
741	880
787	996
78	536
358	590
674	826
343	992
780	993
940	982
711	893
783	998
773	990
592	649
578	714
690	955
509	880
784	819
674	947
338	998
613	708
893	991
750	942
414	993
270	719
559	593
627	993
775	891
324	955
341	370
458	955
618	944
659	945
543	770
271	311
617	719
353	609
275	955
932	959
66	552
313	429
791	956
180	839
680	896
449	963
724	902
715	853
186	509
358	966
259	435
591	908
806	833
245	271
575	671
425	912
598	803
307	856
408	679
380	846
187	976
598	924
343	671
936	956
719	921
402	985
658	682
217	976
170	864
712	918
439	500
744	870
403	577
783	798
105	920
270	987
908	978
278	811
801	852
195	813
448	993
456	588
855	859
1	947
376	861
150	518
670	813
76	303
540	932
3	764
607	878
794	970
211	649
255	921
769	913
218	773
144	595
691	993
410	714
690	997
743	860
643	922
454	757
225	934
63	872
637	878
540	945
326	464
212	591
553	655
671	876
762	994
247	814
555	930
899	999
203	478
171	940
768	930
78	483
570	945
201	590
588	999
844	925
233	542
140	314
458	889
967	995
304	422
469	489
680	938
840	927
900	941
578	661
220	953
239	966
338	945
747	884
851	941
548	903
245	902
854	946
446	892
279	486
284	830
399	551
844	938
641	838
948	995
939	946
942	951
881	941
944	997
624	790
569	854
566	785
115	620
895	960
298	741
793	949
435	975
66	849
478	793
760	893
779	906
94	803
591	855
76	934
814	900
557	978
538	736
469	865
496	968
279	970
697	729
790	920
806	901
489	965
566	919
827	960
115	754
480	852
559	916
256	878
746	971
130	510
594	873
602	963
832	930
978	984
515	994
339	997
788	860
34	398
526	860
359	454
479	519
225	868
373	766
238	807
136	530
301	863
530	686
843	917
653	756
603	935
162	933
924	990
676	925
313	873
662	990
321	697
940	971
544	705
463	817
213	642
273	656
713	928
231	659
699	764
795	997
836	998
674	936
808	936
692	990
241	825
783	879
769	981
507	944
479	882
504	646
745	772
421	648
104	941
409	530
73	315
133	366
451	941
275	715
844	872
11	605
527	670
833	942
329	951
304	598
722	882
629	654
474	780
501	883
620	834
372	769
8	721
844	993
541	955
508	778
133	608
735	942
399	727
37	82
319	734
520	724
351	952
626	891
763	896
124	909
826	952
416	788
673	858
409	785
738	960
116	388
126	810
102	224
57	976
336	391
723	837
728	915
855	956
189	866
395	971
670	910
950	964
50	973
380	619
521	558
536	866
9	154
776	784
962	974
263	973
348	751
100	686
494	805
821	971
862	972
339	702
158	627
311	869
416	922
677	963
718	964
792	913
23	173
528	574
127	230
175	981
412	628
706	846
887	921
128	640
436	756
554	748
848	966
584	856
484	689
690	757
184	922
681	974
373	821
560	913
1	949
34	574
355	925
919	967
938	980
957	993
877	970
32	649
440	474
753	934
899	988
852	913
112	120
296	695
310	364
590	647
442	520
428	585
667	867
405	867
787	932
126	957
170	1000
674	762
835	865
558	816
40	890
208	474
755	872
919	980
762	996
734	934
720	770
761	771
752	988
414	700
534	994
206	670
720	891
21	890
516	832
884	999
359	885
823	989
856	937
565	953
279	596
262	952
740	954
859	942
900	943
944	986
192	893
99	665
701	999
97	969
35	91
23	791
212	956
298	730
435	964
784	889
286	612
659	894
733	843
879	897
824	961
271	489
763	951
782	964
565	966
680	953
177	332
619	677
944	999
641	961
379	961
294	328
492	609
115	622
698	714
216	674
832	906
629	843
918	946
109	319
441	792
284	845
614	720
559	784
550	964
71	966
668	956
809	895
888	959
640	857
249	972
579	618
472	492
510	784
86	685
765	973
880	960
498	629
663	962
635	900
84	797
670	857
307	805
716	973
876	962
17	972
691	916
751	967
322	561
809	908
728	983
142	859
475	739
241	572
191	980
683	688
561	927
146	456
593	916
734	855
739	970
461	696
573	937
581	798
452	876
540	760
834	978
195	991
10	945
440	758
970	987
187	349
560	860
868	976
282	586
788	983
947	976
135	832
231	540
132	763
783	989
958	990
153	593
755	927
218	951
708	815
773	981
891	936
352	658
439	812
255	991
530	701
189	371
488	933
870	998
328	715
629	643
89	958
686	948
498	897
826	928
803	944
563	999
692	884
444	782
939	990
395	597
694	893
756	990
830	939
360	495
511	664
20	841
562	895
782	898
842	949
928	952
242	661
379	895
847	1000
208	784
1	454
157	967
55	919
531	885
233	962
830	952
916	955
520	726
814	944
846	896
610	885
629	898
818	834
496	783
446	962
40	274
246	608
666	965
41	913
564	954
600	611
402	855
517	842
677	831
264	396
30	983
520	847
761	973
492	785
222	924
282	975
837	968
441	968
334	842
620	970
821	960
435	924
770	914
322	495
855	958
98	750
84	852
552	920
329	619
749	976
931	953
485	903
614	788
691	742
773	781
56	231
825	971
737	858
883	912
621	912
703	981
832	866
482	753
568	793
862	974
672	850
639	673
570	802
767	858
794	961
524	871
771	977
512	982
746	920
314	997
148	705
368	974
883	925
406	1000
968	969
156	825
783	923
67	753
342	463
89	1000
259	694
340	353
326	455
275	638
695	995
550	577
82	997
500	756
269	823
637	990
67	874
664	864
991	993
342	584
801	869
861	883
410	718
845	875
504	582
965	977
113	697
706	982
257	890
301	933
466	1000
856	926
842	991
606	751
537	880
878	944
542	995
757	883
163	181
16	885
761	773
692	939
972	993
754	999
372	705
451	998
513	644
129	947
248	898
234	1000
284	592
726	937
872	991
449	659
743	877
757	775
803	891
440	839
117	829
678	896
411	781
731	759
562	950
826	996
270	549
641	950
407	783
761	786
425	837
645	840
731	880
53	965
548	907
749	897
50	896
532	899
911	932
589	652
816	843
420	843
814	999
948	999
276	835
661	905
721	956
143	979
779	897
677	886
131	861
681	776
