35	88
1	95
24	97
35	97
88	100
59	73
70	73
55	93
28	94
69	95
80	95
92	97
9	99
50	100
40	77
81	87
73	83
81	96
39	90
54	88
31	95
74	75
51	82
35	65
74	84
32	78
66	80
51	91
32	87
13	83
15	25
96	99
35	92
88	95
17	62
77	85
69	81
80	81
77	94
5	87
28	89
58	90
42	82
42	100
62	87
81	100
31	81
62	96
51	59
2	54
54	92
84	93
31	99
24	60
32	91
1	85
36	52
65	88
88	90
24	96
76	97
88	99
57	93
6	29
58	67
77	80
9	71
77	89
80	85
50	81
80	94
92	96
6	65
8	84
19	84
91	100
62	73
81	86
54	69
73	82
12	63
62	91
12	81
51	63
72	95
84	97
12	90
23	90
87	93
4	86
95	97
53	100
64	100
13	73
65	74
13	82
65	83
96	98
47	56
88	94
68	88
36	65
28	61
38	93
15	100
5	77
58	80
50	76
61	76
80	98
42	81
50	94
61	94
42	90
62	68
83	100
39	75
62	77
73	77
20	71
54	73
20	89
84	92
12	85
53	86
72	99
53	95
34	91
56	91
35	68
4	99
34	100
37	96
76	78
16	73
68	74
76	87
88	89
88	98
46	92
68	92
38	88
38	97
50	62
77	79
7	91
69	75
80	84
27	87
61	89
91	99
30	92
94	95
75	91
20	66
11	97
41	98
75	100
31	75
72	76
4	67
4	76
72	94
23	89
53	99
46	60
65	73
14	98
37	100
65	82
76	91
5	49
57	87
68	87
49	83
68	96
38	92
15	90
26	90
49	92
69	70
79	93
61	66
18	95
82	98
50	75
11	65
19	78
27	91
83	90
23	48
19	96
60	97
75	86
13	22
33	98
64	85
72	98
64	94
87	96
22	88
45	90
14	84
22	97
56	99
3	93
76	77
27	41
7	72
49	87
27	50
79	88
79	97
90	97
71	93
27	68
61	70
48	100
60	74
39	51
83	85
52	79
41	88
52	88
75	90
41	97
52	97
75	99
44	93
64	71
10	100
2	96
64	80
72	93
34	76
87	91
22	83
34	85
45	85
53	98
56	85
45	94
3	88
57	68
89	100
46	77
85	89
79	92
42	52
48	95
71	97
29	91
63	93
30	68
21	96
31	42
83	89
64	66
2	91
53	84
14	65
45	80
56	80
34	89
78	86
86	99
7	44
67	95
89	95
70	100
71	74
79	87
98	100
82	83
71	92
60	64
29	95
21	91
21	100
60	82
60	91
33	74
41	87
52	87
75	89
93	97
72	74
74	93
10	99
66	98
45	75
3	69
86	94
18	39
67	90
89	90
59	86
14	96
67	99
78	99
18	57
36	93
28	98
79	82
18	75
63	83
30	58
71	96
82	96
29	90
40	99
52	82
85	88
10	94
34	61
85	97
43	100
67	76
86	89
55	83
78	85
97	98
47	79
59	81
55	92
70	81
78	94
59	90
70	90
89	94
17	84
17	93
48	71
8	44
82	91
29	85
48	98
33	55
21	99
73	100
25	69
93	96
37	43
51	90
32	86
43	86
22	63
37	61
43	95
14	68
26	33
67	71
1	98
78	80
86	93
15	51
26	51
67	89
7	47
55	96
17	79
89	98
47	92
70	94
17	88
40	53
9	84
5	95
40	62
92	100
71	77
63	73
48	84
6	78
63	82
40	89
21	85
60	67
62	86
52	63
2	53
20	98
31	98
37	38
74	87
85	87
2	80
43	81
66	83
85	96
93	100
24	86
32	99
16	82
43	99
1	93
47	60
78	84
70	89
77	97
92	95
61	98
21	71
33	36
6	82
62	72
6	91
52	58
73	90
22	26
20	93
54	95
43	67
66	69
66	87
13	90
35	90
24	99
47	73
9	56
28	69
29	52
69	88
80	88
50	84
5	94
6	59
69	97
80	97
92	99
8	96
2	25
42	98
81	89
39	83
81	98
31	79
62	94
84	100
95	100
85	86
16	63
1	74
24	76
43	98
13	94
59	61
65	95
16	90
46	91
55	72
76	95
88	97
28	64
57	100
49	96
77	78
58	83
69	83
77	96
50	79
80	92
27	95
50	97
30	91
10	33
8	100
30	100
11	96
54	76
3	12
20	92
32	57
84	95
43	66
23	97
87	100
16	58
24	71
76	81
65	90
88	92
76	99
16	94
5	57
46	95
47	72
38	100
49	100
77	82
9	73
77	91
5	84
80	87
77	100
80	96
50	92
39	55
62	66
19	95
30	95
39	82
62	84
54	89
84	90
12	83
23	83
72	97
84	99
95	99
53	93
64	93
87	95
35	66
56	98
1	82
47	49
46	81
36	58
76	94
57	90
38	86
68	99
15	93
58	73
7	98
42	65
58	82
58	91
80	91
27	85
42	83
61	96
8	90
11	86
8	99
19	99
31	64
75	98
72	92
23	87
87	99
4	92
56	93
22	100
3	96
57	76
88	91
57	85
68	85
68	94
26	88
26	97
49	99
79	100
80	86
30	76
91	92
19	94
94	97
75	93
11	99
41	100
4	60
72	78
23	73
4	69
72	87
12	82
84	89
84	98
34	79
95	98
64	92
87	94
37	84
57	62
3	91
36	39
37	93
38	58
57	71
9	31
46	80
26	74
68	98
98	99
49	94
71	91
7	97
18	97
71	100
61	77
82	100
42	73
39	49
19	89
54	56
20	63
60	99
11	94
41	95
23	59
66	94
75	97
64	69
10	98
64	78
16	38
72	100
45	83
53	96
64	96
37	88
46	66
76	79
57	75
93	99
7	65
79	81
85	98
27	61
90	99
48	93
82	95
63	91
30	75
60	94
44	77
83	96
52	90
75	92
94	96
25	91
72	86
34	78
45	87
3	81
46	61
86	97
14	99
49	66
18	60
70	98
18	69
15	82
79	94
82	90
11	48
40	84
40	93
20	44
75	87
60	98
33	81
25	86
44	99
72	81
74	100
64	86
14	67
78	79
86	92
70	84
15	59
55	95
67	97
59	93
78	97
89	97
47	100
17	96
79	89
79	98
19	56
71	94
82	94
63	90
21	84
40	97
44	67
41	80
41	89
1	16
44	85
22	48
74	86
53	63
37	46
33	94
45	59
74	95
2	88
25	90
66	91
34	68
56	68
25	99
86	87
55	81
78	83
86	96
70	79
89	92
70	88
55	99
47	95
70	97
28	91
17	100
29	65
79	84
21	70
29	83
63	85
6	90
40	92
10	78
44	80
74	81
33	89
51	88
66	86
45	63
85	99
32	93
43	93
13	98
24	98
35	98
59	65
86	91
55	85
78	87
97	100
59	83
8	10
67	96
78	96
89	96
18	54
36	90
70	92
36	99
48	64
92	98
9	91
40	78
81	97
54	98
25	71
51	83
45	58
51	92
74	94
32	88
85	94
96	100
35	93
36	67
59	69
26	44
70	78
55	89
67	91
70	96
77	95
92	93
17	99
28	99
58	100
69	100
73	79
41	56
54	93
74	89
74	98
32	92
