35	88
67	68
99	100
16	93
70	73
28	67
59	82
17	76
48	54
77	90
29	59
69	95
9	90
80	95
92	97
50	100
42	96
81	87
73	83
81	96
39	99
54	97
51	82
4	96
51	91
24	74
51	100
13	83
43	96
96	99
1	90
24	92
35	92
88	95
1	99
28	62
46	98
47	84
58	90
61	86
6	61
40	63
80	99
50	95
8	98
19	98
54	65
31	72
81	100
39	94
62	96
87	98
43	73
66	75
66	84
36	43
76	97
38	89
48	53
77	89
40	49
77	98
50	90
61	90
19	84
27	97
81	86
10	44
11	98
84	97
51	72
87	93
23	99
51	81
64	100
13	73
16	69
35	82
76	83
57	79
65	92
76	92
88	94
57	88
36	65
28	61
57	97
58	62
68	97
26	100
18	96
77	93
61	76
80	89
61	85
39	48
80	98
50	94
42	90
62	68
30	97
83	100
94	100
24	32
54	82
4	72
24	59
34	91
17	20
4	99
56	100
65	87
9	34
46	83
76	96
49	79
38	88
38	97
7	91
18	100
58	84
69	84
61	80
80	84
30	83
42	85
83	86
91	99
30	92
83	95
94	95
75	100
12	71
72	85
84	87
23	80
72	94
95	96
64	90
87	92
64	99
22	93
45	95
56	95
57	60
3	98
68	78
76	91
46	87
76	100
46	96
38	92
50	75
8	69
91	94
30	87
20	52
60	88
83	90
31	61
60	97
94	99
33	98
44	98
72	89
72	98
16	45
34	81
87	96
34	90
46	55
22	97
45	99
56	99
14	93
37	95
76	77
5	35
86	100
26	76
49	78
57	91
68	91
7	81
27	68
63	98
60	83
83	85
75	99
32	39
33	93
64	71
10	100
45	67
2	96
53	89
64	89
87	91
3	79
34	94
57	59
3	88
15	53
3	97
89	100
46	77
68	77
79	92
48	86
63	84
18	94
71	97
82	97
11	55
63	93
60	69
40	100
30	77
20	42
31	42
75	76
12	47
83	98
44	79
94	98
41	92
75	94
44	88
44	97
72	79
56	71
2	100
53	84
34	80
45	80
56	80
14	74
86	90
26	48
67	86
57	63
97	99
37	94
59	91
47	98
59	100
27	40
98	100
11	41
48	90
82	92
29	86
48	99
29	95
21	91
21	100
60	82
41	78
75	80
25	70
25	88
64	79
37	62
56	75
15	43
55	88
67	90
14	96
67	99
78	99
89	99
36	93
70	95
79	82
40	81
71	96
6	88
29	99
52	64
52	91
37	39
45	52
25	83
74	97
66	93
45	70
2	99
70	72
86	98
78	94
89	94
7	52
36	97
47	97
59	99
5	91
70	99
9	89
5	100
6	74
82	91
29	85
63	87
81	95
44	55
73	100
93	96
37	52
43	86
51	99
66	88
32	95
43	95
24	91
18	38
55	87
17	70
78	98
47	92
5	95
28	97
92	100
21	58
81	90
6	96
81	99
73	95
52	72
2	53
54	100
66	74
85	87
93	100
66	83
85	96
32	90
43	99
55	73
16	100
28	65
36	78
47	78
36	87
77	88
36	96
6	55
41	49
20	84
54	86
33	63
39	97
62	99
54	95
32	67
12	98
22	53
74	91
43	85
24	81
43	94
15	23
55	59
66	96
88	93
35	99
16	95
70	75
28	69
47	91
58	97
80	97
9	92
92	99
39	74
73	76
39	83
62	85
20	79
31	88
12	84
20	97
95	100
13	58
32	71
51	84
35	67
24	85
36	50
16	81
24	94
59	61
88	97
55	72
17	64
47	77
9	60
49	96
77	87
17	82
69	83
80	83
61	79
58	92
80	92
92	94
61	97
42	93
19	100
2	29
73	89
73	98
20	92
31	92
23	88
35	53
51	79
35	62
4	93
1	69
35	89
65	90
88	92
76	99
46	95
38	100
21	38
58	87
69	87
80	96
8	77
61	92
19	86
8	95
25	26
42	97
73	84
12	65
72	97
56	98
1	82
88	96
9	41
57	90
57	99
68	99
15	93
77	86
18	98
61	78
80	91
27	94
91	97
8	99
30	99
31	64
11	95
60	100
75	98
43	65
3	96
88	91
49	72
46	85
15	79
49	81
15	97
79	100
90	100
7	93
69	77
31	41
27	89
19	85
23	46
19	94
41	91
75	93
23	73
53	74
95	98
87	94
56	88
34	97
3	91
38	58
14	100
65	84
76	84
68	80
6	7
65	93
76	93
57	89
68	89
98	99
79	95
30	62
71	100
50	77
82	100
10	13
8	89
31	54
11	94
53	60
4	55
44	91
33	100
34	65
53	78
72	91
34	74
87	89
37	70
56	83
1	58
22	99
46	66
67	98
38	71
42	50
71	86
82	86
90	99
30	57
42	59
29	98
40	98
19	75
60	76
4	23
94	96
12	54
41	90
52	90
4	50
33	86
41	99
25	82
10	93
33	95
44	95
25	91
2	98
25	100
64	91
14	81
22	94
56	96
86	97
37	92
89	93
57	70
70	98
49	75
71	81
27	56
7	87
30	52
42	54
82	90
71	99
82	99
40	93
63	95
21	89
60	71
6	100
41	67
83	91
33	81
52	94
75	96
93	95
53	68
64	68
44	99
74	100
22	89
5	18
86	92
3	85
26	50
22	98
78	88
78	97
89	97
18	55
26	68
47	100
19	29
26	77
48	83
82	85
79	98
40	79
63	81
71	94
82	94
40	88
21	84
60	84
44	67
25	81
93	99
85	95
66	91
32	98
37	64
86	87
26	45
86	96
14	89
49	56
67	92
78	92
59	88
89	92
36	95
70	97
11	20
9	87
5	98
40	65
48	87
82	89
63	85
63	94
62	98
10	69
52	84
33	80
93	94
33	89
74	90
66	86
10	96
51	97
74	99
85	99
32	93
66	95
37	68
13	98
18	27
14	75
78	87
97	100
67	96
28	77
78	96
47	90
70	92
27	32
11	15
17	95
63	71
29	96
81	97
62	93
73	93
39	100
10	73
45	49
74	85
93	98
45	58
51	92
74	94
66	90
22	65
96	100
13	93
1	100
16	98
67	82
59	78
17	72
70	87
5	79
28	90
58	100
69	100
48	77
80	100
63	75
21	69
21	78
62	79
73	79
62	88
54	84
2	64
31	100
12	96
23	96
51	78
66	76
74	80
85	89
85	98
13	79
7	8
