78	971
615	681
876	951
292	671
853	967
503	854
484	612
536	802
470	677
112	969
589	894
126	638
304	910
601	904
427	980
339	867
586	744
190	515
751	848
792	849
360	926
883	967
580	966
239	636
404	969
607	803
739	959
598	983
477	693
298	987
614	964
586	636
364	523
281	525
492	974
552	988
712	977
333	392
482	929
604	626
727	962
302	998
540	991
177	939
249	290
722	739
171	636
575	985
616	986
132	644
54	990
296	752
447	921
366	996
801	924
223	947
391	760
864	980
468	980
822	983
269	770
305	464
100	998
958	992
859	986
363	819
817	989
692	994
673	715
829	999
567	999
842	938
162	950
564	930
817	881
858	882
435	550
426	996
949	1000
291	771
659	709
805	992
227	786
14	907
666	833
872	938
330	655
830	941
379	776
401	535
566	602
731	935
805	884
185	910
928	954
826	943
624	957
659	951
617	954
474	905
749	844
105	779
913	952
696	954
135	392
16	966
874	960
698	771
92	961
73	682
344	916
449	969
223	626
57	859
700	965
901	955
813	842
202	688
436	626
936	949
281	459
104	274
931	955
806	960
405	616
140	870
415	809
794	842
885	960
128	752
328	517
297	975
457	927
94	875
586	812
214	940
570	804
630	855
561	984
387	868
855	973
646	799
546	632
147	886
246	865
394	763
650	689
488	627
414	449
507	640
809	978
308	696
767	981
285	941
968	971
271	814
463	984
783	925
15	299
488	748
961	968
759	982
50	522
597	920
643	807
519	1000
794	976
269	825
549	879
664	866
972	982
991	995
306	892
488	869
870	934
345	820
245	882
768	923
732	1000
861	885
965	979
863	931
882	944
68	956
219	600
926	987
310	718
819	861
604	707
268	721
548	775
534	877
842	993
316	654
354	946
775	939
357	951
689	872
534	998
501	821
606	874
745	952
374	716
11	664
508	716
539	820
613	769
747	998
819	874
332	490
879	888
87	659
689	993
763	942
358	664
738	885
60	970
531	821
572	593
571	893
464	767
736	960
290	614
395	667
381	732
642	773
399	557
578	788
77	506
927	942
751	945
443	600
145	906
797	832
126	627
308	375
587	729
94	567
797	953
728	853
547	778
714	955
693	832
552	627
6	868
744	797
749	912
853	969
139	165
435	981
154	968
443	842
556	719
286	858
575	732
179	732
341	565
506	861
547	899
160	224
6	989
703	917
265	920
941	974
171	504
79	915
244	982
276	971
496	974
623	749
31	874
889	905
493	676
209	917
47	818
280	797
868	967
151	417
610	968
265	933
457	874
603	928
864	969
13	574
679	923
266	525
579	985
598	998
53	646
875	983
369	882
418	744
776	977
643	862
970	991
472	980
233	469
347	985
185	657
47	952
704	993
616	880
863	986
780	988
546	821
351	811
170	241
521	993
42	995
396	998
437	999
775	994
34	996
342	883
414	988
736	773
161	313
606	929
155	239
798	870
8	714
32	842
393	821
35	847
659	940
411	838
942	999
441	717
840	988
881	989
427	553
129	896
77	440
242	773
536	725
252	966
150	955
632	958
631	999
890	930
441	838
782	902
124	902
69	966
927	997
242	894
677	822
715	848
304	725
920	957
123	384
474	907
344	797
913	954
825	841
462	789
401	779
146	260
49	327
45	851
568	892
532	969
227	333
707	970
139	220
635	838
800	905
538	905
395	856
422	959
615	859
642	962
614	900
22	988
47	523
52	867
957	973
459	733
813	965
57	164
353	980
581	844
471	972
801	847
11	987
828	980
95	577
100	921
64	998
34	567
683	747
586	814
479	688
341	983
704	806
528	809
695	986
440	467
352	583
871	919
494	932
394	994
769	908
634	683
350	924
690	992
327	940
706	973
384	922
637	873
903	992
796	866
961	970
479	930
391	817
262	703
778	997
743	976
657	707
238	989
35	889
761	764
678	995
494	945
829	935
452	948
553	1000
372	696
680	812
743	868
421	817
403	948
626	697
122	669
629	702
667	994
796	879
523	949
671	884
583	1000
979	1000
201	706
638	707
571	653
777	987
111	897
708	887
823	874
381	492
675	710
647	877
191	368
30	679
277	785
392	543
879	890
939	941
777	879
763	944
185	967
474	841
62	79
839	939
858	952
187	784
489	826
272	828
217	892
110	685
113	956
550	957
302	855
536	793
742	898
520	785
649	670
253	441
258	785
20	913
106	916
307	906
174	562
793	836
256	860
366	503
589	777
520	906
322	433
709	842
368	549
593	896
192	323
785	837
730	901
804	850
876	955
429	909
341	796
420	860
602	837
781	839
31	755
375	565
807	976
545	976
503	979
778	918
855	909
734	848
156	871
665	748
596	914
279	978
719	984
278	753
746	858
9	565
415	987
776	966
676	799
373	990
970	980
165	583
25	280
720	805
706	907
338	511
73	994
651	971
725	920
494	987
843	912
502	582
581	912
727	966
283	989
484	979
551	740
778	931
509	514
500	923
841	987
426	745
563	979
711	877
838	918
535	917
774	933
498	998
873	912
542	812
354	990
454	699
674	931
118	713
674	702
577	998
255	984
747	921
711	998
733	757
447	925
89	951
652	805
509	985
13	818
844	975
756	862
632	826
736	883
856	985
501	757
754	937
410	898
248	836
798	980
847	872
439	818
296	769
516	772
326	877
196	767
55	562
25	885
407	950
847	993
714	878
399	722
490	840
830	945
849	958
387	604
208	898
791	953
906	940
925	953
837	840
890	932
482	612
485	883
108	896
145	963
313	547
257	386
188	552
735	950
936	940
628	787
751	894
355	894
897	948
135	396
30	868
5	286
688	959
438	784
350	671
603	622
649	967
365	979
640	918
103	979
216	856
235	869
362	910
172	520
938	962
468	555
693	902
524	864
596	969
730	969
251	971
306	870
774	975
438	797
746	913
33	977
368	967
487	918
662	690
660	846
734	795
486	693
362	923
463	975
86	988
84	161
3	990
89	993
562	688
438	918
424	983
140	995
148	819
537	631
456	706
239	937
734	916
780	803
725	867
595	986
75	987
278	821
190	937
672	977
83	582
850	983
560	921
329	988
926	978
167	172
466	993
796	868
28	996
699	706
878	937
743	978
275	644
896	991
63	990
321	760
393	865
71	585
164	547
272	346
678	768
956	978
768	927
349	943
891	997
8	650
784	871
385	896
85	604
109	998
646	937
613	760
907	941
664	991
356	838
516	827
824	943
865	981
557	599
647	758
592	822
143	730
798	927
817	940
187	773
555	940
622	701
44	724
314	548
731	873
717	938
617	1000
450	594
689	876
735	992
518	994
518	765
844	935
830	1000
641	835
508	949
737	772
847	940
263	889
483	892
818	882
212	843
606	999
647	1000
738	889
839	941
374	841
571	897
694	967
927	946
724	846
457	731
624	908
806	885
200	846
186	911
520	787
712	728
211	446
386	972
265	911
594	857
101	924
790	917
78	159
759	786
704	850
327	863
332	978
115	980
189	929
304	916
375	567
586	979
801	904
503	981
864	960
579	976
706	788
563	968
725	801
119	991
260	930
917	971
400	452
80	999
470	925
643	853
852	963
843	914
540	876
190	992
947	971
331	702
4	344
625	920
966	984
229	691
726	743
643	745
822	976
679	927
351	573
521	984
958	985
540	997
525	581
659	810
213	989
884	928
617	813
870	993
768	982
565	882
606	920
206	949
646	992
282	715
736	885
259	997
942	990
515	657
331	836
592	648
196	648
527	667
824	890
120	774
617	826
601	818
430	936
770	775
170	487
923	990
37	897
97	911
298	901
495	957
233	957
698	993
827	878
610	880
50	957
707	732
605	950
677	826
214	799
869	996
943	945
365	968
464	947
51	512
601	952
301	431
691	845
157	386
57	973
813	956
114	460
320	794
251	960
259	555
737	853
196	206
904	966
174	861
103	163
232	802
75	855
737	974
695	977
10	874
165	519
220	455
780	792
439	499
315	692
494	694
138	507
597	792
368	969
491	810
926	967
40	874
255	799
945	980
69	528
415	936
456	708
817	916
662	813
569	585
574	929
285	826
574	700
646	805
899	985
329	869
272	335
683	872
956	967
378	990
975	980
831	972
228	413
968	977
604	929
865	970
650	816
39	891
157	883
182	418
393	867
613	641
375	998
590	886
323	542
376	405
713	993
231	953
36	485
872	986
435	719
283	591
863	937
164	899
291	711
714	814
948	981
604	942
645	943
282	891
304	650
666	773
278	368
159	942
319	894
393	880
742	997
687	832
351	883
599	719
805	824
4	775
381	496
568	588
955	997
592	945
807	833
793	935
872	999
946	948
724	835
476	770
605	655
487	599
93	214
846	946
343	362
941	954
779	892
677	881
622	945
15	910
59	724
45	789
694	969
270	907
853	962
589	889
97	161
1	867
271	499
651	720
427	975
535	774
210	977
227	392
447	661
526	954
600	903
614	838
922	954
677	894
355	843
781	951
693	838
552	862
133	915
334	905
512	682
685	839
415	978
910	957
970	971
827	959
887	973
577	747
655	852
586	981
79	921
841	978
651	854
959	970
477	701
530	793
783	973
277	347
672	913
162	811
759	801
198	993
588	919
789	909
421	513
753	986
701	796
903	930
359	803
787	984
947	973
181	945
468	975
924	989
657	874
733	869
678	933
752	919
939	974
699	992
859	981
275	930
729	871
687	874
95	999
81	835
623	889
240	828
763	869
405	932
680	871
143	666
946	990
757	825
182	594
467	992
599	653
203	653
838	935
464	694
400	938
529	823
694	890
680	992
270	828
379	1000
179	417
444	900
612	713
758	767
395	715
562	892
927	990
724	890
476	825
756	879
814	820
571	833
455	887
436	608
61	438
407	846
341	721
453	962
626	890
827	880
832	958
216	497
221	841
422	831
510	715
348	616
697	770
848	939
589	715
723	944
561	616
739	888
818	952
862	958
727	770
630	837
38	962
957	966
709	901
445	791
249	916
505	842
813	958
780	781
18	983
871	899
193	755
769	888
807	914
686	853
144	570
746	904
350	675
663	906
528	681
767	963
885	955
725	737
496	914
334	852
48	229
428	450
619	984
834	909
584	963
878	915
243	404
110	289
313	914
101	994
701	730
813	971
104	511
887	920
628	925
498	815
625	856
831	961
748	963
546	748
885	968
76	304
741	923
820	987
773	912
542	979
564	738
528	815
443	448
68	830
26	833
857	990
433	928
543	571
667	866
405	866
171	699
861	880
336	995
279	461
873	971
759	869
671	985
905	923
211	1000
192	758
371	989
574	823
627	915
66	353
756	800
88	112
968	979
714	803
361	944
884	985
133	299
759	990
944	972
335	662
747	872
24	477
497	926
53	949
750	877
823	867
59	471
735	754
504	821
335	783
236	777
277	778
404	590
750	998
409	705
925	999
557	603
736	834
837	886
821	878
960	993
738	880
963	998
608	770
411	899
629	829
231	968
14	970
125	249
108	605
242	834
448	673
668	942
164	914
687	955
519	553
20	906
389	480
568	711
325	953
941	956
237	840
797	948
594	848
552	851
802	999
293	627
191	845
619	797
75	670
603	789
770	966
508	966
346	904
492	958
841	846
827	948
371	668
524	910
193	810
521	612
619	918
6	166
50	209
679	905
637	908
480	961
34	386
237	974
452	862
658	967
253	689
385	808
552	985
453	454
389	964
2	289
475	738
628	980
788	969
369	985
644	924
836	865
822	967
588	800
729	739
238	916
544	693
58	985
529	570
859	970
878	983
597	970
382	816
850	921
662	870
789	911
803	809
472	975
954	978
847	852
273	765
395	462
548	704
653	757
947	975
162	934
592	747
647	683
151	775
51	837
137	877
481	650
71	523
477	945
175	580
856	978
942	981
54	290
102	775
784	809
481	771
627	862
269	888
912	994
120	536
548	946
787	999
23	603
551	988
233	827
627	983
434	817
756	868
761	946
764	988
340	889
499	653
330	881
113	883
569	897
407	835
608	825
150	950
381	782
381	553
408	656
716	772
81	261
124	897
430	940
638	889
624	954
605	712
517	599
374	779
406	731
323	962
557	900
450	774
524	723
818	941
559	946
517	949
677	938
314	849
737	952
286	787
915	995
786	844
846	895
515	795
315	441
8	964
779	841
820	842
570	667
420	908
681	949
189	975
579	901
813	839
744	968
765	798
489	900
258	967
404	792
786	857
887	909
274	682
246	849
466	852
424	855
160	516
128	978
799	917
7	459
535	844
282	398
278	922
270	280
151	588
769	903
177	991
507	637
295	983
107	932
690	987
850	976
602	911
555	799
472	801
453	522
766	982
86	994
683	984
199	642
961	965
59	339
451	863
470	876
778	992
456	941
979	982
32	879
373	943
123	997
197	946
636	764
914	974
537	758
588	989
338	814
458	879
967	985
925	988
39	895
507	1000
400	874
754	877
513	522
377	890
902	977
632	887
618	989
332	366
268	839
194	661
400	995
634	933
823	869
647	872
747	995
136	841
122	906
282	895
227	959
579	593
592	828
812	831
108	715
572	590
566	775
423	726
818	996
455	944
744	781
930	944
580	831
487	603
712	950
846	950
719	845
297	893
99	908
589	772
167	783
478	904
557	968
744	794
76	106
81	450
719	966
75	901
154	965
295	904
765	853
360	804
390	912
598	861
73	976
362	850
651	953
596	788
804	966
12	737
43	50
862	907
822	956
257	689
348	807
384	501
549	797
516	620
479	738
33	917
107	866
382	805
32	692
115	986
868	964
290	987
467	620
799	864
232	982
452	756
498	872
836	867
206	700
577	872
711	872
752	910
535	912
796	916
891	924
970	988
51	947
118	708
156	1000
384	864
315	993
391	988
553	821
597	864
798	854
882	996
665	998
24	413
783	990
180	926
650	875
782	994
859	985
193	370
657	999
192	936
692	993
893	983
29	649
172	957
428	883
68	311
307	593
245	947
615	709
627	985
797	871
368	465
502	953
675	881
312	829
735	932
754	945
119	434
526	529
495	950
622	762
16	952
181	494
236	955
714	994
566	601
170	601
455	999
111	960
969	991
210	902
449	955
397	765
163	598
578	840
429	717
902	937
234	478
365	961
758	892
399	959
922	1000
605	835
264	505
214	913
308	548
547	830
874	959
588	602
698	999
235	972
320	787
144	332
195	792
584	604
781	889
643	659
459	609
252	508
832	854
725	728
293	805
843	949
691	851
561	970
795	908
468	550
500	731
560	782
887	911
623	801
394	978
755	957
570	682
676	849
65	924
885	959
329	741
711	806
389	792
697	908
77	934
204	746
639	903
778	981
344	460
146	741
285	819
216	985
257	757
442	510
204	867
336	986
363	631
924	927
789	968
665	932
198	234
898	911
884	976
213	808
815	876
28	991
74	878
456	943
146	983
41	701
729	809
701	976
734	924
835	976
819	968
461	994
631	688
851	920
815	997
345	819
284	809
215	709
872	979
13	989
729	930
624	648
844	917
646	932
342	935
666	766
624	769
879	995
576	994
804	821
349	951
256	723
729	943
916	998
547	643
98	551
647	995
485	933
559	882
751	823
943	993
918	936
937	949
133	895
329	541
716	721
397	941
591	955
572	713
723	882
415	729
87	900
288	890
661	906
447	654
380	664
130	489
443	949
283	731
401	952
392	903
841	958
423	970
13	318
813	896
235	919
918	949
895	965
499	965
80	981
295	677
850	899
795	963
676	783
929	963
115	975
242	262
431	686
637	791
310	396
158	793
372	493
663	965
776	842
445	971
519	920
407	450
660	667
739	960
384	732
90	285
260	925
604	735
628	863
774	917
639	958
364	753
102	753
484	855
570	858
253	922
148	640
590	692
655	858
73	173
652	789
643	969
574	869
178	640
417	922
405	804
658	984
680	743
859	974
243	476
284	514
597	974
690	936
784	800
766	931
711	995
530	920
714	741
461	820
323	590
137	171
409	630
722	861
496	518
905	982
335	829
252	831
62	936
939	980
20	939
326	982
114	308
41	998
220	1000
435	888
817	990
256	428
476	697
118	952
508	878
291	880
714	983
425	880
136	777
444	893
268	896
925	937
562	885
226	936
768	990
909	929
740	891
946	996
476	818
816	886
888	991
920	943
777	931
615	832
279	654
99	952
682	778
635	703
629	888
703	837
867	945
374	783
267	657
742	950
354	545
514	534
813	830
207	791
936	937
480	657
251	834
209	837
19	676
607	846
266	553
40	735
152	976
293	915
471	958
11	973
341	848
506	915
593	840
901	956
352	448
417	614
499	912
669	798
875	903
181	980
878	908
88	560
234	843
896	962
5	525
235	987
417	964
651	902
288	850
857	970
581	843
359	730
567	908
377	518
808	970
665	921
945	975
494	810
84	158
144	926
686	980
424	980
658	918
262	918
553	636
699	919
878	921
644	754
537	628
574	924
335	413
417	977
7	813
423	462
768	911
732	988
745	927
690	991
564	623
118	765
720	870
866	924
967	976
678	873
141	934
764	913
287	988
562	698
735	855
19	944
777	973
273	945
956	975
419	999
534	986
653	937
823	860
551	926
627	921
632	999
506	594
673	771
645	938
518	870
320	360
416	593
44	950
770	825
714	930
184	701
92	883
183	247
367	822
422	529
554	648
738	994
490	663
572	702
71	945
613	999
907	951
626	938
87	889
610	930
221	889
237	833
416	835
545	720
99	899
704	713
322	419
800	946
915	933
640	728
423	959
681	766
340	961
510	884
18	910
936	992
793	943
672	882
828	900
602	823
561	785
511	964
681	887
404	838
82	558
598	852
367	956
587	959
661	908
265	908
254	261
746	952
283	962
820	901
66	964
503	965
203	969
60	395
318	956
712	846
618	659
744	798
320	965
191	851
576	662
655	726
727	831
811	973
170	913
426	839
500	788
533	736
712	967
841	852
868	955
293	983
301	844
447	898
540	860
218	809
658	852
966	968
66	977
662	971
63	679
665	747
637	914
260	698
609	852
750	791
722	729
248	809
831	901
657	748
533	978
371	916
403	868
623	871
337	514
230	388
199	809
636	810
386	635
947	968
570	981
652	791
882	987
668	735
202	999
618	914
34	634
144	994
553	933
190	881
537	925
878	989
528	876
440	992
522	802
734	981
893	974
442	809
736	990
708	928
653	992
606	917
840	855
528	997
839	859
696	810
816	875
907	993
43	659
733	877
442	930
240	944
923	974
138	704
840	976
798	979
817	992
132	889
555	992
976	985
250	881
995	998
351	933
645	885
851	990
441	826
854	995
793	985
605	934
407	949
668	990
888	993
2	900
814	815
681	700
791	831
531	877
396	423
230	885
147	850
482	840
642	829
721	893
163	831
383	834
327	673
785	999
441	960
169	501
394	848
499	901
573	850
503	791
410	563
594	909
809	834
63	721
175	962
211	619
660	711
651	662
563	778
67	611
807	909
507	617
746	899
186	976
381	922
324	388
384	668
422	960
223	979
457	917
787	792
396	907
737	971
561	974
454	848
101	989
216	976
660	724
104	506
857	972
669	921
39	525
364	581
690	980
528	918
11	399
835	846
577	810
631	787
306	990
861	983
410	818
239	936
497	679
975	977
653	926
732	990
372	684
64	531
432	698
611	700
784	857
352	934
500	869
99	525
761	873
687	695
444	708
708	983
165	1000
701	980
195	354
720	993
921	983
420	701
186	534
203	703
282	996
411	881
703	760
235	426
548	886
823	862
768	926
372	926
110	660
116	182
849	999
687	937
967	991
750	993
824	942
543	929
648	945
647	986
881	924
619	658
261	950
209	760
858	940
770	827
830	878
200	711
728	830
277	894
103	778
832	887
937	940
689	875
730	876
105	824
31	380
8	891
173	958
709	938
38	770
814	991
888	940
786	892
137	483
698	816
376	765
221	891
307	894
730	997
86	666
941	951
663	943
663	714
943	997
234	308
10	563
712	835
557	961
161	961
918	940
431	556
802	994
174	671
894	997
672	884
130	601
705	832
677	999
484	604
795	954
511	966
552	967
767	892
786	905
887	957
973	997
188	956
279	845
53	502
213	491
705	953
621	959
137	617
719	972
61	972
107	859
451	669
759	785
910	954
533	967
445	854
546	906
670	972
637	795
609	962
378	800
400	559
369	980
267	969
55	524
743	898
574	860
794	900
412	569
35	582
155	913
203	395
218	932
226	793
553	922
606	785
556	964
294	927
327	875
935	960
54	982
577	986
711	986
530	911
172	937
870	979
226	685
424	929
501	624
861	930
162	929
583	922
421	860
63	923
151	770
453	812
692	865
856	973
111	819
56	883
23	706
147	247
699	989
465	822
798	968
564	801
624	815
569	879
168	306
641	755
558	986
613	693
296	986
733	758
722	865
909	920
854	984
129	994
265	360
242	642
949	992
866	994
112	532
585	981
939	984
782	1000
537	940
25	994
613	935
175	938
414	991
598	775
529	941
205	817
334	702
408	422
707	718
490	720
825	939
407	951
737	826
682	890
902	930
860	933
612	831
656	874
105	1000
96	951
894	931
913	944
314	844
121	715
304	836
478	723
931	934
661	844
461	490
227	323
545	898
452	670
383	836
825	952
295	723
663	890
547	944
129	202
621	893
676	829
459	831
700	957
593	831
271	780
307	962
188	782
862	955
17	900
223	968
176	893
253	847
286	795
602	772
588	608
725	842
670	906
141	791
697	780
769	885
688	960
521	554
672	952
806	952
658	788
281	801
288	962
945	966
100	911
838	840
741	907
438	906
121	970
360	986
36	337
299	976
896	966
257	750
40	981
439	727
857	974
282	514
218	987
722	786
474	684
625	853
685	904
46	917
643	907
192	742
808	974
544	635
301	914
475	801
461	866
158	865
102	933
372	565
187	748
660	968
431	879
291	576
870	926
340	697
768	915
534	748
914	969
14	941
504	576
509	920
710	910
627	912
585	915
131	479
222	826
502	651
510	741
708	985
793	800
757	877
113	812
32	887
44	712
319	651
305	753
599	934
714	921
819	974
590	885
805	810
851	926
82	186
749	878
620	764
955	983
611	944
467	936
640	827
731	982
464	867
750	995
502	893
703	883
446	998
430	990
900	939
517	649
420	945
230	592
744	776
298	955
463	534
955	996
996	997
559	767
489	708
401	824
739	819
156	498
307	896
689	998
818	883
45	896
427	961
600	889
589	996
792	830
391	486
649	781
277	909
662	720
800	950
767	773
841	951
216	899
790	905
26	509
977	997
746	835
295	899
498	733
264	566
195	732
271	727
519	563
348	681
141	617
48	160
672	778
231	510
470	792
965	1000
36	42
417	902
381	979
530	550
1	169
831	892
657	739
338	730
491	972
431	692
706	897
766	911
70	915
88	969
560	964
219	405
425	739
236	574
301	969
631	844
409	502
135	936
551	851
504	510
951	970
51	942
285	880
935	962
549	926
764	851
287	926
232	990
125	864
870	981
796	803
741	867
460	854
861	932
597	859
85	418
411	817
356	881
958	986
433	872
601	685
138	695
201	751
724	755
150	934
515	537
611	999
559	809
761	943
645	768
180	934
983	992
157	950
298	889
421	996
25	996
622	986
484	527
556	632
580	760
566	825
695	710
906	930
918	984
87	598
193	728
721	884
807	887
270	948
867	938
586	659
751	763
797	879
98	841
492	997
409	999
389	761
702	992
366	777
177	612
116	602
603	720
308	314
511	902
137	661
739	995
376	943
587	897
545	900
765	903
66	902
943	946
173	210
667	718
297	956
493	602
405	718
584	949
776	890
514	890
679	957
145	269
931	949
444	565
783	785
631	657
829	901
691	967
484	903
88	674
211	973
734	785
646	901
753	798
780	901
926	955
100	913
227	688
820	973
364	693
476	611
373	927
421	675
569	573
896	968
720	971
868	906
272	323
359	736
653	917
586	927
686	865
842	853
432	689
690	984
51	997
500	860
477	876
72	827
254	575
782	923
548	756
856	909
625	976
410	822
437	925
36	581
339	353
239	940
13	863
849	869
742	743
893	912
122	769
230	568
810	914
359	978
395	406
768	917
652	971
592	691
789	976
539	801
747	979
906	972
142	576
708	987
331	1000
625	989
358	874
900	928
363	989
886	993
187	763
190	243
541	995
525	987
654	872
332	592
120	938
455	928
307	764
648	828
974	998
707	883
757	1000
228	885
462	823
536	772
687	941
635	751
833	995
46	356
225	587
846	934
106	895
92	997
128	654
496	821
587	710
17	823
430	992
858	944
520	885
194	900
596	880
205	995
532	895
848	872
806	875
173	962
517	772
61	492
165	549
758	834
716	837
480	826
144	382
985	998
157	321
415	845
126	742
781	939
17	957
977	999
278	732
639	711
195	963
176	721
484	837
509	601
473	678
10	688
868	948
371	667
288	898
785	950
274	734
408	963
765	971
947	948
685	948
382	681
24	973
706	778
274	855
774	912
856	951
419	684
625	789
14	635
363	560
795	971
373	982
321	792
808	910
357	974
30	579
613	671
852	953
516	738
153	686
634	730
817	851
762	915
563	971
530	794
540	987
634	851
386	520
354	982
687	862
525	571
604	864
810	969
358	808
726	975
229	694
437	872
564	913
564	684
247	977
585	743
837	927
128	238
78	646
854	867
446	813
754	929
914	918
578	703
724	757
495	934
338	987
714	978
654	698
953	994
870	996
276	523
436	475
749	935
55	783
259	290
536	827
541	942
668	754
920	938
502	950
188	760
529	824
615	827
482	712
735	929
172	257
691	822
217	939
76	963
915	981
189	840
244	547
426	524
579	766
832	946
505	588
598	779
647	937
512	712
806	930
185	317
52	727
248	373
456	551
621	655
693	760
500	594
142	886
698	875
885	930
802	932
339	676
287	486
58	663
834	884
297	945
471	832
42	426
57	963
915	994
15	966
63	714
524	843
688	951
526	889
908	954
322	601
401	894
809	948
387	959
621	897
387	730
266	669
255	776
986	995
475	779
246	956
375	612
760	948
278	908
512	846
181	975
938	954
649	851
745	788
957	967
789	831
734	895
123	741
940	1000
357	679
257	741
73	920
274	910
549	620
507	623
387	972
561	859
838	844
516	793
535	843
581	959
3	982
268	462
755	846
364	924
419	631
639	900
127	459
32	865
209	269
247	561
808	857
720	744
899	975
169	870
384	795
558	682
328	634
768	906
873	959
262	805
831	962
178	811
250	916
16	749
488	744
345	924
856	911
6	475
754	863
289	763
979	981
762	983
316	637
756	909
168	244
467	806
379	922
830	858
35	883
282	989
442	978
194	876
483	750
433	929
615	640
4	752
312	639
377	997
451	983
91	640
129	932
891	989
715	763
319	763
742	866
122	892
750	986
562	935
636	884
708	989
45	645
559	637
944	973
710	806
333	819
462	704
921	989
659	989
821	987
260	425
955	987
666	884
559	758
144	250
131	954
420	828
351	994
645	946
477	544
408	710
716	826
802	866
848	982
127	956
825	998
985	987
635	874
943	990
43	962
728	836
156	610
68	497
596	882
463	767
876	936
556	702
828	895
814	997
929	947
29	956
598	847
45	900
705	946
484	947
773	821
102	616
126	973
470	783
341	669
781	941
588	775
299	672
445	726
156	623
725	780
577	616
582	960
337	375
466	785
834	952
457	965
556	944
537	665
795	960
473	909
406	919
65	626
841	847
266	616
753	963
31	978
447	893
466	906
586	971
350	960
603	911
773	834
64	337
148	745
690	799
445	968
560	955
627	716
780	958
706	780
747	781
959	960
766	794
752	896
12	857
323	453
755	901
328	568
139	403
680	727
831	896
239	984
891	910
951	961
970	974
385	809
467	619
692	737
475	968
609	968
232	981
829	971
722	845
754	797
83	629
205	326
225	978
662	979
7	984
365	463
838	912
433	863
601	676
616	984
798	961
951	974
481	759
252	936
627	850
357	989
90	874
558	979
310	877
766	928
240	818
446	923
83	871
325	633
449	928
349	990
798	853
710	969
696	805
333	753
646	984
164	944
539	858
742	921
761	934
227	1000
645	759
837	929
460	979
501	980
4	699
21	114
900	985
872	923
168	541
117	990
184	751
117	761
337	993
464	805
92	933
188	641
909	926
193	719
380	582
289	952
200	880
429	474
258	821
837	942
923	982
367	764
983	996
578	947
894	924
316	947
112	659
814	931
915	983
505	819
832	948
876	991
911	985
952	986
608	947
324	370
656	880
752	817
193	853
862	948
191	780
399	958
369	786
387	840
982	986
299	727
665	784
615	963
174	961
384	542
871	889
790	964
383	842
97	448
322	832
588	722
725	956
477	854
783	897
67	727
755	835
457	912
630	840
657	677
813	961
472	668
477	975
287	851
292	966
262	794
146	848
857	859
411	513
686	977
856	900
861	978
840	892
859	905
32	867
734	910
747	849
40	987
241	977
34	684
378	982
710	903
608	626
646	918
98	295
464	618
180	859
636	873
796	862
837	863
9	977
28	990
845	983
382	993
523	703
564	741
44	934
481	706
701	975
337	698
777	970
543	803
376	397
185	829
224	757
293	362
735	744
314	650
814	973
236	996
948	973
717	811
881	919
77	599
201	931
619	653
605	755
638	932
591	820
779	871
599	940
610	806
340	945
205	757
325	822
289	899
347	352
624	889
916	997
98	779
695	769
189	668
612	771
610	927
524	658
174	774
691	771
61	604
313	596
800	943
901	995
538	943
519	664
610	819
832	895
403	489
315	605
353	897
790	898
977	990
237	951
397	940
77	733
466	545
980	995
154	953
195	954
575	717
198	730
514	707
827	938
113	134
684	889
458	546
804	954
890	994
191	956
325	956
567	718
231	274
748	995
836	842
877	880
161	969
669	850
281	970
317	664
919	998
179	959
776	949
850	898
93	690
657	732
412	672
887	965
21	787
458	788
184	256
39	575
369	975
327	978
743	893
299	916
173	511
467	729
183	970
940	949
632	796
359	674
840	947
878	973
518	667
652	896
251	323
421	734
440	747
324	801
76	470
678	804
810	960
884	909
39	817
507	922
229	914
745	979
41	863
504	624
132	981
159	855
104	919
665	986
761	923
750	801
782	982
942	971
513	565
666	807
74	932
756	966
448	584
833	920
65	294
309	920
824	871
409	629
312	925
389	391
826	917
638	866
946	982
858	869
467	984
756	858
907	990
327	415
673	823
222	887
566	697
645	990
10	479
125	991
818	918
37	878
138	930
854	871
274	296
816	993
709	867
733	995
134	932
953	998
120	997
423	769
927	982
586	652
149	422
930	987
640	888
800	877
566	710
802	923
504	1000
526	759
705	990
705	761
572	875
451	585
387	829
24	777
277	957
487	538
422	823
246	826
531	995
423	903
734	765
739	880
568	998
394	845
628	783
669	784
811	904
107	788
616	665
79	726
215	321
855	947
285	794
697	775
259	778
908	958
806	947
570	670
547	952
354	786
156	801
197	573
945	961
190	799
465	738
437	676
660	950
197	923
720	964
95	912
439	722
669	918
268	345
350	909
892	963
685	899
432	453
597	786
745	913
266	686
715	741
398	576
318	553
590	746
507	977
259	912
859	907
74	866
597	907
745	805
421	910
674	861
49	809
453	633
766	864
731	843
796	972
124	579
826	851
247	915
168	356
863	918
847	910
907	924
43	590
736	813
699	931
399	639
261	934
761	991
398	939
733	929
791	870
59	692
620	988
675	924
749	873
807	814
289	888
932	994
443	574
176	459
967	988
48	947
925	991
647	983
143	955
270	996
397	808
638	934
572	580
828	994
420	940
400	998
955	991
691	881
364	486
825	881
429	881
346	883
739	814
207	953
804	943
908	1000
760	873
941	948
724	950
589	991
468	701
184	942
313	827
915	932
901	997
274	606
315	607
554	889
683	774
746	830
773	933
102	499
74	437
220	491
931	997
375	779
848	999
438	835
135	797
82	907
343	948
472	833
370	556
213	609
378	905
759	782
19	972
179	961
910	951
569	621
871	959
475	959
824	847
88	964
206	690
426	959
168	169
472	846
899	913
403	975
796	906
856	957
446	793
470	921
113	620
209	328
851	963
884	911
97	760
551	967
625	916
88	977
840	841
5	942
522	680
673	812
659	914
714	850
198	290
590	814
125	980
276	624
326	741
262	985
518	911
592	860
900	976
798	965
858	979
531	621
314	586
200	750
668	855
599	984
356	997
254	986
328	935
851	976
226	924
854	981
427	648
69	940
358	814
430	690
779	807
527	1000
700	928
103	709
617	930
740	1000
478	707
582	764
119	774
485	868
573	715
681	928
753	767
381	895
904	936
436	602
301	643
526	761
226	240
635	933
725	826
152	964
105	889
375	713
880	885
135	731
52	962
308	659
566	954
827	995
21	602
716	898
628	785
237	900
223	965
820	955
405	713
603	957
322	944
355	892
982	990
662	783
519	734
868	888
40	965
324	495
155	723
136	444
177	970
526	895
584	836
704	901
244	916
546	958
379	552
539	541
549	734
461	621
70	965
152	509
611	794
671	845
459	962
472	901
558	675
155	965
287	855
171	680
470	976
652	953
46	914
523	573
211	981
321	624
444	923
497	786
664	963
287	976
722	904
639	906
694	805
611	807
578	630
330	565
817	912
720	979
291	802
632	866
659	969
48	815
442	971
879	972
48	586
309	856
538	679
750	858
488	858
634	912
298	697
974	980
726	915
330	915
812	918
638	802
22	533
416	689
583	866
16	984
324	871
236	987
198	466
122	885
750	979
557	813
395	751
562	928
548	993
749	754
928	985
193	536
127	936
22	654
641	928
715	877
219	939
268	831
537	992
53	125
311	649
757	995
457	703
228	880
907	939
681	862
222	836
483	877
469	713
207	942
288	638
367	931
78	828
749	996
909	985
915	921
280	410
483	998
221	998
818	988
329	531
790	889
897	988
317	413
258	772
730	996
131	142
293	729
843	873
862	886
58	603
423	960
109	770
238	655
362	721
790	902
499	955
894	996
176	716
658	719
685	822
776	940
473	902
887	956
973	996
670	958
752	997
692	717
265	909
438	837
861	903
61	850
9	660
432	497
468	945
864	945
91	204
561	907
905	946
896	897
563	953
62	671
241	902
438	958
639	948
859	951
281	974
597	951
671	900
22	225
454	673
734	956
546	905
706	894
434	435
884	900
686	915
842	903
551	956
322	904
160	805
583	908
416	502
454	794
710	720
844	949
266	743
183	974
33	212
764	956
337	623
218	931
548	806
207	513
515	629
680	962
611	862
239	990
891	916
481	752
462	510
16	918
692	972
590	924
483	798
736	978
884	913
798	846
27	703
486	988
761	927
43	647
516	867
772	793
939	970
460	972
102	998
721	747
569	878
32	939
622	970
784	803
434	919
816	984
136	996
893	975
717	978
763	865
592	983
499	755
330	983
523	883
443	860
825	925
481	886
816	876
36	886
793	865
811	882
800	989
497	988
417	699
221	824
670	879
441	827
895	997
108	883
531	986
209	935
402	835
383	593
828	943
365	953
524	717
804	1000
716	887
427	784
438	879
718	933
314	843
410	551
883	1000
621	1000
201	414
65	782
533	887
794	928
505	825
706	815
463	828
306	844
848	935
204	833
452	669
331	379
47	620
470	723
454	715
421	538
767	946
71	425
637	836
262	666
864	1000
878	898
808	839
660	712
516	667
672	951
245	618
33	964
148	914
371	959
357	795
733	786
553	855
778	973
191	210
542	962
275	618
476	608
720	968
21	967
618	957
557	681
376	377
273	693
534	963
636	745
12	100
55	699
5	878
784	845
789	960
412	973
541	858
747	963
766	976
907	915
48	696
105	678
279	336
96	629
261	925
770	802
338	916
761	982
379	688
673	869
296	919
819	960
318	449
273	935
652	968
756	796
140	527
112	694
238	281
386	933
601	858
928	987
353	756
886	990
58	350
803	992
219	941
962	985
728	818
800	923
700	985
538	923
636	1000
86	533
559	982
724	820
383	527
217	989
580	812
404	815
571	992
459	522
612	993
445	587
656	807
386	946
284	935
443	928
388	992
691	764
140	890
883	934
126	726
203	946
874	885
142	707
832	888
521	703
559	995
774	883
489	936
346	887
929	942
552	955
46	366
887	945
973	985
802	874
347	708
366	721
619	901
433	482
820	891
116	775
792	829
267	944
341	893
778	894
607	783
651	826
67	775
655	945
655	716
37	374
23	439
472	945
296	719
530	657
172	683
493	775
190	966
456	856
542	896
899	904
799	966
766	789
857	907
326	719
176	960
446	784
773	950
93	925
473	917
509	611
808	907
197	982
300	437
665	858
172	925
312	676
60	869
516	856
939	959
958	972
460	961
550	625
302	523
775	972
197	995
62	807
851	967
620	805
812	975
443	620
481	875
286	636
847	969
544	931
620	926
432	875
196	864
578	929
430	802
110	595
757	931
839	970
228	587
178	995
756	972
916	924
117	985
351	923
222	772
851	980
675	754
614	744
793	975
622	864
355	749
971	981
869	970
781	857
249	996
367	988
34	290
153	241
96	939
578	942
793	867
316	942
405	462
696	934
318	988
827	865
739	752
937	996
633	999
779	824
806	927
589	929
971	994
737	827
336	483
828	945
725	938
964	991
862	943
540	892
521	650
182	955
75	829
820	946
195	894
267	999
704	771
561	951
294	607
588	825
679	943
753	892
940	984
931	935
614	999
732	954
584	827
765	902
100	899
163	955
774	843
565	669
160	391
533	902
192	609
544	731
678	731
857	962
177	974
595	733
509	666
748	948
560	897
329	964
549	967
783	905
287	967
919	951
432	567
555	903
522	726
11	510
613	844
692	908
557	683
742	850
254	803
680	911
353	516
699	924
845	978
578	863
187	978
316	863
751	791
283	457
756	906
76	881
580	680
337	922
65	234
772	850
111	875
377	994
344	817
11	873
828	866
673	992
310	940
673	763
791	984
925	984
818	858
615	758
386	935
909	976
620	873
408	465
25	929
737	869
811	818
324	996
441	763
806	861
658	697
300	989
580	814
767	869
712	933
684	871
730	987
312	999
91	1000
380	874
303	361
456	603
184	935
695	885
263	999
15	897
338	355
381	954
725	764
656	930
771	880
642	766
936	984
163	997
719	949
311	895
199	425
746	823
806	874
83	479
811	952
440	487
505	882
271	715
54	946
973	987
799	834
95	718
577	721
26	618
375	772
442	533
72	734
452	726
567	713
672	766
212	485
107	957
864	936
583	657
321	657
25	366
348	790
461	667
581	998
498	963
369	849
556	941
575	954
468	828
850	893
294	675
123	793
255	949
725	898
348	911
604	837
326	600
185	624
465	678
91	208
132	734
403	968
623	971
595	909
540	973
815	912
840	942
465	799
129	850
518	662
251	318
729	845
13	675
954	963
169	922
764	839
461	801
625	909
215	745
149	162
949	969
49	978
332	512
409	732
958	974
777	899
782	977
400	683
4	683
399	687
740	751
440	984
352	871
613	912
594	633
585	850
562	866
532	694
303	871
930	969
71	979
319	815
365	931
888	972
180	922
818	913
633	867
798	971
816	988
814	915
313	633
833	928
909	923
501	869
413	985
661	821
633	988
22	834
930	982
508	993
184	869
781	859
189	947
860	923
730	813
353	826
554	816
163	931
22	955
96	941
581	690
200	998
621	762
651	870
771	935
876	988
587	885
769	862
383	826
589	931
737	829
649	716
542	590
426	644
744	953
904	942
163	944
240	373
811	899
855	942
982	983
385	727
766	833
408	896
141	781
857	951
931	937
135	966
424	840
387	958
330	424
280	832
373	794
808	951
393	709
109	950
563	891
549	956
764	881
158	842
595	843
903	959
856	884
452	794
226	488
773	886
152	273
451	835
919	940
275	609
370	846
511	556
340	445
782	790
171	673
699	792
205	257
685	894
674	964
211	974
849	965
882	913
250	902
926	956
477	864
585	663
141	915
442	843
359	845
529	731
759	964
382	977
148	810
738	841
349	800
509	789
239	928
440	918
569	803
300	615
458	972
103	744
409	787
221	736
653	918
446	854
377	983
674	977
888	906
722	910
928	978
28	987
55	824
641	921
429	513
162	169
819	964
955	973
435	937
622	800
236	993
571	983
299	524
290	704
925	986
496	580
881	916
3	647
522	983
434	870
816	935
635	860
695	874
640	938
800	927
855	863
538	927
832	879
596	868
334	868
620	996
339	717
559	986
848	860
853	938
387	879
973	976
147	897
513	991
716	825
380	876
862	879
111	422
603	884
773	807
985	986
570	707
179	822
635	873
506	722
68	725
288	994
288	765
90	255
862	1000
961	979
727	812
354	715
170	894
230	945
799	836
398	492
931	992
759	885
79	897
841	954
127	150
137	838
321	430
627	702
558	602
898	936
815	901
961	992
565	726
33	902
877	998
491	962
342	839
669	968
424	908
644	911
685	949
60	860
674	790
458	906
710	834
407	796
252	922
439	785
659	788
10	342
870	971
199	803
395	449
331	922
496	501
205	325
46	975
151	991
641	855
90	981
907	974
29	742
125	975
390	455
142	390
777	901
460	965
372	852
105	508
418	968
798	960
294	932
261	755
849	925
846	856
612	689
617	804
504	863
738	801
435	992
608	920
949	984
21	342
95	291
839	974
44	999
682	990
897	915
668	863
382	469
599	992
800	982
332	648
497	981
538	982
694	1000
105	871
587	874
614	977
895	990
17	758
196	989
130	406
608	933
57	830
332	769
244	656
436	597
482	942
964	982
224	943
300	938
478	944
510	933
389	872
110	962
204	826
760	815
186	957
607	950
901	939
904	944
568	995
843	934
265	957
719	898
80	911
97	326
660	934
593	944
192	600
486	552
898	991
530	595
120	431
366	901
548	612
634	652
672	944
892	947
630	947
69	385
456	794
882	902
522	596
646	662
417	839
150	724
667	950
78	555
111	503
176	898
639	888
179	903
720	961
236	619
544	735
543	776
546	966
673	741
442	845
497	552
361	920
409	439
364	925
152	517
155	263
412	858
849	859
893	902
702	782
432	921
652	961
757	977
434	738
530	971
122	880
532	980
256	587
816	924
902	964
258	633
617	980
832	868
469	816
895	924
69	882
66	584
668	918
24	816
506	819
833	985
492	692
538	808
4	874
862	868
707	994
707	765
760	857
811	822
580	926
318	926
700	991
915	916
101	891
719	940
493	634
897	983
649	881
621	819
748	860
607	884
781	808
202	606
568	929
310	368
134	408
134	179
292	765
20	306
801	871
85	960
360	899
676	876
201	354
60	378
987	997
904	999
670	832
554	886
526	824
961	981
149	837
534	648
718	994
264	558
644	779
267	829
74	663
93	676
973	991
305	532
197	504
7	609
623	841
683	892
191	955
972	995
1	40
713	771
503	961
583	661
473	789
213	835
815	903
80	979
391	612
685	830
789	887
335	451
491	964
370	903
494	969
664	892
452	972
842	898
437	849
468	953
523	852
638	839
178	854
668	718
403	972
392	554
750	787
414	838
708	790
432	626
597	959
583	795
402	454
775	965
439	787
833	906
953	971
37	743
854	965
410	988
745	978
330	736
113	967
946	968
81	934
356	873
631	849
543	736
377	932
757	924
75	338
517	683
696	914
93	355
136	991
166	870
763	860
694	989
568	621
508	984
85	652
267	629
654	809
920	928
543	978
804	982
367	752
821	922
760	912
149	758
682	992
487	753
511	881
937	989
596	696
427	887
494	648
91	938
388	932
459	812
588	697
82	825
593	812
494	540
3	946
20	361
382	713
459	933
294	371
496	1000
790	952
876	992
366	890
397	994
746	882
873	923
575	1000
649	949
368	936
671	708
248	376
674	713
101	851
348	957
347	998
204	949
667	710
121	951
212	544
778	955
148	788
528	780
473	844
421	425
271	895
899	952
272	302
595	955
452	906
768	883
78	436
196	428
495	724
27	390
211	965
882	904
324	842
90	675
986	998
86	970
180	605
378	849
501	660
523	678
280	957
123	973
835	950
222	686
810	893
796	958
207	563
715	740
824	912
625	968
840	893
303	917
902	953
62	976
291	570
893	904
120	688
596	617
23	984
675	910
377	987
721	797
270	632
294	989
242	799
696	969
677	727
267	563
250	919
411	985
444	933
645	923
161	810
837	864
69	992
12	458
900	920
485	678
182	869
886	985
605	743
723	964
38	861
415	582
401	684
544	992
464	969
249	815
455	920
582	695
955	977
578	990
3	530
130	342
350	574
536	993
547	630
194	1000
598	824
629	928
705	923
471	756
691	988
672	746
700	993
510	869
496	934
380	988
554	875
77	950
237	939
848	864
272	933
695	999
855	988
910	924
376	990
436	775
95	482
991	997
116	770
572	821
690	776
762	881
299	891
285	727
334	885
771	886
628	837
667	765
834	942
699	717
336	665
465	550
19	958
759	768
776	937
327	845
919	986
569	607
159	480
931	996
972	997
889	999
586	961
364	619
845	892
905	943
5	915
692	835
582	963
42	955
419	676
474	612
553	905
873	883
919	999
555	951
674	902
145	558
747	892
114	979
400	555
312	671
861	913
641	846
269	974
398	859
632	797
244	392
736	854
923	946
474	854
229	794
358	679
456	985
705	723
159	735
197	990
252	926
557	744
328	921
629	849
18	466
583	918
710	959
127	638
569	983
118	818
38	566
392	798
497	851
645	749
450	510
166	751
548	816
274	513
224	921
358	921
900	975
504	975
894	901
476	913
913	914
495	926
302	760
448	585
14	64
184	741
571	921
593	680
133	924
592	980
196	980
430	918
490	932
471	690
839	857
407	934
489	744
29	988
249	991
684	919
21	346
210	999
311	822
416	875
591	876
622	980
374	878
883	984
580	983
318	983
473	591
533	642
469	886
591	997
228	945
607	712
786	943
288	932
73	778
568	986
119	894
769	976
320	884
394	833
922	989
512	825
663	994
360	956
676	933
695	946
693	873
384	532
94	958
451	707
155	830
884	939
903	952
686	954
493	825
639	879
385	962
156	910
546	836
940	992
637	954
86	851
232	905
815	960
204	843
713	949
625	836
162	846
437	785
882	906
412	728
453	729
141	908
488	952
521	900
903	965
138	610
330	551
756	888
393	836
200	441
433	908
933	965
31	339
845	852
745	914
710	893
789	957
164	868
145	626
384	908
263	847
571	963
474	801
381	573
446	968
754	855
900	909
55	817
738	847
545	681
605	732
833	855
612	627
64	758
243	760
143	822
229	862
652	965
490	866
297	737
913	969
402	524
448	869
300	742
71	919
849	984
742	858
833	976
571	976
731	965
805	914
309	976
791	979
155	509
334	740
446	981
243	881
320	347
177	527
306	412
27	997
228	987
503	697
319	876
2	940
117	927
781	907
920	985
400	986
529	871
642	748
936	966
182	763
130	573
531	917
550	930
591	931
489	920
217	986
781	799
201	224
65	363
749	995
88	697
200	938
9	175
286	941
649	764
737	877
506	944
943	982
253	535
695	880
478	882
514	576
101	895
237	941
223	777
295	882
897	987
593	990
767	877
780	816
783	821
168	962
584	877
121	887
644	891
303	598
401	941
201	587
435	488
767	998
584	998
312	539
671	886
743	762
748	877
425	601
769	936
810	937
139	732
70	898
28	901
333	490
866	953
26	976
153	788
139	624
45	208
430	544
495	902
849	905
852	947
650	961
428	848
824	848
37	963
634	953
474	735
653	966
372	953
243	573
745	969
215	740
569	743
154	501
949	964
599	622
419	920
97	869
155	322
418	961
41	974
798	953
555	966
814	897
733	972
53	984
648	864
634	966
529	684
496	507
432	751
485	843
467	974
949	977
508	746
847	966
52	466
805	969
270	810
853	865
481	993
300	918
233	928
319	931
333	866
462	751
814	910
538	746
455	977
670	865
890	905
50	928
432	993
573	703
707	932
603	811
630	685
797	862
888	980
230	980
325	988
292	582
765	994
880	981
897	921
520	934
24	996
662	758
276	988
959	981
716	994
499	996
788	870
237	996
719	770
94	947
792	989
718	811
621	878
8	126
305	349
223	953
639	868
498	892
572	878
924	1000
695	948
896	938
528	542
343	762
433	655
331	607
498	784
317	480
649	953
776	994
514	994
951	995
514	765
558	771
766	949
389	999
945	951
153	722
903	954
232	786
699	895
281	907
759	946
878	897
542	948
671	833
762	951
335	389
555	658
541	723
899	956
631	882
810	884
1	220
741	784
873	940
266	905
393	717
398	795
164	628
411	734
134	722
562	903
708	957
741	905
471	492
187	733
104	964
178	913
627	776
458	967
714	893
477	980
629	785
694	914
243	749
485	777
289	865
564	841
250	910
341	503
374	451
379	795
263	849
221	852
390	395
837	855
565	921
900	911
803	978
522	965
104	977
314	521
816	917
600	740
242	803
550	919
228	868
85	819
728	925
888	914
310	937
781	788
337	811
791	981
133	752
69	996
89	416
784	978
880	915
300	865
145	991
319	878
38	865
575	804
525	983
728	817
510	860
78	937
358	991
765	820
916	989
186	884
346	873
728	938
464	865
651	691
535	745
705	927
388	991
404	935
901	987
13	296
431	772
361	484
875	934
185	258
396	936
737	1000
79	771
855	992
46	594
376	994
412	651
54	943
128	892
771	998
931	987
241	540
320	833
254	479
892	995
506	959
285	960
560	936
665	952
664	993
175	307
859	939
597	939
33	79
351	654
67	895
241	782
623	847
870	953
37	723
694	727
625	893
560	949
407	441
847	942
282	675
328	791
562	729
312	783
83	960
460	718
9	782
413	606
357	970
766	909
893	950
315	973
263	783
645	848
400	788
245	914
634	726
647	665
242	845
397	490
416	503
99	796
949	966
687	966
425	966
544	917
406	458
189	689
194	804
87	678
166	971
722	960
942	963
205	670
251	557
462	740
770	856
2	984
700	797
786	800
689	904
276	506
854	971
895	972
124	866
413	740
740	869
305	914
742	915
299	345
323	702
276	856
684	910
904	913
702	964
721	977
793	853
526	738
853	867
517	918
443	740
682	985
797	972
781	964
487	517
82	697
110	944
27	946
70	350
691	926
506	880
98	826
552	996
753	757
739	859
758	872
964	977
771	811
702	977
12	530
705	982
200	995
317	348
864	975
800	990
187	238
609	641
834	988
773	978
630	929
396	762
602	867
60	547
533	996
170	944
178	539
871	991
15	252
919	924
537	593
877	927
783	999
856	989
567	886
801	824
653	660
295	952
424	837
993	994
630	942
528	894
486	897
546	948
259	891
947	999
542	950
734	891
213	896
755	950
708	838
465	851
349	905
449	614
211	971
116	145
847	889
527	682
458	848
370	964
750	956
502	854
777	830
245	969
455	550
479	907
699	910
449	964
300	383
728	793
351	843
893	897
777	951
684	723
59	671
620	967
293	572
633	677
569	921
696	733
654	736
370	977
406	634
413	795
449	977
779	852
751	790
797	906
305	969
520	857
520	628
136	931
356	934
703	749
615	865
675	916
138	977
482	750
642	739
895	919
702	790
260	408
251	854
480	677
955	970
526	564
130	564
149	577
814	967
198	469
492	687
730	973
804	922
369	701
682	932
742	983
883	922
420	932
552	822
175	872
524	989
894	973
572	922
792	925
630	863
693	919
618	745
730	986
568	924
427	948
783	812
282	301
807	940
77	835
75	991
402	891
880	930
663	932
883	935
588	758
8	183
767	989
574	594
128	773
651	814
683	995
843	984
917	933
516	589
67	534
232	830
521	704
163	996
769	806
359	642
80	961
759	761
146	763
569	600
371	881
637	1000
535	989
73	140
93	792
743	874
882	952
183	951
458	661
631	818
810	820
796	885
414	591
438	948
859	941
317	658
597	941
220	954
817	944
440	957
431	908
747	885
103	554
956	995
419	790
363	895
206	682
882	965
183	964
167	202
310	739
370	790
277	333
39	919
249	500
474	847
565	965
518	890
229	787
532	559
275	903
449	790
416	613
51	929
90	857
453	680
673	912
733	963
62	795
530	900
225	264
309	901
698	713
870	968
854	960
231	981
638	847
696	788
486	978
250	967
888	958
818	899
343	377
67	213
210	750
418	965
415	630
360	465
566	799
681	786
712	853
953	979
698	726
254	978
340	981
428	865
937	971
72	412
550	976
154	976
517	799
930	968
286	637
511	984
280	334
656	850
601	914
587	979
224	927
284	978
246	457
127	994
214	653
107	527
635	912
217	924
698	968
937	984
890	909
749	933
494	643
718	802
429	699
594	995
473	705
607	934
681	920
693	974
441	938
760	920
359	576
149	995
87	117
732	821
286	1000
561	939
417	702
711	883
769	861
361	541
600	823
507	595
144	543
493	697
686	826
732	942
107	890
368	931
403	888
692	762
903	945
424	947
47	731
877	929
343	995
436	957
852	872
67	831
342	770
650	886
755	939
204	836
542	831
844	873
434	480
766	953
986	993
678	840
571	714
590	727
361	904
884	945
345	896
479	896
451	834
743	942
173	560
178	904
233	611
701	945
398	907
52	270
180	950
595	963
543	773
273	912
166	786
763	776
823	827
606	829
284	549
891	961
38	493
585	891
645	905
175	727
763	897
92	729
633	787
578	622
525	961
893	899
777	953
284	791
721	792
611	920
575	674
399	862
719	803
705	905
206	992
335	877
575	795
828	975
203	923
698	902
491	572
615	867
785	790
59	686
224	982
64	764
315	346
408	574
435	936
635	738
887	922
688	978
325	926
130	687
765	932
718	857
262	348
635	859
197	596
235	888
288	980
832	878
661	996
17	931
779	988
746	811
429	875
809	867
709	929
313	929
910	919
712	934
68	603
463	873
535	749
512	994
686	881
512	765
61	829
369	945
892	986
542	873
129	475
468	695
776	811
643	696
151	722
968	981
277	309
442	642
375	652
750	758
755	873
917	935
856	925
457	950
980	991
396	940
231	378
762	997
41	483
354	943
748	870
321	537
128	896
752	989
931	991
29	365
842	882
240	319
625	884
372	475
905	938
646	943
766	779
664	997
378	899
891	895
178	959
544	787
516	725
768	946
40	207
446	666
358	782
611	962
583	900
352	738
539	830
269	969
52	217
136	854
194	795
717	836
958	962
161	389
391	851
721	726
900	957
564	779
944	1000
640	737
103	798
263	787
953	968
423	739
194	916
356	749
791	906
532	911
740	860
444	983
450	505
587	739
143	991
377	929
108	741
228	806
154	628
267	505
497	967
827	842
557	981
953	981
309	916
469	868
482	578
592	975
196	975
605	914
199	226
283	634
71	980
527	994
649	691
709	971
728	984
406	933
263	921
292	804
853	871
56	298
622	975
751	860
131	886
874	930
753	869
276	981
832	933
343	742
978	987
119	997
716	987
389	629
301	745
26	540
513	924
480	747
895	989
719	992
584	804
374	994
630	691
651	979
436	825
628	995
466	704
545	997
223	946
737	938
487	992
561	941
857	939
158	938
631	633
177	951
875	993
137	1000
500	823
808	939
472	761
843	933
461	602
576	589
581	933
56	782
405	707
479	656
281	900
341	951
726	762
358	366
514	879
674	831
679	946
835	934
208	772
53	669
306	849
815	955
529	598
171	661
993	998
363	831
247	656
412	952
86	967
903	960
858	894
710	767
25	664
520	606
525	721
106	508
18	624
812	899
757	963
891	963
247	898
192	962
324	852
606	952
735	837
881	891
647	724
339	571
225	442
199	978
636	979
123	165
362	447
260	399
705	786
872	963
149	568
233	976
481	812
336	394
682	802
948	958
700	856
791	974
702	902
721	915
886	982
839	907
696	858
489	794
84	745
920	980
519	636
772	853
813	854
482	754
182	987
471	861
273	351
591	926
176	684
663	802
360	764
855	972
607	641
629	925
422	861
485	917
168	944
11	997
162	641
649	988
396	579
363	402
822	916
901	980
904	985
683	757
788	810
347	579
820	991
630	867
704	816
206	310
579	821
752	978
45	887
554	993
356	483
345	590
212	475
470	999
415	834
363	644
809	990
905	927
198	836
762	878
987	996
512	888
748	872
49	834
403	837
722	819
437	835
60	848
743	878
280	888
486	956
238	891
706	996
134	770
83	953
157	673
564	768
638	717
173	617
338	950
370	902
444	851
669	969
6	625
823	884
14	974
289	913
449	902
666	671
108	609
316	558
816	844
47	104
525	897
939	951
390	443
240	913
782	967
501	954
515	623
740	741
17	383
220	971
619	680
219	975
272	838
376	666
394	454
325	620
930	959
608	908
219	867
527	983
687	972
700	911
10	464
879	913
63	327
717	851
87	684
648	980
367	967
821	908
485	959
922	960
70	451
302	986
131	875
112	633
318	967
934	970
538	970
679	680
730	911
573	927
210	875
526	852
94	929
806	906
911	959
374	983
971	973
181	588
406	935
681	911
230	975
478	811
786	927
68	418
721	983
614	857
447	451
853	873
677	913
74	583
286	762
781	970
533	639
959	976
515	999
499	991
554	698
70	585
416	993
94	942
209	929
685	858
778	820
248	362
189	950
868	979
44	303
188	991
403	879
477	828
686	938
856	861
672	811
135	835
966	992
877	920
748	806
789	807
338	642
780	987
857	941
829	879
875	995
355	996
234	935
690	949
387	948
910	989
808	941
150	712
81	841
945	946
843	935
361	895
581	935
372	761
418	648
701	707
475	889
898	992
213	889
342	774
20	723
464	471
152	613
754	947
666	834
891	952
701	828
90	903
678	844
153	959
631	998
106	618
796	836
419	849
634	774
231	798
279	546
243	623
143	685
430	715
638	893
757	844
531	767
393	833
833	839
626	775
276	662
202	447
188	549
171	905
735	947
826	836
344	796
726	898
256	454
803	852
264	278
723	829
687	906
511	909
134	959
106	860
180	846
909	955
174	506
316	855
89	398
640	686
772	842
502	981
656	667
358	973
559	963
153	275
812	914
283	799
495	978
388	852
696	968
833	973
758	799
463	622
298	814
848	958
302	933
2	937
253	519
203	927
404	917
786	982
95	576
615	871
688	861
633	925
718	969
374	930
957	985
50	52
216	987
780	800
16	175
463	864
251	981
380	866
639	797
80	833
778	875
514	802
901	982
192	522
1	954
269	476
119	946
661	1000
480	925
755	864
820	993
517	992
369	828
919	972
778	996
317	409
811	944
303	474
896	988
478	1000
49	823
114	952
577	713
670	941
771	993
408	941
535	982
991	996
287	880
595	767
669	716
493	985
218	780
743	867
767	995
156	841
835	870
491	831
926	988
637	885
764	926
26	731
172	785
584	995
220	947
776	936
275	654
618	993
114	965
153	893
411	434
268	614
433	947
956	988
89	908
518	762
160	788
528	955
762	893
632	783
939	940
717	827
245	788
485	706
960	999
36	385
292	311
435	619
511	614
870	961
689	886
212	732
64	568
927	943
536	792
742	897
448	450
654	784
544	912
205	665
96	907
839	951
66	735
668	840
305	788
258	676
304	792
543	845
202	515
763	848
397	727
127	866
99	804
420	859
478	800
703	918
59	853
329	448
114	294
760	900
297	910
779	913
311	579
443	964
811	865
420	980
401	738
2	992
203	982
142	743
505	566
670	862
100	746
72	418
616	747
676	798
767	916
440	521
115	761
132	176
469	993
670	983
904	921
491	523
20	349
779	926
498	647
167	813
5	714
640	996
275	346
10	829
794	911
560	744
670	875
697	749
466	816
595	701
322	808
271	991
628	999
240	365
61	888
762	935
294	601
404	998
808	822
664	814
194	370
792	999
148	897
215	658
160	493
297	468
803	828
440	776
847	871
766	946
650	771
157	838
28	724
759	943
261	666
687	774
98	379
650	892
309	599
870	895
226	830
284	771
44	789
99	496
613	946
847	884
678	846
590	962
925	952
254	784
367	661
496	546
928	957
465	967
495	846
355	543
214	567
539	889
222	916
610	769
414	894
455	666
675	898
138	959
284	784
349	913
388	841
632	972
62	856
309	962
791	965
505	608
6	924
928	970
513	728
229	969
881	895
688	729
504	908
215	805
302	693
85	695
82	626
340	921
670	796
515	922
802	952
876	901
353	631
270	862
894	955
402	752
264	293
365	870
279	803
91	752
36	816
399	868
545	922
573	755
724	924
677	849
556	788
186	989
883	917
24	927
795	804
566	981
113	218
794	845
235	881
554	863
339	709
619	992
512	866
658	691
938	974
575	922
813	979
887	928
706	853
35	419
871	920
554	984
292	984
429	989
487	930
160	535
98	889
225	701
739	922
255	809
301	696
609	812
917	928
232	825
428	471
273	597
498	944
575	935
850	874
258	999
643	810
371	876
357	941
431	890
711	944
595	998
125	591
787	939
93	787
225	943
393	756
799	949
76	554
461	890
521	941
199	890
273	839
414	815
960	988
280	1000
291	600
549	895
972	998
956	990
326	823
914	993
353	431
863	947
646	949
508	719
7	962
576	890
488	777
37	841
942	947
23	677
31	272
696	891
539	944
126	509
714	716
543	834
562	847
303	852
333	960
522	896
429	439
907	966
15	799
371	434
717	842
703	907
166	968
212	855
157	919
124	742
480	606
335	925
572	609
830	904
489	611
527	866
833	909
681	781
832	913
937	966
694	979
298	979
427	864
697	725
34	152
218	461
154	971
710	960
30	935
723	899
742	912
709	838
51	469
610	729
183	625
221	917
807	977
922	964
397	850
245	456
915	961
46	283
1	998
918	966
455	976
181	592
186	936
313	977
795	980
82	815
500	574
147	944
904	923
31	769
320	643
342	402
180	340
705	979
663	982
181	713
704	754
781	974
753	875
390	823
159	402
646	749
752	916
158	931
540	996
347	867
655	983
908	934
556	977
704	875
308	875
368	926
250	641
444	655
208	644
158	823
278	888
6	429
42	877
245	711
840	857
279	295
528	770
822	988
674	824
159	644
780	991
898	983
576	932
958	997
72	904
755	934
259	996
42	998
532	596
541	830
118	498
632	948
665	896
458	832
57	488
7	896
444	897
824	889
361	899
650	773
460	878
639	880
465	956
317	829
861	956
336	842
12	193
468	998
509	999
817	886
495	835
877	937
500	950
756	876
789	824
720	953
257	963
296	891
733	892
328	843
796	948
18	617
307	491
932	957
132	904
333	894
622	768
269	909
167	373
694	792
7	91
490	733
751	774
541	964
489	545
599	905
626	779
166	794
821	954
260	392
531	892
189	633
505	610
390	394
331	982
642	844
413	792
807	911
614	782
30	990
904	965
642	736
895	916
614	674
894	957
182	751
619	752
244	582
813	968
450	916
422	854
582	806
526	911
600	860
256	821
493	505
556	790
607	755
329	518
642	978
224	990
297	980
382	758
695	989
165	531
519	763
813	981
233	406
491	930
436	994
899	984
427	945
347	693
89	886
672	978
820	876
336	534
965	971
165	652
987	989
109	986
252	540
600	994
686	997
438	932
383	996
584	986
713	871
9	526
322	986
19	948
616	938
382	771
808	879
835	982
720	766
301	819
428	594
975	992
768	928
331	661
418	586
748	986
49	948
692	825
623	954
361	954
231	844
919	989
248	784
19	961
234	886
872	877
963	995
352	841
618	997
530	884
884	887
548	901
56	964
23	787
83	838
551	943
410	967
352	962
467	949
646	951
613	774
599	610
208	725
428	957
216	320
207	500
212	844
143	973
41	733
398	970
217	895
934	950
139	975
483	785
529	672
9	902
793	947
397	718
481	860
728	737
106	919
450	500
629	731
513	785
3	683
600	673
41	975
388	790
589	780
314	575
448	804
797	958
222	986
515	979
311	691
531	960
550	973
624	922
705	847
517	796
28	339
84	914
846	971
271	740
579	856
147	704
334	796
344	989
512	802
536	930
121	688
556	845
445	748
1	1000
918	968
472	622
596	917
21	457
513	919
591	987
116	694
952	966
663	863
759	800
167	925
971	979
561	815
96	227
621	866
868	972
445	640
887	985
469	997
207	997
582	874
394	823
820	931
966	985
644	705
181	715
96	348
560	977
472	864
604	754
241	702
549	818
296	409
678	703
898	972
195	1000
910	982
970	996
261	536
385	831
693	984
753	998
109	933
54	997
16	476
618	810
315	772
246	938
581	928
58	887
507	942
567	993
419	829
460	638
639	869
570	998
561	949
558	651
819	921
92	592
551	877
532	598
745	891
253	954
632	950
497	762
722	880
708	945
460	880
56	790
284	654
407	724
508	776
35	852
981	996
2	675
879	948
423	668
210	560
705	768
27	853
803	845
723	822
122	861
340	791
818	830
606	947
680	896
344	910
886	964
65	448
216	617
661	738
527	923
772	956
684	843
133	969
804	908
890	948
909	961
177	746
344	923
760	838
27	987
80	813
591	800
84	969
390	746
343	442
802	956
688	854
214	934
737	975
319	987
360	988
272	912
828	864
84	861
187	279
660	728
266	343
744	870
12	692
595	747
311	988
490	990
801	852
621	921
373	819
132	235
66	110
202	937
3	993
119	121
957	991
198	939
910	916
753	932
546	868
147	893
711	935
168	952
484	929
699	817
662	935
238	644
926	981
315	827
898	919
218	894
856	922
56	832
658	937
391	822
470	886
248	773
19	950
234	875
215	596
685	811
850	878
938	991
247	585
641	704
912	938
115	365
306	899
956	981
787	943
410	956
5	907
324	889
706	991
150	773
673	777
241	891
824	946
865	984
884	997
18	553
4	426
859	940
757	892
830	882
682	718
810	940
768	943
391	956
14	969
927	936
481	849
668	941
117	838
81	915
712	718
636	908
735	887
504	954
537	902
872	892
495	905
663	718
219	970
816	960
635	656
411	911
478	672
557	965
717	954
483	787
953	965
169	331
936	998
812	962
608	903
594	739
709	726
38	558
907	970
29	967
846	960
648	975
326	961
802	890
413	849
70	446
897	898
594	860
580	962
217	910
640	976
313	618
698	954
276	965
598	750
109	559
307	803
334	906
246	793
499	973
716	742
807	860
287	336
466	567
304	919
115	754
174	809
482	925
807	981
53	519
278	637
773	845
140	932
797	973
303	401
15	937
133	929
174	930
656	970
876	973
573	935
208	285
58	755
908	925
746	863
369	876
484	863
570	866
778	815
616	753
332	994
473	933
290	997
753	758
637	812
447	917
581	917
759	923
271	876
486	764
898	974
447	809
364	774
658	992
873	917
396	992
644	828
616	995
776	984
473	946
22	256
81	607
645	649
576	815
861	947
303	656
905	990
519	954
511	541
669	898
754	942
129	890
729	885
803	834
555	769
687	888
169	962
866	890
488	944
925	945
565	898
316	837
626	770
199	962
23	965
56	913
735	942
578	958
330	893
812	896
349	906
932	961
784	834
305	836
761	850
689	947
702	886
289	976
605	953
858	904
591	789
677	829
300	842
580	896
222	922
538	899
610	775
376	608
684	724
615	853
35	49
894	948
259	437
550	909
388	847
811	913
236	978
411	979
445	563
832	972
906	958
383	853
85	930
30	994
828	974
962	974
700	974
794	838
656	904
802	958
494	805
862	972
655	679
545	807
345	453
121	974
214	936
184	801
753	921
54	920
362	807
650	685
774	980
507	636
545	928
503	931
589	971
304	987
786	990
486	698
357	813
343	915
109	748
362	928
412	520
463	980
655	921
820	988
42	694
479	695
584	748
248	533
776	918
146	751
170	879
679	985
255	923
76	426
141	821
101	190
933	986
822	926
183	939
379	585
898	921
230	233
801	988
437	711
564	752
963	986
555	932
402	424
123	780
268	609
433	942
414	700
914	986
8	655
756	814
541	660
140	316
539	816
520	537
623	958
838	883
923	927
856	937
97	848
372	824
102	963
840	929
456	966
812	830
710	819
440	958
439	999
613	886
577	963
626	825
912	953
120	724
653	958
652	999
388	889
844	940
462	609
761	905
48	969
254	845
166	961
782	964
515	849
124	964
740	967
756	948
398	974
709	836
74	325
478	674
854	961
108	848
806	890
173	977
591	736
33	674
112	738
709	728
406	690
645	972
249	972
367	964
587	967
124	977
380	903
941	970
880	960
420	975
225	736
115	864
656	959
255	615
628	860
265	808
628	631
94	926
806	903
167	916
131	993
346	918
492	972
473	693
885	903
711	750
293	762
158	803
378	577
563	744
57	118
917	976
17	985
834	978
908	927
452	647
264	825
630	919
308	868
671	691
373	768
63	808
385	593
720	812
188	988
815	820
534	578
386	414
518	570
215	532
836	879
445	994
679	932
142	993
292	937
741	763
371	937
302	312
954	992
30	378
650	995
521	881
829	997
501	643
840	863
611	774
201	876
817	879
454	827
789	817
352	779
357	894
780	997
425	769
700	708
754	944
298	664
363	830
731	933
777	820
111	959
583	954
416	548
164	970
654	834
860	939
502	965
39	975
92	838
515	675
191	551
55	919
275	959
536	963
833	957
425	903
43	572
84	610
244	562
309	957
161	793
469	680
648	911
246	608
58	328
355	780
379	908
291	795
18	865
529	852
380	729
297	731
492	906
392	968
29	916
524	858
785	899
367	911
790	977
27	991
283	917
195	804
682	922
401	909
883	912
547	963
146	390
700	976
799	918
329	740
664	730
380	971
402	989
157	404
277	994
808	859
467	566
450	922
359	740
567	689
350	920
873	961
47	882
589	973
321	633
579	928
117	345
595	872
359	861
89	771
116	645
281	941
317	635
938	982
179	930
454	869
643	805
495	641
151	602
991	993
72	952
139	713
72	723
292	992
512	995
253	1000
385	890
863	929
463	995
26	957
310	487
683	998
410	839
979	996
393	872
434	644
632	888
439	759
577	952
208	826
43	264
865	867
428	600
364	844
638	824
863	942
167	421
131	498
604	947
764	936
865	988
185	963
311	550
471	539
159	947
641	950
305	772
170	547
772	881
777	996
502	791
782	845
50	896
740	848
726	950
435	966
476	775
206	914
605	660
784	891
687	958
709	717
888	948
948	999
805	950
629	953
436	558
504	958
941	959
219	974
453	912
539	952
654	902
