510	894
97	984
209	902
517	789
929	962
781	835
885	892
785	954
771	790
279	853
7	394
839	961
598	754
683	798
499	977
688	913
507	572
512	916
171	623
575	972
131	995
795	975
142	861
472	507
618	790
804	980
871	970
348	700
389	738
375	803
807	985
718	913
685	736
704	749
679	921
101	944
898	965
444	529
655	978
722	739
507	585
551	628
415	996
575	985
437	526
330	400
808	927
475	983
678	817
604	639
372	747
373	891
519	945
866	989
491	883
799	999
940	975
461	940
595	940
859	986
14	665
643	873
444	892
590	946
502	604
264	961
312	709
509	994
517	589
847	989
379	655
659	938
511	774
942	997
441	715
418	997
550	887
891	951
321	835
173	671
310	905
833	946
57	496
590	959
483	604
782	900
735	825
886	957
261	905
476	830
171	194
668	771
761	962
307	728
416	900
550	900
724	787
897	944
608	841
374	674
809	831
236	969
791	962
666	967
430	956
522	959
797	898
120	915
20	977
656	895
255	551
771	845
353	857
105	792
936	949
452	570
517	965
696	967
300	967
451	611
695	971
607	858
175	972
846	911
931	955
790	979
119	811
265	865
485	905
707	981
619	868
746	909
171	449
658	796
410	465
487	914
93	529
566	978
695	863
558	565
752	845
563	680
554	860
177	873
311	873
196	334
695	984
127	234
514	680
271	922
417	976
931	968
494	930
208	573
774	984
669	702
507	640
727	909
479	807
685	912
456	823
616	812
674	753
51	774
555	573
329	984
241	871
623	707
609	809
276	340
56	825
278	938
195	940
859	920
19	943
979	985
344	474
289	538
454	871
836	936
569	592
421	465
835	977
899	992
761	762
871	930
86	889
227	828
543	576
636	767
815	998
553	998
78	476
732	1000
88	935
726	926
437	823
215	710
831	979
850	992
335	775
486	944
926	987
444	947
26	959
241	884
824	939
231	839
518	869
322	994
726	818
210	258
550	821
701	761
659	993
442	995
912	944
824	831
777	985
713	1000
754	772
246	302
872	993
627	933
678	898
860	875
571	772
299	313
598	609
629	713
721	945
320	372
707	781
158	310
872	885
204	426
569	847
589	762
313	598
29	610
557	958
731	882
515	732
334	657
854	952
353	670
661	786
339	506
522	893
322	539
48	973
225	606
390	673
837	904
64	917
389	485
922	948
779	899
435	860
379	965
635	662
29	852
373	396
409	844
596	670
293	861
675	963
895	966
110	925
760	778
746	843
121	791
799	854
587	971
3	920
545	974
218	350
880	964
792	851
737	915
883	969
167	799
275	332
15	930
758	974
918	963
59	973
141	746
237	979
765	869
952	961
630	681
795	977
602	848
929	977
115	989
192	684
333	394
665	867
188	979
403	867
40	815
628	985
213	743
268	413
746	977
542	918
583	690
5	713
588	805
627	733
739	974
436	936
67	810
48	531
125	751
249	292
433	867
466	815
512	931
815	932
658	985
704	872
690	937
542	810
93	718
657	760
850	926
910	977
803	814
426	864
546	929
539	741
852	972
711	996
530	921
172	947
628	998
865	911
259	872
584	928
396	877
798	857
220	880
583	703
299	944
519	947
541	706
558	875
939	981
669	891
433	880
875	996
116	944
854	873
699	770
298	426
652	924
726	873
437	770
541	827
849	943
847	870
866	883
225	298
483	593
768	991
515	545
587	650
248	955
905	996
710	757
393	821
921	940
736	894
18	614
620	948
798	991
388	598
849	956
934	1000
153	960
194	961
276	771
381	558
279	776
124	673
633	779
559	601
784	948
911	989
402	617
580	889
126	453
103	964
598	677
932	967
209	609
663	779
916	959
374	676
217	958
1	579
16	150
615	738
697	777
334	725
251	956
807	908
270	969
614	779
848	946
457	795
742	964
883	903
841	906
920	970
519	626
271	561
477	629
150	271
876	900
609	785
573	862
36	923
195	916
718	728
234	615
709	908
869	897
115	923
871	906
931	957
688	970
278	806
295	975
264	642
52	988
883	916
363	392
506	929
187	395
660	844
744	986
366	811
245	521
938	973
79	983
382	755
137	695
931	970
664	855
975	976
89	883
908	986
534	745
267	926
845	866
597	801
528	930
169	768
843	978
442	634
634	804
465	766
229	755
275	642
266	822
912	933
444	599
553	1000
644	889
69	658
14	722
539	809
47	81
269	948
356	836
309	761
109	178
331	779
243	666
960	987
738	874
798	925
481	723
338	940
723	751
830	877
370	892
838	997
433	948
565	838
432	952
559	764
812	944
215	725
523	841
13	776
527	960
687	949
800	826
818	880
460	943
435	849
283	721
527	852
626	831
700	780
423	731
123	210
587	839
895	955
480	713
936	993
163	777
853	958
27	916
228	906
781	826
552	737
249	736
515	855
224	908
559	898
774	786
793	836
443	723
355	839
575	842
695	907
487	500
285	514
202	745
707	917
719	971
256	981
267	847
401	847
290	979
362	855
394	807
125	390
603	917
718	904
795	858
46	740
288	798
95	632
403	748
17	978
521	740
438	971
359	449
773	961
179	976
743	789
473	699
753	982
785	971
796	800
438	863
947	969
88	979
864	971
561	933
32	818
882	988
655	982
636	703
667	807
350	871
479	756
281	1000
391	643
280	812
574	993
315	998
912	988
497	746
562	875
106	595
350	992
537	818
710	746
426	987
118	834
942	988
639	987
317	936
513	582
143	783
248	836
311	367
321	826
954	998
530	936
268	670
823	929
768	993
372	764
353	485
643	998
589	698
527	786
296	890
425	775
599	662
777	934
722	998
372	885
881	991
652	939
330	888
812	891
30	855
682	781
164	855
654	948
2	793
645	899
772	940
846	889
587	894
108	896
724	899
435	796
365	966
520	611
800	894
263	955
735	950
821	953
320	442
913	956
335	979
806	830
341	730
593	951
175	963
142	786
832	967
670	905
353	740
807	910
292	730
512	733
691	964
406	980
711	798
12	797
224	976
447	725
89	751
130	789
154	917
280	733
473	633
697	792
513	971
375	741
320	805
683	857
848	961
732	749
809	969
616	803
561	867
519	870
30	413
158	864
595	865
457	931
415	934
831	849
910	913
151	824
117	459
463	867
857	986
81	536
912	922
972	973
292	985
378	988
493	975
567	924
732	991
107	939
592	688
905	919
850	983
509	690
734	808
25	348
505	985
252	539
926	978
637	875
819	852
838	865
301	926
631	801
9	754
754	871
859	924
611	822
960	976
297	403
569	825
500	991
426	813
835	981
472	929
114	955
893	922
956	978
528	945
476	526
522	871
731	981
428	943
488	994
736	830
488	765
928	1000
826	989
196	593
872	876
756	930
527	841
164	789
217	881
92	886
133	658
729	948
333	948
393	999
585	940
423	841
323	903
846	944
502	905
689	997
565	961
821	887
526	710
724	954
355	599
291	843
136	969
222	972
318	946
937	954
804	839
568	599
592	956
55	980
227	269
110	687
853	960
512	667
154	959
930	951
162	554
322	543
272	722
32	215
221	905
109	435
265	911
619	914
834	839
489	841
797	957
126	752
19	626
915	949
538	962
151	287
376	900
73	862
95	621
482	801
876	957
320	739
908	909
209	908
792	963
429	911
786	919
885	898
436	806
477	578
246	911
862	914
163	913
190	750
880	968
314	816
792	855
157	344
864	960
561	922
275	336
533	860
290	873
276	975
799	979
246	803
892	914
878	979
616	979
778	812
542	801
910	968
951	969
65	876
533	981
753	984
290	994
871	976
463	922
637	809
752	796
43	70
172	709
567	750
658	868
107	994
143	651
704	984
940	968
403	992
699	990
699	761
33	937
878	992
776	981
302	536
627	858
238	817
692	987
7	884
497	519
823	918
768	982
625	933
318	638
879	934
312	823
768	874
157	949
129	887
270	597
757	944
330	648
421	995
674	946
747	936
654	708
425	885
750	941
634	995
763	880
648	664
22	616
531	759
261	898
691	711
751	762
709	765
492	767
626	767
478	603
557	896
791	834
777	936
362	657
837	950
416	664
434	947
225	544
392	721
423	788
390	611
276	775
524	611
675	780
143	919
366	668
911	993
66	901
228	734
200	901
374	788
682	904
828	958
635	829
131	801
781	883
423	909
612	845
20	970
301	431
540	676
853	907
218	396
792	897
319	973
635	950
478	966
445	560
769	886
688	961
182	860
672	953
37	442
746	902
649	969
723	955
767	961
593	845
257	630
408	799
732	859
938	964
695	977
896	967
15	989
147	879
394	985
755	964
37	455
326	329
479	800
264	646
905	908
46	689
885	966
764	905
838	854
361	700
89	995
553	641
162	985
718	974
701	741
327	944
509	692
454	756
412	988
882	937
109	987
486	708
128	1000
35	772
384	926
356	827
218	893
648	706
419	883
6	485
842	986
726	811
657	940
22	200
63	992
701	983
849	881
733	935
678	999
502	773
615	650
653	942
331	891
532	652
652	983
831	985
495	999
352	950
714	814
777	870
694	835
501	706
432	835
900	940
757	891
531	814
624	776
622	932
696	881
770	830
775	945
117	945
222	961
819	988
134	885
450	596
8	665
190	376
525	891
208	955
459	537
846	946
20	904
763	948
823	999
207	730
284	950
143	974
320	607
663	717
217	896
420	730
520	668
552	620
717	953
918	943
684	776
188	609
804	841
413	956
702	830
91	905
17	727
848	884
259	489
168	859
572	720
200	848
511	969
800	843
693	717
973	1000
610	948
799	847
21	324
702	951
941	967
168	980
853	854
484	728
841	965
101	697
524	800
128	800
324	446
301	499
889	898
149	859
314	926
198	751
98	813
970	971
219	285
549	685
309	444
130	967
163	915
493	790
212	511
506	988
560	965
940	957
475	857
829	860
349	637
910	970
65	878
114	999
766	925
287	698
567	981
9	690
625	922
685	973
102	652
704	986
662	989
835	917
646	752
35	827
585	742
315	881
549	819
655	986
875	989
128	237
639	978
754	928
951	984
729	871
211	945
319	707
613	925
329	937
458	822
530	927
673	710
829	994
328	712
350	996
565	884
23	601
969	974
349	1000
858	877
302	659
333	763
219	661
508	535
866	997
62	943
626	756
879	936
870	887
430	817
757	946
858	998
321	830
775	1000
580	761
673	723
323	839
925	944
548	957
397	532
75	481
541	954
668	766
626	769
188	543
735	941
158	371
204	258
916	952
610	882
529	957
648	908
50	959
8	962
705	890
911	995
589	944
80	572
200	903
219	916
841	899
65	449
106	975
274	788
315	560
413	903
466	729
540	678
578	970
655	665
47	516
253	621
395	970
931	950
402	865
464	962
16	506
945	969
64	991
802	957
122	407
380	968
33	860
776	904
616	686
258	978
528	573
82	981
868	907
899	974
343	793
764	786
494	925
86	871
931	963
581	850
534	738
732	982
429	981
451	740
649	984
129	460
588	974
662	923
748	963
762	861
151	707
365	407
86	992
26	712
240	641
438	922
840	902
556	914
509	802
500	982
169	882
521	812
452	941
512	992
391	931
606	627
12	117
905	923
368	984
762	874
659	867
617	870
125	933
245	998
735	862
372	810
303	939
759	990
363	990
22	431
239	954
555	931
321	764
335	662
715	883
324	998
558	936
365	541
791	878
189	315
956	982
551	933
933	998
537	998
974	999
192	1000
517	531
888	932
654	765
179	243
571	996
645	945
103	662
879	883
791	999
386	950
362	364
496	593
754	888
707	776
960	993
72	265
275	890
305	998
742	999
714	937
277	670
731	877
538	711
629	829
689	880
955	999
55	742
168	619
770	953
869	932
365	904
626	945
122	917
731	998
404	603
538	832
120	844
846	948
73	732
40	555
559	891
681	773
675	958
100	727
716	959
895	961
399	794
182	796
672	889
85	863
575	956
635	778
5	345
10	689
249	971
423	858
123	337
207	974
384	607
804	964
676	900
41	160
1	990
238	674
472	612
785	843
169	574
370	564
353	920
554	910
556	956
415	980
267	853
709	969
547	907
676	792
115	984
505	910
711	978
43	61
947	962
487	977
118	585
412	803
739	969
835	906
477	932
428	518
636	696
856	965
773	967
616	983
836	986
844	847
440	757
789	911
753	988
935	965
747	914
310	647
144	880
190	996
212	755
369	998
157	590
685	975
363	695
51	837
150	816
623	999
409	518
840	970
699	994
726	868
8	588
836	999
641	760
439	811
236	711
733	763
254	994
323	599
925	933
513	696
638	876
729	994
816	882
772	812
796	940
837	941
647	817
377	956
418	994
537	945
798	986
858	1000
495	948
770	887
176	185
575	648
761	838
893	994
505	589
629	655
529	717
105	884
666	951
394	492
911	984
374	779
847	999
52	499
544	961
263	948
579	659
441	725
237	666
74	379
184	776
681	828
411	967
612	728
918	1000
950	952
289	977
672	715
806	944
517	841
825	957
952	998
30	982
103	972
621	669
700	962
540	680
438	898
94	859
813	960
142	792
596	962
204	852
586	917
94	980
639	780
778	858
198	808
748	952
27	401
885	957
744	981
623	691
609	793
769	782
133	275
124	455
284	444
957	981
377	406
160	637
155	973
389	911
590	635
452	930
234	973
396	806
831	963
431	992
486	699
725	981
866	920
604	920
678	869
945	984
722	912
326	683
405	976
498	938
102	938
787	812
878	930
210	471
979	982
454	868
354	930
762	984
71	578
747	861
711	938
370	645
213	927
823	856
248	884
454	989
789	979
863	928
775	815
310	715
144	948
479	938
858	934
440	946
770	821
324	1000
921	990
458	1000
814	864
893	928
777	982
400	995
138	995
270	885
523	836
591	711
374	713
527	955
687	944
847	933
401	587
525	882
833	998
700	883
342	946
824	949
837	888
782	952
386	952
353	775
735	877
826	995
60	967
839	934
784	998
944	987
495	895
481	960
654	888
833	890
249	839
788	824
927	939
297	772
825	891
286	842
57	790
781	821
948	998
693	708
119	621
339	853
383	896
94	793
99	908
80	629
148	275
373	622
463	781
482	794
642	783
876	950
614	950
581	773
600	786
853	966
218	455
295	904
524	912
16	213
716	853
75	793
514	840
417	907
477	692
26	756
554	912
287	797
366	861
567	851
493	673
314	930
349	628
693	963
389	966
653	746
23	579
364	643
382	926
192	802
445	982
679	920
241	694
917	977
205	219
850	923
215	412
373	998
641	749
632	929
255	979
782	873
861	937
565	646
738	803
509	980
330	520
643	980
847	975
692	872
222	657
260	949
414	864
942	983
381	421
620	703
83	764
224	703
641	991
756	978
467	875
733	994
475	995
851	986
617	819
870	999
925	935
634	988
243	837
740	889
738	816
657	891
13	826
337	886
631	875
939	991
923	983
157	955
100	421
702	755
821	935
325	768
666	832
504	770
710	875
976	994
687	891
487	537
497	996
739	758
357	427
367	886
749	951
124	899
848	930
289	966
605	943
383	601
663	884
696	832
668	999
742	948
635	822
860	940
920	954
703	956
904	946
147	738
334	830
95	319
600	720
605	835
405	481
214	684
487	779
373	448
235	972
32	155
887	898
241	494
994	997
809	951
98	859
566	964
146	378
734	777
288	956
49	445
64	982
193	867
755	836
438	671
277	982
459	959
202	808
852	890
931	954
790	978
494	687
53	685
180	497
873	949
588	965
588	736
882	917
390	980
333	446
35	523
563	908
57	282
535	846
474	570
419	634
919	957
470	865
638	678
577	927
650	688
829	919
15	177
378	983
212	691
470	986
110	185
354	811
385	878
968	970
439	855
618	857
926	973
444	704
783	924
683	986
153	757
521	924
903	989
543	683
666	753
418	688
775	925
687	812
618	978
475	929
231	946
638	812
849	995
67	996
884	989
617	874
501	928
842	992
386	712
501	699
754	879
45	419
416	820
25	706
599	941
134	878
258	419
914	989
518	989
955	990
196	938
41	835
490	890
223	317
79	538
673	782
907	949
629	941
432	841
839	936
784	1000
691	772
200	949
140	669
756	938
186	785
717	946
918	936
788	826
807	839
383	777
718	767
112	957
38	779
568	944
582	613
174	559
256	857
200	962
506	968
244	968
739	947
144	508
586	624
369	626
24	857
137	734
436	801
301	842
480	844
466	909
195	860
415	863
421	614
780	961
898	953
301	734
727	842
345	511
23	460
331	576
47	817
831	899
437	514
762	799
10	935
970	977
734	966
271	976
49	863
491	979
293	994
843	909
746	976
947	966
845	918
518	560
468	968
671	802
863	972
76	592
48	530
958	980
873	909
878	987
325	515
745	872
817	977
555	977
674	928
352	877
24	294
516	756
232	997
199	820
273	769
667	925
796	810
768	977
308	992
863	985
756	859
761	937
198	302
939	980
510	574
653	882
83	766
705	749
710	864
641	993
489	636
547	577
585	869
700	819
133	708
312	939
928	942
191	649
666	942
523	893
564	931
182	600
209	703
930	988
434	821
360	606
888	991
117	885
800	878
239	316
879	942
59	651
983	999
298	667
793	875
316	950
932	953
682	778
772	937
510	937
703	837
730	940
804	889
532	955
848	932
765	897
431	499
821	950
628	784
595	607
719	902
297	950
140	737
57	968
795	897
676	717
612	961
827	886
439	481
716	789
688	956
311	969
22	866
778	849
828	966
69	160
506	915
313	786
566	966
299	622
786	969
753	792
343	894
376	842
744	972
399	974
366	797
540	684
125	442
820	967
190	800
121	966
473	859
855	961
5	525
533	910
660	722
646	787
752	954
408	915
857	970
260	751
931	956
3	866
908	972
400	502
368	964
676	851
711	808
141	921
796	852
562	685
639	905
364	700
284	448
165	985
877	962
458	749
274	928
136	698
755	972
292	982
378	985
83	579
826	852
45	58
36	467
891	981
808	983
585	911
824	927
553	878
606	970
644	996
960	973
944	965
522	747
238	988
687	814
152	655
224	531
91	416
745	940
724	817
550	701
407	881
145	881
701	870
687	935
425	706
733	822
282	886
304	645
636	889
226	991
386	943
152	776
601	868
620	881
191	475
638	935
583	999
495	886
742	992
580	930
742	763
733	943
263	765
590	894
161	488
601	760
721	825
652	991
132	955
319	781
448	666
654	1000
351	999
29	948
626	938
906	992
648	956
78	840
723	992
281	610
575	828
126	736
186	787
557	959
848	879
344	851
658	718
589	884
448	908
635	1000
184	835
170	900
693	712
423	851
600	898
864	944
371	782
44	387
771	901
181	806
850	901
795	965
827	954
491	739
862	911
323	337
369	978
551	726
556	841
382	917
644	688
602	957
841	973
882	974
216	921
780	963
799	976
623	750
917	968
540	981
366	865
144	752
639	960
892	911
354	976
734	968
63	800
701	791
338	739
954	971
95	981
71	395
651	970
366	986
726	740
710	732
90	758
425	519
942	974
193	361
831	914
674	930
291	640
370	933
893	974
84	576
263	807
404	517
428	874
851	977
309	694
562	874
501	864
745	995
784	923
816	875
764	981
805	982
879	931
939	982
254	879
276	638
629	756
23	946
54	296
56	894
99	712
374	651
890	918
749	942
422	584
675	764
399	829
330	995
242	882
94	718
608	939
379	887
520	826
761	952
543	995
180	943
703	947
288	476
496	654
513	823
821	939
622	995
468	528
681	821
175	949
464	823
593	708
698	990
18	965
491	660
381	788
703	839
205	828
788	883
410	442
809	942
203	903
827	996
813	832
81	388
265	963
517	955
374	906
556	883
542	719
46	552
744	853
730	955
311	971
20	270
121	847
718	837
167	963
616	789
10	979
127	332
65	686
404	906
87	970
178	563
780	897
11	157
307	973
783	902
755	840
383	968
195	917
396	907
745	795
690	859
651	904
202	812
193	992
664	843
787	913
498	810
649	979
690	980
831	956
79	863
822	907
336	869
181	995
778	985
836	926
385	990
555	913
808	864
370	867
750	859
956	964
548	644
826	854
549	990
664	977
208	697
337	582
777	854
694	819
279	577
193	308
173	824
830	865
720	993
318	461
650	934
851	924
956	977
648	824
92	643
207	593
317	990
41	826
335	778
830	986
412	998
756	808
888	927
346	644
967	991
139	839
703	881
818	868
226	993
837	881
207	714
501	932
446	996
363	998
504	708
490	773
784	991
489	814
392	881
612	884
455	937
689	875
67	303
292	650
913	997
517	768
589	644
415	720
219	845
346	886
291	950
368	645
308	365
84	886
360	784
948	991
645	953
786	892
615	781
100	601
246	426
545	951
536	902
484	712
448	789
43	969
464	999
901	1000
271	604
1	743
397	945
760	768
567	602
639	707
107	846
709	951
299	787
560	599
670	959
367	958
587	961
661	910
774	787
545	964
765	967
484	725
181	916
196	258
748	771
393	543
519	682
293	864
535	663
573	918
177	918
135	692
52	923
181	808
341	797
382	798
570	620
616	736
289	341
868	957
324	564
90	397
12	972
543	608
438	851
135	813
244	985
388	441
159	618
873	900
74	924
831	903
776	967
734	970
868	970
761	807
398	755
403	870
810	965
884	914
699	868
551	741
759	919
308	983
382	932
905	973
844	963
286	406
227	994
939	971
958	984
101	360
856	973
330	863
60	773
454	929
729	868
286	527
893	976
865	914
906	915
928	933
518	806
377	830
46	996
256	540
710	976
624	707
209	465
949	992
104	937
324	940
819	919
428	997
730	810
983	990
446	822
191	532
537	940
209	586
589	807
814	925
131	666
695	708
84	591
511	658
631	989
700	823
684	815
529	941
596	702
890	920
501	879
969	984
399	831
145	951
608	712
1	677
376	591
876	877
728	898
327	554
915	990
103	846
846	890
142	774
235	965
183	546
615	957
255	651
804	893
931	934
549	603
531	1000
363	369
332	790
901	947
505	947
35	503
18	859
697	888
802	941
719	906
746	780
341	960
556	656
253	847
371	839
491	675
241	729
769	885
788	898
347	896
471	962
691	965
369	914
1	932
665	912
618	837
45	975
12	798
204	739
820	971
78	334
336	858
553	627
83	449
19	693
261	455
577	920
259	796
405	850
674	974
674	745
835	848
819	840
260	876
410	820
201	912
146	976
5	1000
542	976
798	902
187	748
354	925
247	799
440	928
729	802
388	509
431	879
632	869
851	913
298	471
891	985
247	920
412	987
866	928
329	989
184	571
111	766
587	695
430	748
72	249
564	977
439	982
458	995
626	808
411	654
328	885
6	834
6	605
188	582
592	931
233	998
44	833
355	466
525	877
387	647
544	890
5	87
802	862
735	872
867	991
127	952
278	367
341	652
943	986
962	999
313	590
700	999
800	937
915	924
276	937
832	889
147	786
529	888
744	776
735	993
647	880
788	819
251	651
256	729
113	946
66	834
897	991
728	953
524	894
785	935
807	953
466	660
540	609
718	881
492	834
204	781
176	719
336	442
468	827
360	799
594	966
170	904
533	727
868	946
325	963
466	902
663	958
234	781
253	794
776	835
695	910
822	951
660	889
794	889
496	966
48	510
917	959
17	968
755	897
457	974
493	668
498	975
451	900
415	977
179	966
616	967
487	853
910	956
385	805
734	959
706	897
871	964
425	618
57	222
31	987
843	902
653	741
322	907
623	754
83	746
248	813
220	980
555	970
734	972
954	975
650	978
708	919
534	803
715	814
805	973
824	986
741	988
856	975
694	876
231	886
191	521
74	939
738	919
421	983
849	935
814	914
714	976
249	647
328	940
400	816
441	817
653	996
928	935
391	996
611	999
56	188
9	113
847	983
907	997
673	830
645	768
939	986
543	986
325	763
858	997
932	946
641	999
897	925
195	424
489	642
539	988
728	887
328	953
17	768
793	989
187	950
825	941
911	981
30	966
668	994
420	892
888	997
161	897
436	836
4	950
964	992
174	607
922	995
619	957
75	601
228	843
302	792
737	949
828	838
332	900
915	992
304	838
579	777
697	769
806	941
443	889
911	994
448	967
52	967
470	497
110	154
304	959
147	975
885	941
697	890
7	443
790	852
862	957
383	959
33	846
561	965
607	852
574	675
91	972
153	389
493	723
892	957
603	854
748	949
720	850
558	788
494	803
856	896
820	973
419	629
336	860
79	975
817	904
836	917
662	801
233	624
109	854
436	983
217	387
184	210
306	873
254	683
347	911
570	919
630	970
671	971
253	983
201	564
550	681
541	861
720	863
7	927
348	991
664	968
6	702
474	807
759	976
900	915
234	862
671	863
523	699
187	750
835	971
398	933
2	704
585	796
277	643
230	339
69	879
377	995
160	997
206	884
715	761
178	822
250	927
833	982
731	971
925	985
290	474
510	743
548	998
648	936
722	922
331	1000
839	918
944	971
624	764
687	820
420	705
351	871
874	875
115	594
51	313
92	876
634	930
278	477
305	876
351	992
860	869
698	807
925	998
510	756
50	1000
232	482
262	361
525	1000
478	888
552	837
860	990
684	764
936	985
432	957
210	844
600	770
416	949
853	950
567	593
635	993
709	942
814	995
693	934
73	960
174	783
802	877
848	993
600	662
591	842
286	960
679	891
505	775
813	891
54	839
524	788
596	893
670	842
771	894
540	732
77	742
572	950
470	902
551	598
294	447
412	439
53	735
177	801
194	216
644	910
561	912
877	889
739	955
486	509
269	740
436	917
752	894
172	807
554	909
774	912
572	963
456	751
588	907
261	512
255	963
852	953
57	453
269	632
274	976
463	912
865	892
213	737
903	918
493	791
787	972
518	555
924	977
643	964
357	866
122	703
857	923
414	848
689	787
529	569
451	915
119	176
657	754
132	869
352	643
546	923
631	738
870	983
240	816
537	810
382	936
946	978
449	697
958	988
777	913
259	987
358	929
513	574
416	641
608	811
816	989
893	980
953	994
120	993
631	980
328	942
37	995
587	644
316	824
118	839
902	921
547	693
712	760
120	885
106	721
941	997
793	870
429	593
520	711
365	837
318	991
492	878
244	776
207	894
675	999
312	947
890	924
540	545
503	663
809	935
248	373
888	999
566	948
463	712
193	851
296	306
834	884
792	887
212	312
594	902
468	534
533	892
566	840
436	959
307	845
790	962
725	954
711	790
686	962
773	887
440	677
271	905
871	900
103	274
122	287
634	664
479	790
429	969
322	843
767	964
808	965
775	788
720	852
90	685
431	749
866	906
783	908
264	986
498	924
584	964
625	965
840	890
14	811
671	852
382	749
242	446
519	983
453	629
76	642
838	965
332	339
623	811
562	801
290	342
378	980
391	919
914	960
91	398
473	988
321	860
844	901
808	978
849	979
766	981
604	919
631	793
306	996
89	998
823	963
424	988
565	927
102	937
564	968
605	740
762	983
944	960
398	935
838	978
777	968
782	817
152	650
501	804
532	871
694	704
974	987
757	989
335	1000
696	750
62	878
282	881
120	819
925	987
450	465
312	989
515	823
656	799
675	812
501	696
298	596
826	981
803	997
217	873
772	866
180	991
32	73
617	992
284	819
974	1000
559	758
397	696
913	990
724	825
434	992
916	995
797	815
520	766
552	718
629	938
301	584
130	473
25	945
663	707
275	302
934	941
137	597
772	879
31	844
251	884
853	952
705	825
910	934
929	947
189	908
973	990
524	898
408	952
35	212
568	941
582	839
375	546
581	651
487	952
693	828
285	737
385	446
202	968
255	831
614	949
961	993
512	901
787	840
80	978
167	903
748	885
799	850
389	952
414	716
498	858
33	795
556	836
662	966
495	560
882	969
467	727
794	893
780	958
202	981
546	791
899	909
320	973
875	966
326	495
176	965
747	902
315	979
405	909
479	858
653	745
625	912
353	453
162	922
243	581
206	928
583	686
844	956
674	804
835	907
21	919
783	976
562	977
942	969
553	928
840	958
410	879
418	969
201	971
951	974
668	851
351	915
544	815
530	917
805	856
851	972
592	977
110	708
537	812
46	989
858	867
266	992
402	587
434	576
866	987
681	682
20	707
598	647
460	979
422	458
413	867
50	815
303	995
614	628
738	923
443	746
622	977
714	980
79	469
552	652
804	873
193	719
490	942
724	880
761	947
599	885
640	657
805	990
502	952
390	482
983	996
941	999
913	937
591	886
355	875
401	762
131	901
828	829
874	945
698	985
168	904
314	958
429	945
589	934
97	206
373	784
794	814
920	953
141	434
628	781
22	971
567	771
727	760
295	837
295	608
503	786
360	966
579	781
255	657
950	953
595	725
600	840
994	996
892	948
336	730
556	999
718	832
360	858
220	555
304	963
627	650
384	663
236	499
260	856
342	666
862	961
759	954
358	381
198	917
373	918
896	959
478	971
623	800
177	979
292	966
483	497
892	961
151	926
607	977
660	840
646	905
546	967
926	959
348	982
783	910
461	859
361	921
636	860
757	857
734	910
329	861
461	980
516	687
226	854
713	972
842	857
831	964
435	698
674	980
789	967
388	623
305	854
38	281
678	870
59	340
155	277
944	962
99	870
283	462
76	886
296	926
678	991
733	927
409	803
428	816
312	870
601	744
391	934
293	362
740	822
349	937
435	940
162	293
599	819
585	921
492	693
629	927
749	992
446	991
485	919
163	639
242	932
902	978
594	825
635	863
700	992
915	917
717	932
358	999
738	991
242	824
121	763
508	943
234	411
621	820
695	769
24	601
211	427
579	594
4	888
922	933
724	948
985	989
124	135
580	940
222	966
230	827
235	905
665	718
918	935
188	830
716	949
513	886
688	887
707	900
457	954
168	851
897	997
11	904
575	946
630	653
198	959
473	669
607	898
211	669
257	785
145	315
348	903
496	838
711	726
683	893
862	895
880	949
479	605
19	620
676	890
142	956
357	844
799	960
384	718
563	949
692	834
755	890
892	895
795	962
602	833
123	798
472	952
379	495
683	906
34	497
122	344
754	786
297	318
780	960
417	908
856	955
251	323
156	988
104	798
145	570
650	971
576	793
185	642
152	465
41	634
710	729
333	742
882	984
949	974
627	731
665	986
761	923
636	928
529	802
689	791
856	968
639	970
768	855
620	691
262	983
465	817
456	997
803	812
374	635
150	927
580	740
38	457
632	930
953	985
791	923
851	974
592	979
224	583
215	992
745	992
113	752
677	794
930	974
949	987
178	881
90	997
668	974
539	860
520	581
263	925
805	979
656	856
900	987
666	820
932	939
934	985
254	997
166	884
633	993
110	723
927	982
710	984
797	872
305	935
14	197
425	1000
901	929
920	942
307	944
730	818
334	818
793	874
874	947
235	960
918	990
890	928
86	608
820	832
806	934
602	646
841	891
64	970
380	947
58	667
297	949
47	737
470	840
737	955
864	996
478	960
753	899
247	310
197	681
250	544
577	673
618	711
475	662
70	613
787	897
732	961
759	835
556	772
165	850
44	560
403	907
141	678
774	850
639	891
239	691
385	974
595	969
815	972
372	668
680	784
630	963
253	976
266	915
627	894
715	741
467	676
197	815
357	804
131	461
26	933
409	671
466	976
667	966
212	571
64	407
743	961
385	987
660	963
257	987
346	507
81	990
351	851
444	813
428	576
548	641
372	910
675	682
713	974
551	912
69	872
933	977
740	811
872	967
486	931
646	920
687	921
967	975
604	923
645	924
48	705
249	695
631	797
111	990
823	967
215	818
435	821
921	980
520	636
461	995
225	230
180	982
390	526
483	754
343	451
694	937
501	808
848	852
793	916
467	931
849	996
916	986
520	757
925	991
108	934
306	424
603	647
489	811
828	994
2	952
962	994
712	819
483	996
15	662
730	873
804	822
169	311
955	991
36	950
793	929
177	660
397	929
897	986
272	934
929	938
973	981
670	943
120	247
237	832
75	770
864	930
492	829
285	728
156	614
343	706
436	897
785	822
697	938
334	886
279	950
637	658
581	763
218	674
572	943
479	715
503	843
630	884
685	820
167	894
811	959
349	376
748	876
27	96
211	671
546	661
114	738
628	959
788	948
223	910
410	736
27	217
813	897
486	502
799	962
766	785
172	571
88	843
776	951
239	975
951	952
472	954
651	956
852	946
392	436
824	847
865	885
122	346
287	679
498	862
303	623
778	916
46	738
118	577
720	911
123	692
461	916
655	967
741	970
699	973
69	806
129	857
740	745
456	986
93	934
357	980
714	729
516	973
678	806
667	913
460	849
226	682
685	967
738	793
476	793
756	847
11	464
434	567
62	924
544	927
606	795
205	451
303	986
334	336
872	914
94	583
118	940
134	921
87	580
529	925
6	655
694	992
909	917
735	801
826	919
638	868
545	640
159	870
816	874
847	978
401	632
907	992
208	991
791	817
395	817
763	984
837	933
45	704
377	948
941	990
853	877
724	763
25	991
319	943
682	766
723	804
497	986
700	820
115	655
791	938
918	979
450	645
744	826
430	932
867	933
550	997
575	761
828	941
478	828
758	882
763	997
515	895
721	1000
320	656
774	826
834	877
457	661
99	953
684	825
513	943
246	828
655	767
834	998
490	959
586	896
952	990
84	951
693	995
82	841
739	882
843	939
516	544
466	723
111	495
625	716
855	949
454	605
662	783
683	842
526	895
908	960
37	667
727	885
190	909
170	967
440	791
660	831
183	906
128	970
472	780
491	793
269	680
563	898
585	657
783	901
125	672
820	968
317	842
280	960
734	901
338	901
236	624
494	919
56	922
873	952
470	976
50	390
486	920
665	922
356	581
884	966
903	979
106	635
307	396
861	982
680	907
652	845
597	909
206	758
720	979
527	813
296	917
733	918
879	972
139	933
395	630
870	923
854	915
726	915
256	471
140	525
305	858
453	756
888	913
948	964
370	987
409	915
345	930
446	982
735	856
358	869
592	807
858	926
569	823
963	979
42	111
522	748
962	983
544	995
313	574
617	985
730	862
293	595
284	812
485	802
283	816
932	996
770	934
181	310
365	885
478	762
249	939
82	533
906	980
529	993
610	689
343	345
928	998
881	923
399	883
67	181
867	988
591	824
195	595
267	700
943	983
406	778
918	926
684	759
913	996
214	729
828	888
420	834
855	991
354	480
238	534
188	713
496	829
582	832
931	986
716	832
802	872
950	999
210	960
61	837
138	303
561	894
179	600
822	935
794	873
390	783
558	596
802	993
790	902
554	891
769	816
672	883
214	971
556	708
594	963
690	900
795	953
850	889
439	537
255	716
447	886
741	838
278	848
864	945
468	945
965	997
509	717
77	979
364	743
135	920
391	617
344	505
368	899
456	746
165	799
753	969
884	900
829	964
273	746
586	977
534	787
212	736
148	751
817	846
233	795
519	923
21	912
659	903
604	967
342	967
375	915
361	980
689	782
419	921
86	223
430	787
292	328
443	497
95	982
269	869
153	923
650	975
106	582
768	967
138	800
680	854
148	993
652	792
393	797
613	800
2	875
558	864
866	980
425	749
263	687
636	932
455	857
796	921
923	962
735	911
680	975
102	998
243	937
840	964
817	980
511	873
934	976
791	927
450	634
326	864
367	865
804	866
928	932
867	922
397	744
569	999
572	745
484	632
522	924
797	863
300	582
511	994
277	827
122	953
491	527
279	873
702	976
513	811
802	914
499	647
242	991
66	765
489	868
814	924
24	768
514	632
712	876
87	824
147	609
485	870
457	771
630	699
809	930
888	994
602	637
189	956
373	548
753	769
324	363
615	835
389	529
862	941
218	610
383	714
588	823
514	645
612	951
596	943
164	266
876	997
892	941
658	774
952	992
28	607
663	889
470	723
401	889
868	998
627	643
114	795
521	890
989	995
204	954
424	728
299	962
982	992
277	385
292	959
507	847
331	392
451	723
704	903
468	892
327	916
597	777
569	678
426	895
934	956
563	900
287	965
631	775
72	811
359	841
28	970
140	393
577	919
637	970
507	860
815	976
653	914
74	978
624	627
701	847
907	915
714	786
645	686
631	788
667	970
28	983
699	922
380	388
597	911
657	925
803	979
443	673
302	697
104	978
227	819
750	860
796	976
823	850
367	570
955	969
432	699
784	858
247	919
305	860
342	927
63	280
183	345
362	576
826	976
900	925
153	173
55	833
449	989
707	759
696	866
333	814
233	876
16	878
594	818
654	869
921	984
714	920
800	923
337	933
225	463
557	936
510	861
785	800
141	240
614	689
853	934
605	869
913	985
402	769
173	946
804	934
909	987
279	820
427	718
647	987
825	993
355	815
295	535
522	992
360	893
360	664
575	589
640	947
277	895
404	936
901	988
45	774
499	944
977	983
36	954
281	721
38	1000
281	492
401	823
563	821
408	947
719	839
584	880
616	832
984	999
795	834
822	937
404	949
662	719
665	724
885	993
558	598
596	890
301	713
977	996
774	896
378	667
572	947
264	565
484	834
231	388
143	504
253	901
690	902
753	958
68	855
752	999
871	950
686	904
498	853
713	778
606	652
773	829
625	665
924	961
882	964
173	504
412	786
398	622
351	547
917	958
958	959
347	842
278	971
100	147
437	735
817	956
113	611
182	216
137	968
421	727
508	615
829	966
20	568
452	979
345	853
653	969
606	894
745	972
206	694
118	810
52	227
62	915
477	928
599	625
741	974
143	759
738	905
247	853
830	908
539	961
833	913
805	851
175	684
273	990
870	980
113	974
305	915
902	905
907	983
404	628
598	642
601	684
205	684
25	982
622	972
118	944
522	805
916	924
286	757
131	883
112	641
814	913
296	987
225	518
455	980
854	985
413	983
928	934
647	921
592	985
499	528
228	937
263	931
860	921
170	474
428	998
431	478
475	521
325	991
77	660
311	598
704	758
217	936
184	759
29	885
712	878
532	947
8	947
135	722
116	480
825	940
971	994
14	432
167	711
822	871
626	996
422	937
904	940
922	994
306	725
880	997
797	999
98	961
781	991
244	786
706	817
274	894
31	907
232	668
306	617
488	594
672	940
952	994
385	846
466	956
3	966
727	997
584	948
603	961
597	887
93	859
179	899
299	964
335	621
674	841
445	789
150	612
764	771
870	901
889	951
671	728
891	960
266	679
49	910
546	962
379	556
199	854
562	677
28	972
625	733
845	965
81	983
310	577
81	754
34	908
72	934
37	913
854	906
914	957
523	806
495	973
546	975
654	737
43	583
865	957
28	985
886	979
784	968
316	634
531	559
714	909
566	745
282	757
543	798
796	978
721	804
974	984
270	868
757	986
724	809
830	976
434	976
833	981
673	763
763	922
188	691
109	169
207	704
446	986
909	976
821	863
881	914
826	978
793	801
316	876
462	930
420	933
203	935
544	999
220	350
323	1000
744	764
779	987
705	809
911	914
434	989
508	938
869	917
855	982
409	932
560	576
906	984
68	602
174	769
452	484
521	705
779	1000
853	949
355	938
938	993
96	189
27	89
376	997
628	952
672	995
503	957
105	130
148	729
308	718
24	959
261	377
618	880
447	769
778	788
836	958
693	946
137	728
669	737
175	202
798	824
196	261
762	901
863	953
780	955
838	896
375	906
590	794
507	796
570	852
574	971
333	616
954	963
35	922
71	616
912	966
67	911
208	850
549	914
34	734
631	953
361	863
694	743
537	796
495	799
696	789
285	989
333	737
68	991
250	739
291	740
714	843
34	855
185	987
460	963
620	686
358	915
418	966
597	968
402	463
935	963
351	912
315	989
433	981
708	920
653	984
41	871
430	683
624	926
930	969
195	291
208	984
227	997
464	681
6	998
675	864
289	828
242	982
605	805
25	755
580	977
846	867
159	166
106	828
340	995
166	879
730	921
532	936
633	988
251	694
545	646
630	690
425	995
827	975
409	987
87	936
90	187
964	980
283	996
913	934
66	998
264	488
429	821
594	888
795	878
855	929
574	650
235	955
422	818
871	873
447	582
889	927
719	775
672	929
746	878
443	877
575	996
649	945
492	998
505	937
87	949
739	875
725	940
496	888
155	595
480	880
175	244
223	958
822	994
855	942
299	724
794	932
752	935
573	963
595	722
135	966
369	904
470	956
322	829
831	935
437	550
528	897
239	794
348	966
796	833
199	614
815	846
264	743
294	622
241	961
174	971
752	948
423	443
359	724
97	687
759	843
537	730
368	958
206	859
211	974
747	954
604	905
664	956
865	946
686	974
18	515
861	975
680	900
759	964
14	810
638	903
63	968
541	970
16	856
539	897
186	513
360	400
750	851
430	846
13	972
591	683
453	978
557	806
111	985
928	978
624	981
677	844
963	972
234	274
101	647
548	878
97	942
955	973
158	171
27	883
316	757
715	991
16	990
869	906
387	637
599	816
846	922
120	818
371	400
54	464
749	760
430	980
96	875
760	855
471	752
402	881
677	857
608	986
663	693
608	757
649	758
761	999
816	935
920	992
505	750
684	981
610	803
104	177
422	752
114	599
408	588
214	951
589	865
709	930
602	804
170	881
712	935
827	922
376	986
973	976
739	809
376	757
450	706
802	865
867	994
765	946
603	884
649	1000
864	925
795	825
695	887
547	760
385	661
987	995
739	930
290	838
515	956
716	946
568	819
917	936
282	425
586	836
245	543
429	889
644	777
910	933
197	731
197	502
871	941
637	774
862	892
447	650
359	766
163	891
452	728
965	990
748	992
780	944
150	777
403	957
370	551
810	823
961	992
891	896
5	803
330	371
10	918
458	785
824	842
268	395
567	957
842	896
787	960
451	782
165	913
822	954
835	893
21	905
747	780
10	221
574	973
393	898
252	922
546	911
2	518
543	842
717	729
680	847
638	850
247	965
149	393
550	737
393	790
761	920
310	984
687	742
819	898
764	962
141	983
772	786
791	799
340	634
479	978
41	981
812	858
366	512
619	692
471	565
182	462
387	571
733	979
906	907
689	909
109	334
782	871
587	861
485	850
99	814
681	910
700	923
562	989
782	992
501	979
413	866
26	191
578	933
374	874
682	990
300	696
453	938
33	352
918	974
675	987
482	821
895	990
807	877
347	633
168	890
930	984
262	296
566	936
459	810
404	874
679	813
380	931
573	831
540	654
383	936
171	528
765	772
603	710
797	990
597	636
635	928
253	597
160	369
183	538
389	872
427	898
788	877
213	417
311	952
801	816
171	649
228	954
630	934
560	875
389	993
265	957
339	906
125	654
273	552
639	875
195	898
509	536
113	536
472	883
238	716
577	670
563	772
752	937
623	786
149	903
185	560
419	727
528	899
151	683
393	482
780	891
348	968
114	801
769	998
158	844
686	963
815	848
542	955
449	498
896	958
95	909
269	796
379	439
549	850
317	958
826	835
729	902
209	378
352	915
388	609
393	953
863	902
926	958
530	958
819	832
392	499
884	961
557	566
629	671
50	735
229	966
523	918
578	625
397	550
476	843
495	856
849	859
613	848
921	964
819	953
893	902
838	966
879	967
590	864
612	623
231	931
413	679
757	977
523	810
294	987
844	902
481	813
486	928
453	751
571	972
230	679
557	808
689	964
54	224
928	980
826	969
578	867
564	969
638	918
677	846
295	515
502	993
837	983
854	923
974	988
160	1000
292	402
144	238
173	939
825	865
319	993
948	972
327	359
593	744
343	569
59	810
749	991
821	867
213	230
452	475
92	169
84	759
538	929
920	994
193	894
848	862
581	747
619	773
980	981
677	980
916	996
401	816
60	257
82	770
785	927
931	981
174	773
117	239
427	953
482	889
669	715
540	601
438	819
713	758
685	696
286	950
704	709
288	996
758	945
670	832
153	542
535	644
655	938
760	991
88	827
468	819
198	958
313	945
676	768
354	717
651	940
632	661
155	773
711	725
586	959
474	489
658	835
704	951
467	715
692	833
394	910
829	838
391	841
773	943
14	625
311	323
77	156
743	771
808	900
935	941
706	889
53	967
347	956
570	964
160	571
803	906
844	944
500	905
585	720
7	743
958	965
708	790
553	916
674	913
305	787
272	610
824	857
433	972
216	220
37	743
708	911
190	985
528	980
949	973
701	908
805	965
400	916
138	916
40	344
702	729
86	460
872	911
261	986
113	859
569	873
558	980
222	994
98	470
175	919
543	857
142	513
937	976
501	860
114	185
196	978
848	904
8	698
457	524
907	989
327	414
846	979
25	49
417	573
656	855
983	984
284	983
554	578
719	874
242	986
462	989
874	933
593	920
381	1000
417	694
455	986
804	874
312	937
427	887
628	877
251	927
633	992
531	981
779	817
190	651
71	996
406	949
82	825
63	583
711	767
771	818
702	984
614	871
135	836
401	992
883	995
313	879
588	818
918	989
394	952
521	764
471	943
553	716
806	933
314	959
368	936
456	783
506	900
10	962
794	815
183	890
885	933
744	957
692	767
785	995
783	885
788	1000
34	538
792	890
726	765
19	903
762	947
695	957
294	613
836	896
748	820
560	769
252	616
257	960
174	962
898	993
483	485
405	831
892	949
418	770
148	909
201	772
486	675
664	947
777	824
722	888
903	963
42	900
840	880
583	958
27	511
720	963
835	950
356	686
854	899
606	834
844	891
388	611
543	899
185	925
689	724
364	927
143	928
622	899
663	671
453	861
539	901
714	902
640	687
518	963
705	789
435	928
784	853
742	856
76	995
747	971
153	986
805	912
221	632
64	877
928	982
666	982
418	917
504	920
41	930
677	848
803	987
107	466
98	646
304	751
684	743
128	525
730	859
895	926
316	990
490	877
715	995
453	995
203	820
395	990
758	813
582	587
12	700
554	754
485	920
22	893
185	362
462	936
589	977
732	760
603	646
883	929
24	939
640	942
901	983
15	890
519	652
697	924
790	886
936	977
779	993
677	982
957	999
712	939
753	940
887	940
804	942
991	997
892	991
295	772
704	940
454	765
128	780
549	773
158	659
488	534
457	955
473	899
211	899
228	314
290	963
604	830
931	996
134	423
829	948
755	770
116	783
553	784
468	942
289	445
349	496
882	959
250	719
747	771
766	784
516	609
433	840
713	894
176	955
773	945
97	396
129	843
358	437
849	903
935	943
954	956
750	897
631	717
576	781
787	964
861	913
587	610
205	316
418	838
60	864
439	897
866	964
76	579
733	849
315	861
805	954
731	776
461	915
428	738
59	383
840	948
391	856
770	852
715	916
849	916
85	520
328	921
39	818
171	974
148	990
569	983
803	921
159	856
594	747
217	797
492	507
579	624
587	744
251	795
572	621
580	970
167	572
492	628
497	972
698	962
137	400
656	965
568	852
50	926
807	868
297	803
187	931
668	975
346	924
828	927
654	811
626	978
84	695
208	990
519	586
598	879
818	919
381	881
274	526
802	911
298	883
36	883
545	989
704	753
816	994
272	867
748	796
29	880
246	814
573	943
58	763
270	942
765	884
806	922
971	989
649	709
387	938
404	878
758	881
482	946
516	530
347	758
718	930
919	920
896	936
538	999
54	886
549	828
609	879
226	589
294	494
926	936
692	769
57	258
3	961
89	964
947	995
264	736
280	946
822	1000
32	615
500	720
197	682
76	621
771	954
669	906
856	998
345	782
553	731
36	441
294	965
564	597
756	767
352	677
706	946
47	980
644	970
859	895
407	734
398	914
613	839
425	788
733	904
268	804
562	793
870	909
548	858
854	901
439	844
907	912
733	796
824	914
139	811
345	916
823	955
18	521
909	958
102	929
229	970
449	744
742	966
374	570
539	903
203	688
39	994
510	845
450	565
736	922
749	861
205	734
675	683
67	275
358	747
289	876
504	801
13	978
223	522
352	932
663	794
566	861
640	810
411	758
538	799
804	918
128	406
749	982
661	869
289	997
272	801
464	971
323	995
123	412
744	759
100	694
482	759
100	465
260	417
325	812
96	989
619	993
853	931
349	351
786	877
271	697
352	356
887	929
288	866
288	637
381	828
496	815
45	879
642	869
862	872
655	808
77	831
237	820
619	885
908	988
806	977
336	533
112	825
690	765
506	715
533	818
500	641
739	923
38	58
917	929
17	938
760	982
834	931
894	982
897	987
93	667
437	477
795	939
459	990
392	1000
115	951
794	980
579	826
973	982
862	885
452	721
892	993
83	366
368	993
454	767
211	780
183	947
535	877
741	945
636	663
787	832
460	474
138	423
910	939
522	534
766	894
475	947
342	832
516	719
452	963
727	939
713	775
845	894
762	896
13	778
297	308
748	998
178	845
563	952
281	973
690	912
476	660
357	968
107	268
35	688
296	958
833	897
530	896
912	961
282	794
34	729
631	719
171	963
460	837
152	684
364	863
601	776
787	966
410	979
532	676
611	969
624	679
71	732
763	959
92	791
331	807
754	910
311	340
297	442
379	969
849	918
346	792
186	574
24	512
194	694
450	620
343	494
109	327
362	507
78	748
358	802
793	959
297	792
531	730
541	923
888	967
659	915
805	969
763	972
343	386
601	910
358	923
941	978
523	990
641	982
811	868
365	818
800	975
915	962
151	300
307	813
422	800
515	991
499	754
108	869
705	859
591	986
770	988
971	978
737	811
698	856
610	972
885	911
166	995
818	921
427	999
394	822
427	770
862	927
394	593
125	405
22	721
316	939
765	994
245	470
61	649
401	983
883	986
580	985
739	978
133	939
119	775
535	690
672	924
751	988
514	752
304	942
478	829
904	937
408	999
619	953
834	878
245	712
966	997
924	1000
132	542
899	943
329	827
604	766
447	819
755	935
414	642
801	822
625	825
418	532
229	367
762	830
514	765
852	989
945	951
989	994
58	899
796	828
204	953
493	827
382	959
456	908
690	846
982	991
535	945
914	941
470	964
743	830
173	448
420	554
865	941
309	723
667	956
508	559
477	980
63	145
221	502
4	733
656	659
331	862
661	737
339	457
872	957
168	346
162	272
398	808
673	976
700	850
409	903
166	916
548	752
229	972
845	975
30	991
164	991
263	970
566	742
497	908
404	680
681	729
832	861
936	955
31	354
330	916
517	742
728	925
786	866
151	355
268	940
207	930
152	994
702	909
707	987
85	940
797	917
454	514
20	996
510	860
702	801
633	930
55	953
600	753
605	868
691	871
364	476
584	745
230	927
786	879
749	997
950	987
3	884
908	990
438	812
429	992
809	984
828	997
621	933
566	997
555	579
431	772
80	959
121	997
811	949
107	833
734	931
338	473
713	764
303	371
561	895
421	592
104	656
259	944
875	947
873	874
674	893
445	841
835	996
664	885
488	888
350	954
424	903
9	661
826	883
449	667
965	998
338	836
659	891
741	960
565	963
363	785
440	968
527	856
365	794
444	858
953	964
276	493
763	840
578	794
775	850
717	845
428	742
326	960
441	681
422	439
881	953
261	979
517	676
555	968
641	971
136	984
599	745
318	732
731	901
631	963
953	977
610	840
455	966
937	969
226	914
702	843
927	961
187	922
825	913
723	902
337	866
483	920
221	920
503	754
640	988
511	874
934	977
612	926
524	813
596	918
293	651
633	985
806	913
929	983
156	538
100	872
802	915
7	415
941	993
545	993
526	751
199	356
149	764
686	703
262	412
676	924
277	949
142	990
477	714
320	767
573	947
153	361
600	821
328	362
908	937
281	775
286	890
809	931
799	886
86	950
903	943
232	775
755	816
507	714
820	945
162	945
808	827
899	945
439	472
70	834
856	989
4	480
910	996
473	958
242	537
789	935
123	845
665	899
866	889
463	950
549	953
466	955
89	968
345	894
708	717
245	727
584	947
9	716
262	896
947	999
410	794
757	838
60	681
357	904
637	958
158	960
359	950
326	544
570	904
192	958
426	896
150	961
43	569
391	794
382	974
333	789
481	687
458	969
411	857
309	846
17	445
523	805
127	805
844	897
181	287
547	610
590	980
309	967
698	779
55	821
705	903
415	575
714	908
610	787
832	863
559	741
378	400
56	349
811	925
635	736
351	977
833	980
65	583
612	981
791	983
689	972
890	962
532	988
821	862
270	988
962	986
459	860
464	975
794	850
684	978
744	992
904	981
21	405
895	932
251	867
633	932
493	629
897	978
377	417
186	886
869	916
192	637
457	827
616	820
965	974
984	987
621	935
692	815
237	945
33	886
644	774
795	943
459	994
693	932
500	766
272	350
549	887
12	948
370	427
586	954
79	894
294	782
132	491
202	964
783	946
755	884
347	830
617	654
364	962
102	962
28	784
179	953
550	600
734	946
30	564
750	890
172	913
273	965
39	798
829	954
634	715
787	957
146	897
643	949
90	736
673	791
879	896
144	972
510	541
474	847
221	438
648	734
565	736
336	913
699	965
229	787
220	967
490	562
136	973
733	963
516	965
356	747
414	954
615	678
367	613
680	844
129	970
462	621
797	840
337	855
65	396
51	232
166	973
101	349
221	680
326	962
400	911
284	736
176	385
219	984
379	973
830	909
524	802
515	982
4	803
408	627
633	974
867	912
449	924
204	568
930	968
368	447
318	855
547	678
626	971
645	984
4	924
78	873
381	645
515	874
298	876
339	648
839	971
880	972
792	859
448	820
52	591
117	986
561	697
934	979
846	866
978	985
656	971
628	643
283	874
369	877
355	979
66	876
503	877
607	934
146	347
901	923
285	654
725	926
862	931
447	689
669	765
402	946
313	874
795	877
82	941
247	291
579	764
178	420
725	818
480	987
359	697
397	989
512	939
223	836
176	990
405	813
479	762
639	751
231	431
630	931
487	882
10	957
808	937
505	936
44	312
49	656
250	646
218	842
685	988
905	991
165	952
338	880
679	944
940	985
852	872
447	823
829	888
722	762
229	600
850	947
863	886
321	603
882	899
558	775
604	891
277	496
172	968
199	842
474	552
638	660
280	952
63	954
154	547
134	834
857	963
721	779
592	665
812	897
294	971
85	568
766	966
631	778
49	93
708	961
840	888
886	967
830	843
164	982
76	869
590	861
510	838
548	864
534	966
854	907
228	630
214	695
907	918
92	971
804	911
69	987
397	789
429	741
742	972
943	962
203	923
337	923
511	810
557	926
617	977
491	572
895	921
936	959
335	998
278	464
825	862
267	800
723	851
552	703
371	399
615	759
279	810
163	864
545	929
581	623
256	826
144	356
23	66
767	978
304	988
156	824
95	585
375	639
282	411
194	298
182	998
779	988
834	924
894	975
154	936
66	823
93	660
280	752
170	880
827	921
868	922
973	975
395	998
783	814
688	991
545	942
686	881
746	932
653	704
732	768
138	295
704	935
187	416
607	773
422	993
227	717
287	768
180	642
636	656
801	989
672	875
584	991
396	940
657	715
910	932
500	768
701	758
190	956
308	948
46	719
701	879
866	946
747	766
320	958
741	951
636	669
430	537
583	779
836	959
137	958
835	1000
824	841
232	966
782	844
854	949
620	782
501	602
31	387
132	735
756	828
720	905
525	666
62	676
441	672
367	494
262	966
872	895
539	951
318	723
571	903
166	854
288	551
647	669
638	849
416	736
779	788
321	913
489	726
816	855
184	615
492	731
65	398
240	924
284	967
344	981
215	867
531	844
756	962
728	863
621	737
934	968
918	960
161	752
785	845
403	514
105	857
721	860
559	798
927	965
397	736
624	927
911	957
668	970
184	857
43	881
201	272
629	978
207	989
18	824
716	866
702	968
807	984
504	983
58	637
545	984
154	870
61	642
99	934
119	997
790	936
134	339
471	927
572	979
792	982
594	997
828	935
566	935
822	861
404	873
371	696
598	887
568	981
769	971
788	984
339	892
487	992
781	981
201	406
528	535
321	471
868	869
252	371
596	935
496	997
857	939
917	990
810	864
595	710
889	928
223	838
405	815
787	880
625	818
658	766
878	998
179	997
690	947
745	883
951	988
146	591
762	823
299	833
767	938
868	990
285	669
646	877
706	928
117	533
769	984
535	817
53	777
172	728
139	551
836	893
99	600
238	944
164	729
150	831
67	833
282	721
306	849
235	380
452	903
726	883
220	782
674	952
701	826
866	893
632	726
852	995
361	906
562	667
620	837
124	670
859	890
518	597
74	849
127	675
817	893
233	842
775	896
291	783
351	834
525	721
923	996
474	904
441	727
914	947
933	960
611	909
104	849
16	965
742	840
782	912
372	785
839	894
154	791
407	971
126	463
728	797
777	955
37	916
240	750
243	984
210	578
228	861
42	442
751	902
281	458
236	981
654	740
547	614
612	743
505	617
548	987
881	904
163	853
306	407
433	448
102	119
360	643
698	904
40	638
408	805
821	974
447	504
600	746
476	976
913	977
572	684
484	800
508	928
640	818
612	985
390	872
832	988
276	807
155	517
669	701
707	993
908	983
490	995
663	923
267	923
441	995
29	233
380	985
894	977
517	990
591	939
691	877
449	526
252	426
274	710
12	939
829	932
268	370
512	996
672	985
806	985
33	998
234	759
841	942
665	945
68	726
53	832
856	927
529	532
726	817
60	727
197	732
838	994
213	942
631	701
595	778
741	832
586	958
553	781
157	552
831	991
671	773
627	932
49	955
968	996
866	948
81	907
134	770
260	909
461	899
433	837
689	763
157	902
372	827
754	892
666	779
363	778
657	730
305	773
472	950
384	837
48	851
273	969
647	658
745	964
624	674
803	905
687	730
659	897
566	669
617	900
161	620
414	837
796	902
735	892
210	741
638	959
399	448
569	859
167	327
55	988
578	800
132	979
302	865
781	836
703	916
721	970
182	921
526	731
858	975
536	924
176	618
622	964
181	467
673	929
15	929
937	975
92	920
293	644
549	570
174	464
8	926
765	868
223	585
770	983
811	984
952	960
901	914
106	939
758	865
359	567
880	976
603	927
214	886
162	696
468	739
68	768
651	860
785	860
463	809
790	938
642	811
356	417
521	750
556	973
971	986
377	476
487	873
910	976
332	999
662	874
679	814
39	602
880	989
773	863
396	876
690	828
734	871
343	986
940	976
665	771
329	822
852	863
595	941
778	833
354	1000
280	822
472	992
627	637
725	943
852	984
403	892
477	841
733	767
585	640
650	769
829	1000
842	939
479	887
245	720
424	951
625	941
947	992
418	648
456	903
5	738
896	946
622	643
467	769
85	438
164	731
539	645
618	938
899	951
752	938
26	797
898	992
768	882
405	830
372	653
859	1000
611	898
578	721
237	428
283	315
546	954
219	559
558	779
852	997
893	998
502	847
634	774
798	882
159	895
467	782
61	94
520	608
48	798
189	508
617	955
161	675
199	967
218	980
317	959
754	960
129	908
830	955
310	919
530	959
645	909
750	962
906	950
212	798
353	737
661	853
867	958
900	906
886	971
724	909
944	949
230	788
4	970
169	283
394	630
853	915
350	560
603	740
536	750
319	981
737	740
194	986
156	465
161	809
54	683
504	919
289	994
325	688
462	922
484	681
88	452
431	525
257	409
535	619
490	876
186	879
506	820
225	807
189	884
375	522
554	753
707	995
387	990
943	979
202	944
945	988
246	987
917	926
72	605
760	979
919	972
556	920
198	946
387	882
748	861
780	813
73	951
370	420
810	921
414	692
309	410
755	756
341	887
905	929
229	417
487	941
602	928
547	992
146	648
924	942
965	980
984	993
968	985
82	892
747	757
898	926
53	834
222	377
361	950
878	947
652	870
243	436
979	999
368	882
514	936
541	773
701	762
252	670
558	713
893	932
609	944
956	988
262	836
132	726
838	888
180	888
254	837
268	735
317	893
611	845
960	999
148	855
668	827
583	904
696	781
300	552
847	950
939	953
427	512
523	974
108	732
724	964
116	327
42	149
830	902
331	925
64	810
550	969
770	972
484	615
608	910
901	903
502	928
216	571
91	805
130	504
38	915
698	961
670	862
293	646
432	990
834	970
751	972
302	880
88	628
693	738
887	981
920	929
73	993
725	919
744	932
964	972
862	924
3	934
199	580
366	757
719	875
383	926
658	865
773	852
864	970
262	407
561	703
244	996
318	982
459	921
423	998
767	808
758	988
558	634
26	544
488	575
424	819
591	996
52	947
776	978
146	582
693	980
421	521
54	993
288	931
403	881
568	985
769	975
61	888
966	994
88	762
778	943
165	716
500	935
252	604
21	708
136	658
480	993
213	649
815	946
130	880
586	894
205	236
413	414
440	776
607	953
266	660
384	881
389	996
475	999
903	951
856	876
133	481
424	953
451	827
835	938
692	889
483	486
611	900
872	941
440	789
159	776
486	905
534	838
826	946
845	959
220	907
435	795
278	323
531	540
522	949
775	900
2	684
733	903
571	841
851	895
243	975
757	967
295	384
527	919
38	499
700	847
411	744
590	975
906	952
68	341
152	978
279	790
17	790
108	679
751	785
541	975
673	865
626	790
698	895
441	973
494	570
955	965
96	975
283	801
897	960
489	906
392	973
532	983
260	524
661	868
567	681
570	686
943	968
651	796
145	170
771	861
408	809
494	812
480	914
821	978
737	984
589	857
957	987
874	989
642	868
848	973
149	935
586	936
341	876
107	709
148	710
437	584
101	894
45	999
642	989
683	990
857	877
380	989
77	951
774	879
875	931
980	984
78	358
121	994
584	755
957	1000
473	887
299	771
421	468
607	887
660	979
357	941
431	890
789	864
678	767
424	887
639	812
861	888
451	761
831	982
74	774
743	869
416	474
357	833
257	895
361	952
231	842
284	705
322	997
919	987
191	248
280	1000
200	482
893	934
287	895
273	731
9	887
606	877
873	992
914	993
129	952
509	944
536	552
352	731
720	898
241	900
141	962
678	901
865	993
879	891
722	944
235	560
606	998
597	949
798	939
471	544
462	724
508	840
668	829
300	433
659	780
557	732
376	657
273	973
221	783
633	727
564	893
803	909
352	973
728	735
923	947
740	974
578	912
160	924
536	915
233	914
682	969
186	802
2	981
392	907
337	971
151	286
846	848
450	619
633	969
480	498
573	689
911	950
291	976
888	966
324	335
614	848
941	977
3	694
70	455
149	748
816	982
580	971
222	997
693	848
524	810
436	926
610	850
614	969
853	985
672	681
806	910
112	987
159	281
725	921
70	697
493	800
140	941
745	755
607	821
679	926
193	952
279	992
917	983
567	870
952	977
850	929
96	467
509	636
588	929
533	993
206	598
445	880
450	995
491	996
434	462
197	549
147	957
720	819
871	988
260	834
576	811
581	926
667	929
446	701
468	985
583	706
61	72
541	709
159	415
899	942
632	827
706	813
697	993
43	203
655	996
829	883
636	717
359	705
553	948
914	927
47	847
685	875
105	300
951	994
192	713
764	875
664	937
823	930
245	953
606	932
988	997
377	843
726	997
743	937
817	886
206	961
770	774
541	951
574	899
541	722
164	735
444	789
634	886
782	784
754	951
671	953
30	856
104	842
668	884
715	730
189	620
254	786
736	789
240	851
381	561
568	653
124	905
298	792
694	792
119	332
31	448
196	781
96	843
657	910
80	340
742	954
599	905
419	974
31	569
592	902
793	892
283	561
319	743
869	887
112	679
411	975
175	964
183	330
386	918
802	833
784	964
203	918
170	741
860	959
290	577
596	849
837	975
513	851
399	749
705	792
520	975
126	590
346	859
673	988
450	916
469	929
670	919
931	960
908	976
760	849
94	988
56	238
649	981
1	945
384	454
274	582
282	406
619	994
655	688
42	461
214	945
371	865
753	930
790	997
359	747
873	968
905	920
473	768
780	925
250	696
604	699
246	991
15	304
488	753
278	943
240	422
116	652
553	653
878	938
778	1000
630	873
542	989
896	992
426	814
627	804
491	943
972	987
328	656
644	892
592	702
671	995
528	946
77	256
530	992
375	889
722	933
391	833
363	1000
960	990
110	325
836	954
178	954
324	779
692	946
576	1000
414	938
309	656
395	430
782	839
606	879
410	967
592	715
578	780
743	884
701	887
761	901
764	943
606	1000
680	949
840	938
900	952
437	962
944	995
319	677
731	887
805	836
791	901
469	621
867	896
812	960
300	785
332	737
693	716
846	958
32	216
240	919
147	691
23	921
344	976
591	853
173	865
462	739
489	842
214	637
219	981
503	511
272	844
236	921
593	670
230	618
579	735
772	901
338	380
123	226
58	511
306	347
127	870
209	909
471	680
682	863
112	976
198	750
156	753
483	919
395	806
108	978
779	917
677	906
85	994
126	766
709	858
368	565
855	912
304	809
698	965
598	990
832	928
918	968
978	982
307	814
329	573
482	815
325	868
633	984
834	974
751	976
415	990
748	907
903	929
619	941
801	918
880	982
308	756
98	946
896	926
841	990
445	990
477	942
494	882
554	933
746	874
498	772
314	951
355	989
951	983
970	996
514	753
555	754
178	767
338	756
766	937
577	772
40	833
255	758
722	867
39	608
162	944
625	705
864	987
127	428
32	605
747	816
169	839
563	995
194	603
451	939
933	942
432	660
671	942
555	996
546	947
140	259
847	875
925	943
111	955
666	719
564	937
456	909
710	762
608	714
921	945
126	216
764	998
805	999
590	845
870	899
97	683
317	952
620	724
677	706
407	845
90	909
434	719
346	606
392	722
925	956
6	686
837	843
329	373
50	958
248	973
564	950
13	847
536	851
420	676
332	563
538	897
612	846
557	910
700	730
139	922
703	964
59	670
91	622
378	386
116	386
11	858
682	797
594	913
459	725
192	381
615	972
413	794
380	617
182	861
163	619
705	902
11	979
809	959
943	959
186	751
363	384
640	921
681	959
901	962
712	797
101	872
483	974
524	975
450	797
904	967
348	749
559	969
793	907
709	913
201	443
98	759
874	980
239	469
602	908
239	590
505	746
265	993
792	924
938	978
167	872
215	354
555	688
156	942
233	408
651	921
871	924
774	991
741	814
70	646
686	878
727	916
556	805
597	806
437	588
965	973
266	706
646	927
632	763
843	983
917	932
961	975
625	760
432	594
344	481
528	827
192	649
753	945
357	945
794	983
664	873
442	760
576	989
139	722
259	824
845	884
850	999
798	809
965	986
588	999
8	424
844	925
154	478
882	951
183	950
458	889
664	994
488	997
782	949
823	987
364	961
270	545
490	548
252	905
613	884
571	658
810	940
870	954
419	789
155	191
265	551
531	707
168	618
13	781
641	838
384	953
444	967
717	833
390	438
942	951
518	889
196	838
872	892
11	563
398	972
525	784
307	561
386	854
633	731
724	849
605	669
911	941
285	398
469	973
152	808
105	962
661	685
702	723
807	968
499	623
416	854
493	549
350	500
681	785
73	865
496	968
307	803
353	919
876	960
895	973
628	858
75	682
825	914
809	906
552	984
211	691
285	640
716	863
807	981
526	968
286	986
203	988
244	760
612	927
376	916
799	982
577	640
353	932
554	922
191	870
573	935
177	935
461	465
369	876
584	801
594	994
506	881
621	868
712	986
290	997
885	914
744	938
458	581
530	686
801	920
565	643
83	411
602	976
795	876
165	709
435	533
882	993
68	776
34	640
208	527
116	938
179	994
574	769
338	758
659	813
692	761
912	993
227	890
172	725
342	648
947	987
685	987
456	898
542	938
158	948
469	544
856	990
942	993
248	841
831	933
36	433
613	710
562	893
469	665
648	667
969	988
23	615
611	785
462	662
481	675
71	777
527	791
291	551
340	672
40	380
721	778
913	948
849	963
250	900
761	850
387	609
906	945
276	778
703	845
510	716
925	958
226	957
647	950
659	960
103	742
557	912
717	901
39	986
601	955
661	740
490	858
435	922
605	845
443	783
825	848
503	797
508	912
267	557
244	802
406	635
827	894
538	791
445	563
1	815
629	909
535	722
691	969
672	727
765	918
806	956
121	624
303	335
506	923
547	961
165	630
459	848
161	925
427	815
862	972
936	958
614	907
760	961
259	679
314	874
410	582
663	799
28	288
542	738
115	930
51	649
469	933
18	997
771	975
568	912
683	862
265	874
688	977
540	813
908	980
465	639
503	931
759	857
809	974
303	348
676	859
184	922
533	810
505	977
679	864
753	813
799	929
904	982
232	818
399	995
774	872
383	987
460	682
820	988
919	967
322	748
957	993
808	870
887	934
899	988
632	644
577	708
296	695
475	926
771	988
783	813
516	698
857	991
254	698
366	939
548	650
322	869
74	767
19	831
984	988
706	980
632	765
747	752
843	985
72	842
70	998
180	641
581	985
446	760
124	480
456	953
671	878
817	932
963	986
440	716
720	770
972	991
829	942
111	891
235	432
326	816
534	994
713	996
975	996
861	894
745	948
504	593
743	875
784	876
266	950
71	711
269	955
664	996
29	485
180	883
638	943
75	308
388	539
467	832
412	896
508	833
613	886
682	720
701	999
833	889
516	953
731	878
53	963
342	837
750	891
956	996
648	843
97	969
653	958
9	893
69	907
652	999
492	717
342	958
923	940
78	848
568	712
513	776
642	661
721	954
941	957
985	1000
622	948
236	912
254	966
469	854
463	551
575	728
709	957
367	964
40	340
702	954
399	916
108	740
751	846
140	921
19	402
767	790
574	624
257	688
469	867
491	626
633	975
719	978
705	851
498	750
825	916
709	970
201	271
588	680
426	618
885	903
744	927
301	623
862	919
922	970
378	806
732	809
896	917
199	696
672	916
56	647
369	878
792	981
952	970
267	867
112	993
690	933
767	924
379	519
458	812
155	811
232	994
433	755
364	884
80	896
79	937
588	814
495	586
440	650
500	930
309	581
340	419
878	997
726	869
690	946
808	938
935	979
44	542
829	997
502	602
42	883
861	949
759	938
321	941
440	892
365	718
136	895
898	989
39	962
87	481
161	430
454	948
627	876
766	954
562	895
166	895
216	258
666	723
845	954
504	661
237	546
256	559
844	995
402	613
536	842
580	656
136	908
678	962
442	951
194	849
851	890
317	956
7	205
91	613
798	1000
476	949
550	898
75	605
453	965
613	954
635	713
580	777
131	685
84	839
253	382
805	895
409	895
483	844
925	960
326	897
763	898
138	846
224	849
375	493
858	906
536	855
11	970
622	895
751	780
429	500
649	732
258	618
860	952
472	547
749	855
314	863
300	736
957	969
406	866
411	981
827	896
469	922
596	963
62	275
375	506
526	904
490	981
567	676
820	856
608	973
503	691
420	922
943	963
189	989
441	981
80	938
498	697
591	925
677	965
685	789
850	856
547	855
596	976
133	986
871	915
771	977
609	686
130	917
484	920
429	984
51	772
445	699
44	355
771	869
898	910
301	691
47	774
509	576
60	484
478	997
51	893
271	933
813	987
21	758
562	816
507	880
975	985
149	943
933	988
542	874
924	939
882	942
692	818
945	998
241	882
664	985
865	975
460	926
584	992
157	659
354	944
443	464
838	993
912	942
557	714
273	955
422	526
548	665
872	991
784	878
729	942
250	944
145	662
530	998
225	362
356	845
455	824
59	595
534	888
331	788
699	955
432	840
564	996
42	133
85	503
673	902
525	775
497	942
516	955
953	956
139	968
362	488
694	961
854	950
105	832
224	783
231	971
55	974
825	892
407	904
44	852
930	945
341	550
62	906
103	907
327	386
802	881
702	714
523	971
705	948
691	784
200	961
682	964
434	899
508	848
814	891
459	663
571	904
