670	846
413	961
480	722
289	925
550	966
911	945
930	958
608	907
681	897
800	848
464	899
323	923
739	838
412	443
422	902
362	622
496	851
31	751
614	843
941	972
556	838
290	867
665	744
614	964
36	987
268	290
237	748
278	749
746	854
424	803
341	805
248	577
272	971
373	757
712	977
445	862
579	862
799	865
269	407
153	461
669	755
922	972
211	816
794	908
560	741
118	359
362	985
128	818
875	981
126	893
652	680
662	873
505	926
255	980
288	928
725	929
199	819
581	921
218	832
405	924
584	926
162	937
726	750
456	889
542	929
863	984
393	806
679	934
579	996
357	883
665	999
780	986
799	999
835	922
940	975
766	822
241	937
659	696
447	813
438	993
875	994
768	868
658	996
437	997
789	927
206	606
863	876
935	981
112	190
590	946
650	997
287	945
810	986
722	873
326	873
188	414
694	774
551	991
845	943
757	830
13	827
385	958
228	486
921	938
576	940
717	879
735	933
294	961
151	912
104	837
659	830
731	935
629	887
166	897
226	948
666	954
740	903
564	943
44	907
407	730
453	846
167	489
483	954
254	902
777	943
400	956
501	779
275	961
13	961
489	890
888	895
791	962
207	911
619	626
663	898
38	846
684	957
670	793
36	921
578	975
490	862
572	901
897	957
14	344
579	796
161	808
628	917
320	572
493	729
542	621
684	970
26	704
408	806
494	809
862	976
669	810
3	986
306	758
297	975
512	863
10	881
519	758
832	989
431	645
711	928
475	688
452	933
908	984
512	984
565	581
267	924
809	978
924	928
132	699
459	865
82	878
577	820
318	337
787	815
778	995
564	743
776	922
238	987
835	977
899	992
491	938
95	938
72	954
861	885
551	696
123	892
646	933
150	766
530	987
838	874
645	708
180	874
125	938
213	822
483	646
479	941
565	715
363	995
146	997
127	718
151	846
94	312
137	948
233	656
539	928
305	761
824	831
865	869
669	957
956	987
185	844
410	962
677	754
844	931
319	780
701	882
847	936
907	950
805	939
208	720
689	764
661	665
105	484
325	487
118	911
300	659
599	955
645	842
772	883
505	539
73	616
105	834
224	785
517	778
498	499
681	886
492	721
276	837
804	956
205	893
675	842
55	868
584	660
302	745
781	945
714	955
318	955
693	832
381	745
422	783
193	923
403	504
895	966
480	724
614	953
70	560
180	203
470	679
828	912
635	783
362	853
785	956
615	804
273	515
883	969
602	727
473	805
426	730
712	858
389	848
427	874
405	563
234	681
753	980
827	966
362	866
783	859
746	977
262	864
718	915
883	982
822	972
271	869
794	910
829	867
414	625
33	933
863	865
192	697
439	574
530	921
912	986
609	985
669	999
636	822
669	770
567	988
340	531
378	823
460	862
796	811
861	940
382	942
905	983
822	985
335	601
486	770
780	988
379	644
384	988
747	811
126	198
590	827
521	993
414	867
39	724
856	983
870	881
400	703
410	896
338	993
742	817
324	829
866	883
852	985
236	716
750	937
226	937
928	943
69	724
363	942
531	755
756	873
981	991
57	606
805	994
6	789
881	989
532	606
814	935
309	719
703	838
235	504
499	550
927	997
187	958
261	907
531	768
839	884
323	967
180	955
579	664
730	833
620	961
853	903
435	915
99	966
654	959
814	948
828	846
93	397
103	856
309	961
610	889
156	453
906	951
394	510
292	728
589	951
295	504
162	618
448	746
635	838
962	967
533	561
920	970
524	970
376	843
579	677
697	898
936	951
834	903
471	851
894	954
401	792
712	913
376	964
73	926
725	852
207	926
771	968
193	991
843	844
259	564
404	918
478	867
257	868
744	986
21	628
843	965
554	862
251	272
850	860
868	914
54	926
780	801
274	929
310	586
637	752
375	981
31	942
311	996
526	921
586	935
873	965
245	642
211	994
390	996
558	809
926	976
525	632
637	873
764	914
521	927
323	417
361	709
502	648
875	930
331	766
317	868
960	974
762	989
354	935
238	989
433	935
166	591
451	989
632	771
576	876
826	987
583	1000
550	823
944	979
443	468
300	419
439	992
291	828
439	763
571	882
731	871
879	998
10	320
428	833
433	948
956	989
534	1000
418	825
270	661
710	933
784	882
333	946
173	728
608	656
324	897
360	554
847	938
124	957
754	895
316	898
531	823
295	546
140	672
346	777
351	892
566	780
915	934
362	492
193	683
353	672
559	777
812	957
416	957
237	497
355	718
401	834
888	952
409	954
846	955
739	829
240	916
702	947
55	870
130	492
517	901
126	750
24	739
800	960
874	909
390	796
725	786
18	924
937	965
531	957
605	906
691	909
663	847
869	952
198	747
313	734
681	901
712	968
846	968
109	675
288	906
719	863
966	969
883	971
299	920
535	904
688	917
719	984
875	972
727	845
106	232
878	977
470	694
55	415
247	622
712	981
238	802
799	869
871	974
843	912
89	938
861	929
759	918
33	814
206	476
271	871
940	966
155	925
623	993
260	941
301	979
664	802
783	982
342	522
741	985
667	807
653	872
59	170
157	705
831	915
327	887
657	762
588	928
257	828
136	767
122	603
870	991
741	877
317	815
542	933
523	654
187	705
132	769
440	885
302	426
775	875
197	898
140	364
412	823
486	772
866	993
219	428
731	805
502	716
639	987
21	120
532	595
798	980
687	883
645	657
331	955
969	983
565	893
735	816
229	944
5	970
643	998
421	885
10	496
442	944
645	778
717	883
796	947
837	948
675	886
881	991
705	765
751	881
393	944
696	716
360	730
805	888
906	940
505	596
598	787
648	904
928	958
75	490
462	899
520	611
593	830
620	963
790	849
802	940
279	670
535	596
311	851
311	622
605	840
149	560
737	959
503	792
396	437
673	974
165	504
299	733
579	787
610	891
156	455
887	903
950	959
64	866
265	627
204	617
462	912
448	977
88	671
484	671
723	953
79	851
234	496
365	979
487	676
506	689
299	625
739	897
596	848
711	798
744	746
399	977
820	970
4	155
52	869
170	861
679	967
304	861
519	749
813	967
665	803
436	980
637	741
650	680
774	975
204	630
160	523
280	854
421	564
321	626
333	451
104	628
524	985
342	685
259	687
245	523
639	679
396	921
298	349
910	913
178	698
618	741
711	932
26	829
774	988
350	926
592	688
924	932
242	575
285	945
882	935
546	986
539	798
577	824
26	950
2	364
898	916
631	801
337	354
636	650
768	806
451	870
129	819
778	999
817	927
775	930
516	935
872	984
891	997
701	873
636	892
617	650
496	589
928	1000
372	819
143	959
303	948
187	773
247	824
462	712
44	724
539	932
370	894
411	895
180	770
171	950
735	992
413	712
740	841
550	946
335	792
626	941
731	994
483	892
865	994
377	910
53	261
591	839
985	995
302	736
539	945
57	905
351	894
621	718
698	938
32	323
953	962
367	838
894	998
218	449
253	672
594	736
566	903
290	739
197	282
596	782
329	438
609	721
75	787
144	392
663	957
85	980
420	970
131	867
795	847
327	513
698	951
785	839
730	903
769	831
91	916
707	919
3	803
691	911
811	976
704	850
112	975
929	968
153	454
922	965
686	917
746	968
966	971
341	919
470	804
883	973
458	686
637	917
810	845
773	963
584	798
46	863
910	968
373	992
170	929
393	678
290	994
706	909
799	871
315	758
447	914
667	917
149	991
840	845
685	971
537	807
341	932
778	933
113	516
752	917
783	984
273	882
61	999
713	925
179	991
564	802
329	935
852	976
291	414
678	823
282	823
447	927
717	751
648	651
842	931
83	650
652	807
671	820
247	987
388	697
729	761
921	931
866	995
365	713
62	712
139	895
345	771
36	659
148	900
330	877
597	992
812	880
335	955
756	985
775	998
66	538
453	947
635	695
136	782
277	721
414	992
708	944
78	777
298	780
988	998
564	936
638	885
94	492
402	608
525	944
409	769
923	990
138	949
96	952
531	880
872	944
765	781
272	656
645	901
552	673
483	839
906	942
925	955
763	893
890	934
656	767
386	906
867	950
578	847
490	963
589	942
503	673
262	318
943	945
640	678
178	324
837	963
22	750
536	971
809	837
869	888
459	724
612	966
21	498
931	948
158	732
8	973
605	963
336	509
322	611
841	910
106	986
178	337
744	977
790	864
67	506
862	969
259	676
405	730
470	630
74	630
19	694
308	568
957	977
332	925
753	918
813	969
472	676
188	917
799	805
306	872
565	574
275	512
835	849
725	977
945	980
783	918
898	905
616	926
676	977
808	867
574	700
477	996
361	821
595	759
732	993
933	983
606	625
74	993
377	765
509	921
583	870
65	944
192	985
720	875
665	939
398	824
384	926
819	854
884	983
144	944
180	638
479	934
639	923
157	883
743	980
266	826
164	778
136	945
7	831
134	872
263	757
310	603
392	642
442	988
659	757
240	773
493	990
534	991
675	701
933	996
872	986
206	896
495	770
527	951
145	657
525	878
866	942
731	983
708	999
842	999
416	827
657	953
228	776
440	955
668	819
626	822
777	991
529	889
955	997
605	884
27	907
278	489
261	845
173	961
333	950
462	835
946	948
527	964
250	952
687	953
814	994
869	930
406	674
772	997
268	969
205	657
64	681
922	941
705	943
531	827
691	779
462	956
985	997
709	833
129	258
681	1000
492	835
258	668
612	900
804	841
312	904
788	833
380	779
633	959
867	897
77	512
167	900
415	736
682	851
520	789
728	967
450	959
524	908
45	910
587	964
339	862
862	903
443	956
383	676
498	626
184	961
43	985
230	848
101	926
235	926
524	800
18	928
119	980
530	551
301	728
876	959
191	856
889	898
853	975
286	864
492	969
115	982
618	785
241	569
320	862
325	977
540	865
765	983
966	973
110	234
588	798
794	903
739	967
219	406
361	755
722	734
551	852
680	737
382	814
616	752
588	919
970	984
156	996
500	806
52	121
609	978
337	519
540	878
414	739
727	970
221	344
405	919
528	989
519	940
720	930
780	981
940	970
799	994
310	766
857	935
939	974
942	979
914	917
396	991
55	661
196	408
528	881
569	653
211	945
285	894
829	994
419	830
405	932
391	997
446	704
518	809
583	938
641	879
866	997
365	715
590	833
562	1000
722	989
221	707
534	938
515	659
532	828
900	995
666	828
812	882
798	984
872	933
476	933
830	936
723	810
415	428
2	784
717	995
328	954
562	892
826	938
187	951
930	995
756	879
742	944
71	776
48	792
529	836
441	952
689	825
386	787
932	960
30	859
874	955
846	893
175	725
832	958
18	970
529	957
596	718
818	831
100	551
283	901
355	777
640	909
566	731
607	732
524	963
271	554
183	670
395	849
706	711
196	905
22	981
311	855
655	665
416	908
591	909
498	681
131	924
43	811
552	917
46	328
390	855
804	909
688	963
72	694
108	913
581	608
484	904
561	858
368	729
885	955
71	213
582	917
164	175
623	689
595	856
487	801
795	917
660	958
693	906
293	935
351	388
573	989
400	509
713	969
606	614
267	919
253	984
662	923
285	936
646	915
945	982
576	856
903	985
264	998
386	466
229	748
262	696
298	353
41	468
121	168
150	869
477	998
711	936
604	810
678	759
134	632
213	925
870	929
507	877
331	651
715	762
604	931
678	880
282	880
125	933
20	651
276	577
736	821
265	418
242	700
209	294
720	998
530	874
511	595
956	982
474	942
735	983
188	356
317	995
303	831
791	999
601	875
881	929
839	932
66	716
701	998
379	947
425	834
139	965
703	778
436	663
548	904
587	832
702	819
14	970
142	603
615	786
587	953
737	897
547	773
640	735
767	776
376	891
790	908
587	845
614	948
36	971
503	851
429	673
649	676
332	969
929	959
712	961
323	920
161	858
684	899
348	684
526	956
600	905
765	972
553	564
883	964
693	840
758	969
832	918
670	856
577	628
471	912
322	789
575	969
244	869
887	975
329	913
744	926
293	990
208	394
347	967
283	982
289	467
354	862
836	865
173	292
155	918
268	529
77	998
875	978
639	967
792	980
597	970
891	922
412	924
486	873
868	975
68	885
131	416
683	929
347	980
636	817
171	983
410	999
666	696
330	747
578	583
220	875
528	991
416	521
321	927
440	878
643	978
877	916
660	918
186	473
425	755
604	986
819	911
857	937
669	886
359	926
689	801
942	981
201	983
289	601
546	937
733	763
304	586
409	639
648	884
518	811
583	940
25	878
481	892
154	534
902	922
722	991
240	722
534	940
432	892
573	602
624	833
407	835
305	824
673	954
153	955
285	320
818	820
106	614
185	907
197	207
300	830
23	27
369	435
673	846
103	959
106	964
1	682
923	994
12	548
661	728
215	907
619	731
806	823
682	787
552	906
15	967
299	497
409	894
395	959
430	953
724	905
30	982
723	946
24	908
24	679
739	890
450	787
609	780
746	785
517	962
295	620
635	954
931	952
788	903
130	903
75	967
42	790
883	911
862	973
561	981
583	740
514	906
662	804
574	920
271	919
417	973
150	629
637	976
334	975
931	965
650	686
493	968
322	857
10	999
11	406
250	688
766	982
637	868
287	984
884	974
567	809
500	984
849	872
150	871
379	465
752	976
838	979
493	981
422	512
364	830
363	871
432	476
523	594
569	939
756	802
486	941
646	930
673	767
67	994
406	423
356	831
488	987
101	312
928	993
592	815
456	954
757	882
522	756
641	707
835	987
227	838
576	992
400	766
138	766
721	821
611	949
344	834
449	887
75	417
365	893
444	957
277	551
240	898
532	777
526	703
531	818
839	934
858	947
589	759
663	708
117	949
533	598
381	729
721	834
633	950
292	657
886	901
388	890
770	955
663	829
608	893
508	955
547	654
700	896
786	899
166	962
210	739
22	917
707	791
415	848
79	670
63	662
426	485
618	655
311	912
727	827
619	799
760	775
112	968
230	960
390	912
142	847
178	275
496	850
427	979
604	612
265	917
655	843
457	858
658	848
551	722
281	632
248	455
17	34
695	915
514	840
841	969
247	496
753	856
706	781
375	910
540	977
452	635
138	445
575	971
327	869
910	961
60	525
748	899
113	388
271	974
68	874
379	507
447	907
966	977
644	697
537	571
542	915
743	905
55	302
35	818
458	692
958	978
259	977
741	980
83	522
220	985
514	974
32	934
472	977
351	687
444	878
871	982
222	536
488	921
754	811
905	980
509	751
674	818
324	934
780	985
35	831
835	921
477	947
626	747
301	987
783	990
650	875
933	934
495	708
692	993
585	867
912	996
332	421
953	997
906	922
307	593
515	771
648	657
9	936
113	993
261	891
118	842
420	655
425	999
544	950
819	926
543	991
617	940
854	883
358	945
545	771
550	886
443	760
572	645
481	786
116	136
613	942
687	891
313	650
598	782
101	501
703	835
166	896
343	529
515	784
573	725
61	550
751	768
640	900
593	825
675	894
790	844
56	327
291	904
93	394
693	884
519	731
293	913
7	327
628	674
723	948
883	900
387	962
390	738
656	894
843	949
394	857
862	962
452	569
718	954
897	956
451	610
776	895
602	779
676	728
65	803
712	910
216	972
252	400
790	978
609	903
683	852
788	905
801	844
567	677
135	983
415	808
289	403
63	851
211	749
885	959
384	677
544	629
771	857
433	798
378	862
801	965
383	977
391	801
603	980
625	739
938	970
148	814
646	798
351	621
586	932
787	922
107	934
704	924
349	696
560	916
431	994
109	980
200	344
81	881
571	745
48	475
378	875
815	876
479	927
424	991
322	980
597	919
798	909
817	922
178	935
613	863
838	981
254	930
557	702
553	997
518	747
863	930
481	599
613	984
150	994
2	830
404	581
342	935
543	925
428	709
562	938
620	879
321	997
775	938
816	939
668	812
520	648
511	599
92	881
955	990
740	836
738	992
578	774
886	890
435	954
203	833
115	720
194	784
867	998
578	895
443	707
135	554
536	898
943	993
337	954
146	191
505	767
918	936
735	1000
568	594
614	939
788	826
172	328
526	826
812	954
867	890
256	736
586	611
806	880
508	957
929	950
464	887
268	975
436	788
64	916
191	957
862	896
297	895
245	439
162	441
98	914
318	954
156	855
610	833
279	962
353	911
480	952
683	786
251	900
672	893
214	981
503	855
198	973
387	909
509	606
910	950
552	976
211	683
519	799
73	978
267	965
19	863
781	957
127	396
896	907
607	804
560	958
197	640
250	503
563	963
582	976
596	911
535	901
917	966
769	839
581	788
39	468
176	968
732	920
19	984
575	973
795	976
543	617
727	963
350	976
685	966
284	622
726	738
127	409
555	627
866	977
558	632
875	982
176	981
224	463
652	910
878	987
836	990
784	800
373	1000
863	864
412	928
701	802
491	992
95	992
447	922
576	807
617	808
722	861
823	913
386	646
102	887
826	918
248	941
14	774
845	931
509	753
237	294
643	982
949	988
49	997
393	807
585	977
538	636
39	952
469	536
856	982
840	974
699	998
647	808
358	705
605	811
242	759
453	713
632	944
590	947
617	821
289	955
325	649
3	598
435	780
691	706
770	999
302	665
117	885
544	952
103	950
318	646
730	819
207	549
243	960
721	999
647	821
377	960
688	822
96	947
756	993
434	942
29	893
832	951
629	888
703	837
656	991
818	824
256	791
911	988
723	937
277	850
538	891
772	829
106	968
596	832
54	549
675	896
279	896
463	488
237	899
719	902
490	850
438	660
457	673
336	383
524	848
64	863
605	958
691	961
586	679
732	733
570	671
704	900
19	797
693	778
288	958
744	972
26	692
790	859
278	913
801	954
732	854
231	572
644	741
896	962
99	389
290	923
347	905
366	918
889	959
336	746
107	923
649	977
864	902
690	749
780	908
147	995
752	846
741	916
273	582
512	864
878	921
373	934
896	975
660	964
82	987
641	685
720	978
250	800
494	931
576	970
29	343
400	744
842	860
289	647
456	824
239	826
762	867
627	679
324	870
733	809
139	824
460	916
845	986
335	655
95	939
544	994
777	973
636	997
634	924
303	824
163	521
421	816
192	993
352	945
527	946
847	924
219	601
420	591
948	976
562	940
23	891
666	997
303	945
798	924
495	886
154	593
626	817
617	997
328	894
587	825
11	894
830	997
525	886
781	812
87	889
367	714
587	946
672	761
154	835
654	892
915	933
684	1000
54	604
97	974
45	784
716	952
177	674
149	841
435	969
589	884
200	843
973	995
848	1000
719	849
283	962
369	736
212	264
864	944
797	954
556	599
635	892
767	782
285	742
753	847
505	782
496	962
394	914
475	610
917	955
232	852
755	893
526	841
658	960
584	782
570	618
850	901
188	967
62	333
545	975
278	860
89	695
218	580
424	914
226	441
78	277
553	570
606	662
514	844
51	817
82	921
151	526
142	972
385	693
598	986
260	927
549	801
783	968
857	917
669	866
74	693
690	925
743	788
747	907
558	742
678	807
494	986
565	866
327	994
146	919
163	334
426	973
660	911
458	925
259	981
942	974
787	871
331	591
220	989
643	863
775	982
255	983
433	989
634	979
763	864
611	766
946	985
416	756
528	997
643	984
132	768
555	871
434	810
805	982
590	828
479	997
446	820
316	710
11	828
434	931
216	479
548	952
782	890
381	546
854	995
909	931
647	931
867	934
344	664
638	882
402	834
223	374
355	759
164	962
167	708
365	952
2	900
423	664
543	995
180	943
758	883
615	834
293	554
209	826
897	934
346	831
376	939
469	901
785	878
730	942
532	957
499	780
430	946
471	947
283	896
572	770
723	939
883	891
401	659
225	662
610	998
496	896
174	616
480	888
380	950
683	722
359	598
22	747
586	789
677	944
350	549
616	668
299	732
612	963
560	773
813	953
68	570
804	904
191	906
503	912
225	904
49	678
684	960
843	953
265	976
862	966
567	789
28	740
195	917
396	907
354	681
662	797
216	976
637	969
790	982
213	907
287	856
843	845
521	794
493	961
116	974
523	574
201	560
316	510
390	984
706	961
329	745
507	980
89	992
856	905
47	995
303	692
481	698
155	979
260	995
475	920
15	410
829	923
815	988
391	697
644	877
159	805
632	988
747	975
296	810
356	824
287	990
39	888
231	829
740	935
132	823
145	762
461	998
571	641
750	872
956	977
109	287
782	824
372	926
757	996
696	757
300	757
527	948
747	988
888	927
860	865
708	996
9	995
418	934
751	814
369	483
346	765
19	370
236	893
559	765
812	945
526	588
71	947
230	940
827	930
216	776
376	765
6	966
147	676
656	819
513	999
663	943
448	789
630	766
57	904
547	768
404	948
533	833
860	999
381	964
937	953
774	895
705	832
228	907
792	949
181	566
308	607
616	723
290	967
469	969
109	663
219	269
408	959
246	897
603	905
718	892
184	958
822	949
734	836
246	789
961	1000
811	975
528	852
491	970
637	795
549	911
193	229
570	741
759	906
905	960
602	959
877	898
266	744
412	798
940	954
403	978
40	926
582	980
958	971
287	803
364	757
565	747
248	811
657	750
743	790
266	865
412	919
114	996
810	965
884	914
829	978
465	930
537	806
377	588
924	986
476	567
541	925
665	991
618	916
141	991
571	804
342	981
958	984
6	766
460	973
680	976
859	978
410	886
418	976
836	994
204	229
13	698
266	878
775	984
525	809
296	986
268	887
82	239
428	647
562	876
610	624
689	917
777	801
969	971
50	701
60	894
710	976
333	989
673	828
392	815
208	994
879	933
483	933
1	664
648	1000
474	884
111	832
983	990
680	989
45	478
592	876
14	899
839	982
435	892
872	930
402	715
448	831
85	779
360	718
728	885
733	1000
263	822
505	584
925	941
221	825
804	880
793	987
471	707
724	887
52	723
346	941
69	138
902	930
207	782
515	898
196	889
182	954
434	946
520	949
547	823
673	962
294	377
423	787
338	420
18	967
188	890
105	892
521	541
688	718
27	972
121	836
809	944
318	892
524	960
338	541
35	503
320	901
394	850
227	444
3	965
760	944
691	844
503	793
459	952
436	968
375	729
600	847
144	567
630	955
794	834
582	914
494	801
282	393
658	909
859	899
597	899
704	796
831	837
98	986
583	735
795	914
123	750
646	791
72	704
144	809
741	799
364	812
295	978
83	570
685	904
451	737
229	624
382	866
762	858
49	922
15	291
601	617
759	974
396	922
537	861
382	987
234	860
5	1000
963	969
720	982
527	587
296	920
190	938
713	979
331	648
284	802
501	571
592	689
564	856
46	930
473	997
302	361
272	455
764	917
249	700
777	856
419	882
157	882
840	912
826	977
900	926
182	646
294	887
742	754
282	769
194	885
631	923
772	862
634	928
854	931
568	574
430	869
58	472
297	754
314	657
668	926
907	942
585	928
800	816
967	993
511	713
593	752
87	651
582	593
40	310
394	542
210	721
388	993
715	893
305	995
742	996
962	999
92	887
441	775
936	983
853	948
677	988
911	926
511	955
598	843
689	998
848	991
283	953
663	945
308	488
24	729
681	999
612	899
753	838
598	964
918	942
197	391
133	901
615	904
686	784
223	794
572	948
746	835
751	950
181	797
43	863
84	901
115	968
827	945
431	679
463	897
438	840
498	854
718	894
478	912
164	456
752	892
563	727
119	979
17	968
176	961
873	889
671	674
693	958
49	856
560	843
269	630
2	515
411	454
442	558
829	967
366	977
507	916
655	851
947	959
317	792
863	965
431	813
563	969
329	802
370	574
158	920
493	910
438	974
135	936
699	978
162	810
69	582
55	647
160	700
558	975
549	926
232	990
414	967
551	972
148	996
844	965
94	238
847	970
632	816
870	873
565	762
201	980
220	993
132	880
517	691
591	640
104	818
398	999
558	988
742	809
814	914
497	978
805	865
969	973
680	870
27	948
624	709
33	241
547	691
428	999
939	986
450	758
680	991
251	814
688	815
435	894
806	807
159	996
374	884
536	717
816	1000
492	876
695	710
800	992
698	981
423	776
827	866
918	984
45	830
661	833
243	845
339	782
619	836
135	494
971	995
322	586
869	984
337	894
698	873
610	989
161	897
684	938
357	543
482	723
568	763
790	839
559	943
397	881
880	998
401	1000
434	948
640	787
679	715
876	1000
110	972
366	898
3	846
605	951
190	672
387	957
211	731
552	795
799	901
85	97
670	787
403	672
716	903
600	957
581	715
779	959
350	782
80	921
264	513
556	887
341	962
575	900
258	964
459	954
588	839
478	967
99	382
101	980
887	906
899	960
711	909
771	960
582	795
158	733
259	785
405	839
528	680
299	857
560	898
472	785
438	908
773	898
849	856
436	983
439	729
389	908
857	976
488	621
512	978
523	807
51	997
371	975
701	850
164	645
766	979
236	750
141	927
172	765
309	740
479	922
498	935
963	971
720	984
486	817
539	909
398	704
617	748
796	979
224	524
358	753
974	985
757	987
44	822
467	925
527	939
439	863
351	979
345	935
842	987
169	184
647	748
583	992
316	877
522	982
921	987
544	1000
534	992
620	995
213	348
812	936
130	350
314	430
869	918
717	820
276	818
648	949
64	898
50	1000
587	939
96	887
760	867
402	893
696	882
709	821
120	951
464	761
202	495
802	985
255	358
894	988
572	708
728	955
198	726
332	955
547	880
814	995
280	536
855	996
846	947
598	845
68	387
174	554
406	796
339	971
719	963
603	788
556	713
649	904
308	611
368	662
354	727
618	773
744	912
95	503
320	850
447	891
163	903
149	968
138	321
341	909
883	963
602	950
68	979
169	802
77	984
42	963
787	851
245	568
195	976
565	738
556	955
368	904
354	969
514	958
280	791
607	920
431	923
447	904
521	853
149	981
616	861
266	977
729	738
197	877
219	407
403	982
623	985
898	961
653	864
620	687
565	751
215	638
523	754
817	972
354	982
421	743
803	808
555	743
90	872
847	851
764	853
631	967
364	882
9	920
842	921
625	923
699	872
726	975
578	811
509	977
528	990
729	980
457	521
266	990
803	929
566	693
241	933
764	974
84	461
222	654
923	967
345	990
9	812
391	877
41	993
453	937
34	990
194	713
851	983
937	986
226	931
909	924
297	811
30	726
167	701
668	754
888	986
425	996
170	706
645	999
212	888
941	997
913	935
70	246
228	832
751	873
770	886
319	950
434	937
608	824
675	999
688	938
573	722
430	939
707	951
605	940
448	956
929	1000
684	940
399	956
922	997
727	758
695	954
24	786
506	789
786	843
665	782
288	832
871	887
293	910
848	940
545	902
490	966
765	905
616	782
506	910
113	427
151	682
607	733
147	977
155	838
945	957
375	841
843	946
760	948
130	781
686	733
773	887
407	500
574	677
546	844
940	1000
549	620
466	851
78	446
713	728
373	808
780	903
463	967
540	921
743	957
440	690
426	792
338	908
711	924
461	978
423	457
464	495
306	875
873	959
891	976
426	913
866	919
447	972
777	847
488	744
708	976
340	580
634	798
796	860
861	989
418	914
437	927
165	993
762	983
963	973
849	871
539	911
599	696
650	927
634	919
226	865
345	816
666	871
906	974
689	976
245	999
504	930
449	994
798	919
8	763
539	924
761	1000
76	897
714	925
819	978
198	365
225	468
879	992
772	866
37	942
510	637
689	868
615	653
255	347
661	769
955	987
578	771
913	990
333	940
407	889
682	828
198	715
874	998
423	833
276	820
482	659
246	648
545	944
182	892
176	589
663	936
792	821
451	528
621	710
478	890
538	941
772	879
450	828
937	946
496	944
408	602
131	967
469	962
40	785
100	836
389	710
334	774
711	724
480	828
526	944
278	842
672	998
326	361
47	451
649	785
676	888
43	975
275	315
426	713
467	485
59	956
609	834
769	823
499	962
273	619
470	904
52	916
850	896
616	729
574	732
38	200
84	87
232	968
581	893
433	729
248	683
662	737
841	968
247	495
544	681
139	632
655	963
479	966
400	444
773	955
354	971
588	909
627	837
761	800
516	740
232	981
777	781
727	960
245	920
92	449
190	984
73	170
405	909
947	963
685	963
330	735
924	979
5	938
660	906
563	973
227	987
34	858
939	964
342	745
92	570
840	958
212	635
699	982
900	972
86	230
597	971
872	910
292	335
891	923
624	808
951	974
333	861
137	986
104	809
351	915
122	826
172	943
557	754
736	985
515	757
534	807
312	694
413	517
745	990
94	471
863	982
448	703
608	692
439	920
2	882
527	767
404	633
645	759
180	925
636	939
730	803
231	890
265	474
330	869
349	882
252	949
520	700
258	471
557	996
340	769
441	821
331	949
854	990
895	991
205	581
69	949
707	711
784	931
869	975
561	593
599	885
20	949
923	982
205	931
329	472
466	477
517	708
594	891
781	983
767	819
276	767
744	835
549	596
526	878
20	252
605	942
809	937
181	614
602	873
288	942
832	840
744	956
348	727
802	934
702	996
485	998
556	878
38	952
313	891
808	833
827	883
486	553
577	671
697	773
994	996
801	830
42	778
806	945
162	843
864	886
676	835
841	902
544	615
683	959
843	948
347	781
820	964
245	733
713	838
281	686
49	565
852	889
378	969
502	510
801	843
588	964
660	840
461	859
356	577
58	920
199	859
460	900
801	964
842	965
625	967
644	980
32	867
701	962
200	451
439	733
838	967
664	851
337	456
595	980
326	792
534	970
147	295
9	856
74	985
418	795
437	808
449	862
173	698
388	623
233	749
481	585
324	867
169	993
907	922
585	679
134	743
461	872
326	913
667	977
861	991
102	939
960	970
481	935
701	975
238	985
558	926
819	967
571	865
645	814
617	752
749	871
422	513
518	975
797	804
814	973
654	755
29	703
590	999
409	695
629	927
469	709
260	306
858	935
944	975
283	475
104	998
816	938
902	978
277	889
373	597
483	994
612	879
777	983
510	868
4	996
515	717
413	935
518	988
788	812
913	992
770	943
503	828
830	994
833	999
134	998
206	312
698	811
684	876
785	928
730	992
568	930
802	868
702	930
517	884
459	879
800	943
464	994
119	959
7	489
876	938
196	950
848	876
655	710
894	992
355	943
116	432
322	766
360	792
101	797
887	952
463	890
496	838
325	956
755	769
727	936
457	846
778	901
621	954
781	943
646	718
535	887
683	785
834	954
195	967
878	960
690	909
363	551
776	949
693	951
753	965
519	798
11	328
30	341
389	954
347	957
466	908
366	970
129	505
528	968
440	855
44	626
866	963
618	898
747	783
329	795
678	912
857	914
53	860
815	917
634	842
400	675
102	981
658	970
262	741
597	960
485	490
652	667
745	858
849	915
706	903
453	457
805	845
309	678
433	973
452	986
221	336
248	927
325	393
176	270
866	976
632	809
444	987
733	861
19	57
680	971
699	984
300	686
935	968
687	866
332	638
673	702
254	984
133	465
231	1000
27	941
486	997
16	819
599	874
7	999
502	941
562	992
221	928
469	764
455	866
648	766
923	971
620	933
721	985
721	756
858	990
13	935
591	646
374	648
272	866
131	890
10	600
906	923
183	299
367	874
909	928
413	990
628	649
666	941
807	880
927	982
484	641
71	997
346	936
557	890
629	995
307	944
510	815
436	600
12	538
559	936
714	995
406	842
748	808
505	821
343	530
749	952
477	493
526	651
429	947
718	821
883	888
538	890
813	829
417	829
758	893
843	937
361	668
405	711
691	839
308	549
855	947
748	821
261	437
156	909
491	899
73	911
114	912
769	880
658	783
603	847
822	891
63	839
841	904
343	893
725	958
21	842
122	399
862	963
359	837
686	966
801	953
382	969
385	974
156	922
54	911
692	902
351	380
623	802
595	969
378	971
553	972
873	950
45	273
745	913
743	840
643	902
316	507
521	912
796	851
424	979
133	278
321	972
789	848
830	849
136	926
754	975
399	518
454	979
398	818
444	934
529	749
152	762
28	992
60	944
349	818
195	351
360	647
814	854
62	990
365	762
733	929
478	639
772	857
717	921
510	857
754	988
955	978
91	644
275	990
913	981
13	990
932	994
453	996
580	808
585	923
249	937
390	418
749	994
749	765
886	999
779	873
839	924
261	947
443	924
816	940
902	980
709	814
129	239
635	636
920	997
772	870
610	808
832	884
432	950
573	889
955	991
168	840
572	701
209	649
916	999
38	996
758	827
133	775
191	945
807	948
737	889
864	930
695	892
244	956
901	997
321	422
142	945
381	961
133	896
482	784
876	940
424	779
355	945
78	142
33	894
938	1000
491	954
81	561
655	833
774	784
168	974
61	848
542	892
487	956
69	214
660	884
679	897
813	897
67	784
810	828
512	905
859	949
514	951
495	672
25	265
109	902
183	851
613	664
842	901
644	916
745	968
179	853
60	636
285	983
49	972
238	908
541	680
379	618
269	746
604	965
856	957
942	960
281	985
740	745
745	860
330	618
75	328
108	276
613	906
654	678
852	959
315	983
208	857
678	806
273	757
452	988
567	975
405	913
680	852
284	623
129	749
817	857
151	996
803	922
863	973
384	975
428	752
377	935
757	927
27	822
891	927
489	624
508	637
76	943
497	973
414	975
870	989
689	914
694	992
532	930
724	871
295	465
761	938
681	686
323	941
304	699
1	661
529	817
894	915
932	941
388	814
181	484
547	807
744	826
548	951
389	635
293	661
50	940
647	930
141	304
691	707
677	809
825	936
186	949
695	826
459	815
230	992
700	941
786	944
445	651
813	818
362	882
619	952
66	776
635	933
855	936
487	540
800	1000
887	888
288	825
427	903
292	715
545	895
883	890
827	995
114	793
246	949
683	950
843	939
507	724
326	420
56	559
603	957
498	675
864	998
410	562
542	718
734	888
417	952
167	962
778	850
371	957
128	970
86	973
759	958
437	907
382	971
611	794
938	960
294	858
146	731
335	630
159	670
500	734
257	976
706	839
535	957
650	907
287	855
617	730
130	908
350	911
787	912
251	380
253	978
690	979
398	807
618	847
425	681
650	799
199	863
629	676
636	864
465	982
647	730
960	961
456	933
440	925
963	966
159	912
407	748
849	864
508	571
458	979
126	240
461	984
199	984
703	746
317	976
377	990
14	938
160	763
638	802
154	689
756	794
613	974
398	820
401	566
291	694
833	977
948	964
700	862
967	977
409	915
240	877
185	941
248	997
839	913
963	979
217	866
497	920
698	910
513	864
246	520
633	929
807	816
415	477
420	821
217	758
310	949
189	659
309	990
629	931
601	869
353	767
204	415
522	990
140	659
828	996
902	982
943	983
612	883
426	464
557	947
598	948
937	939
183	477
656	926
496	708
936	980
709	937
725	881
931	986
513	998
26	385
77	845
760	875
985	993
685	701
437	599
695	894
901	999
169	555
802	993
790	902
876	942
595	663
667	768
23	437
406	912
693	942
211	673
467	599
252	445
461	555
259	835
286	968
542	894
841	961
472	835
491	848
747	774
218	918
438	958
166	499
961	999
231	628
239	977
349	620
163	201
385	802
44	509
123	802
472	956
747	895
852	948
263	553
683	910
865	887
366	974
583	908
280	907
252	808
627	722
775	849
241	915
310	520
406	457
898	956
958	970
562	970
326	730
639	961
840	951
60	988
583	800
197	993
849	919
379	741
714	731
497	733
810	964
488	913
23	813
534	800
363	918
201	856
330	741
77	295
569	986
863	975
453	811
585	967
764	969
120	867
675	860
565	988
432	873
793	852
421	980
858	981
682	755
360	475
543	862
629	865
6	886
937	981
386	878
909	919
928	932
826	921
946	986
113	985
825	925
911	965
816	876
594	763
728	992
761	940
20	942
221	932
133	819
724	994
916	935
520	935
816	997
640	1000
712	876
670	879
909	932
274	421
532	945
751	989
952	979
971	992
888	994
65	661
885	925
785	987
818	935
279	886
339	900
688	825
705	994
811	895
406	846
175	950
445	774
771	944
353	956
204	833
383	835
658	774
589	940
561	841
137	779
786	959
54	781
744	962
727	995
460	651
280	720
192	836
789	826
403	790
389	892
931	946
444	562
460	772
892	954
564	600
643	893
476	487
252	742
775	783
257	857
306	978
787	793
616	911
338	903
257	978
417	967
899	970
269	803
711	919
590	858
576	960
815	976
763	786
768	901
570	916
363	852
399	509
294	981
486	922
632	747
136	809
67	975
796	855
317	857
840	898
145	750
291	804
62	981
632	868
733	920
34	919
282	755
629	799
188	568
592	917
537	981
611	930
275	981
435	933
531	678
195	463
814	966
48	709
763	920
782	933
909	974
821	861
633	810
55	833
96	871
638	925
539	919
52	535
566	756
552	592
730	864
97	951
936	969
633	931
573	651
559	753
154	933
468	571
645	941
92	994
109	409
45	882
807	939
614	810
361	364
619	888
839	928
443	928
23	76
157	305
234	296
318	933
263	997
874	885
142	936
813	875
918	928
147	785
642	764
457	947
765	834
369	834
374	949
640	839
225	597
772	995
357	487
670	947
890	987
889	991
705	941
181	904
704	945
79	664
602	705
781	936
855	885
393	531
117	138
177	906
760	998
281	963
396	950
704	837
5	799
514	942
278	850
124	383
341	906
652	768
646	953
766	789
301	955
394	917
70	793
446	555
93	925
831	891
357	971
810	953
636	800
326	840
303	627
866	969
433	858
312	797
432	633
624	803
836	982
383	448
51	941
393	907
935	961
411	695
194	697
230	391
562	864
653	982
124	867
471	682
416	746
844	964
42	47
401	623
175	805
340	872
240	934
480	623
195	639
915	965
143	893
719	760
490	937
209	695
464	921
469	999
390	477
334	811
705	983
622	985
751	870
200	996
277	950
684	816
255	410
482	830
499	999
535	693
499	770
751	991
658	763
448	953
649	943
520	829
65	663
450	770
799	887
637	825
361	661
3	953
177	840
92	244
37	308
732	833
685	758
602	989
679	943
679	714
706	817
35	612
567	887
908	951
312	368
314	966
952	994
281	789
649	956
643	653
827	999
178	553
780	887
439	594
38	250
276	307
433	550
383	958
424	959
61	907
768	769
801	946
947	1000
778	962
51	633
197	916
753	905
868	892
71	319
260	972
442	720
595	962
177	974
56	684
369	915
105	317
652	715
789	949
463	964
172	980
375	851
263	381
516	561
507	741
815	857
56	805
479	908
639	897
47	985
845	965
330	785
569	801
302	457
734	905
431	867
434	613
391	916
914	957
504	793
93	993
578	742
531	667
25	795
340	806
960	965
206	991
32	875
522	968
123	993
310	819
442	975
511	580
464	734
631	911
82	174
474	927
331	878
707	869
726	919
223	527
118	999
761	876
272	685
506	586
772	971
708	986
9	985
389	452
702	912
881	914
303	937
182	876
677	855
85	943
654	871
659	986
758	928
358	994
91	879
788	807
806	861
932	1000
121	529
612	995
615	1000
124	948
141	363
633	825
908	993
506	949
84	997
800	938
915	925
15	897
189	784
560	697
684	992
670	828
642	995
628	831
36	956
88	594
794	985
992	1000
288	884
848	992
653	716
806	995
498	842
606	641
924	950
965	988
454	543
679	890
216	900
598	965
813	890
799	955
72	855
172	564
961	990
75	897
451	888
243	444
163	192
151	855
660	998
371	895
660	769
393	654
720	783
651	949
780	834
871	952
590	673
555	837
896	901
257	914
343	954
117	611
939	948
722	950
840	942
592	611
891	907
951	958
206	804
412	909
145	565
12	975
750	904
631	724
328	915
717	727
249	393
70	916
264	930
248	922
592	732
201	847
946	964
844	953
223	340
385	927
687	969
866	971
318	614
516	858
958	974
796	912
900	969
14	876
652	904
729	858
844	845
57	694
310	874
433	981
56	994
4	804
188	625
441	805
653	984
768	971
499	517
724	864
622	853
467	979
756	853
626	972
41	53
818	913
504	982
941	983
545	754
705	743
99	933
589	797
429	579
401	746
217	925
117	987
580	748
906	918
744	819
909	923
895	988
661	821
246	579
710	979
492	985
721	993
578	944
22	726
135	603
781	980
748	803
404	764
1	788
890	923
205	820
573	950
397	990
746	878
11	954
828	947
468	641
602	870
65	665
693	759
786	950
87	949
147	963
563	878
320	891
485	995
600	945
199	601
232	549
61	896
737	950
23	146
938	940
470	606
690	838
781	993
473	840
855	942
896	943
132	547
852	873
771	948
931	937
134	364
172	619
776	999
215	437
403	902
348	966
769	996
12	788
801	948
367	427
658	899
80	922
205	365
446	491
759	951
303	671
652	825
363	722
743	943
776	891
530	835
870	903
378	966
452	915
419	738
264	864
178	797
546	964
530	956
306	982
345	910
782	911
842	962
551	786
644	977
826	954
859	902
160	635
280	966
454	853
16	856
668	782
548	865
157	980
274	333
854	908
243	754
740	806
932	976
729	913
30	875
849	978
847	905
585	905
750	972
865	959
689	962
620	862
647	736
559	623
622	908
756	908
902	962
281	349
525	975
337	695
502	991
837	981
419	993
97	942
735	970
358	983
569	937
492	690
772	973
309	983
513	978
143	950
493	511
443	919
839	919
85	945
742	986
126	717
943	976
525	988
681	976
700	989
874	876
552	825
538	927
698	916
464	749
610	803
661	997
779	989
297	757
588	640
376	986
582	825
255	467
279	824
779	881
443	932
503	946
88	704
723	986
883	938
795	825
800	940
150	535
260	666
977	987
72	615
980	992
591	951
773	928
415	954
808	885
290	959
271	717
505	884
348	900
752	761
764	815
769	930
380	889
361	610
889	995
567	944
746	946
644	898
718	884
46	720
822	941
68	738
692	831
838	885
771	895
438	951
190	849
31	38
373	970
533	959
734	949
935	939
305	543
750	893
842	896
518	772
127	621
877	890
357	854
392	552
122	462
144	975
815	914
634	839
152	570
745	855
251	320
872	896
454	908
528	857
192	908
481	745
16	911
114	988
516	968
854	963
845	914
798	839
729	968
316	570
622	842
536	573
214	522
687	971
866	973
458	919
254	860
144	988
763	966
161	403
293	522
900	971
91	573
437	981
599	979
244	522
698	729
249	637
937	974
615	694
592	976
946	979
729	981
42	280
176	509
352	994
654	807
478	581
612	810
367	979
182	933
261	997
462	987
751	861
916	928
203	992
714	979
791	933
918	974
59	984
307	820
427	885
559	812
853	993
228	941
314	715
214	777
355	753
374	766
589	691
594	998
767	926
712	990
785	980
480	869
880	988
512	592
52	836
602	751
813	934
889	929
834	993
952	985
864	872
230	1000
563	651
771	829
12	777
843	934
213	767
466	947
48	205
683	716
801	937
355	887
98	965
583	714
877	932
871	888
931	939
554	952
369	906
993	999
759	832
657	784
546	953
558	778
810	999
699	902
611	789
69	506
382	966
456	915
112	324
260	976
590	851
317	958
532	617
826	835
745	910
449	619
523	568
583	848
715	738
117	789
329	968
626	666
502	859
39	869
82	273
111	974
144	922
340	568
562	910
647	725
826	956
91	507
5	992
817	907
541	972
508	795
539	899
849	859
474	918
344	579
545	569
151	938
580	792
544	869
502	872
782	926
928	980
532	980
465	990
30	998
489	795
742	975
921	977
712	803
180	979
340	931
615	641
578	988
289	885
545	811
256	708
710	915
402	762
319	993
448	878
556	677
673	996
134	984
304	870
786	873
409	923
519	529
730	978
339	827
848	970
688	752
397	805
223	652
388	985
742	988
186	770
327	480
304	991
152	893
475	580
210	834
297	988
378	647
779	991
6	21
556	690
129	357
368	639
239	488
422	875
563	814
554	994
380	878
471	996
168	958
167	999
79	886
781	929
552	840
505	994
101	904
467	473
17	947
614	937
977	989
655	709
961	981
787	828
558	712
725	889
535	994
755	768
220	609
473	789
627	704
720	895
711	846
48	502
516	607
856	941
873	881
336	905
734	951
338	951
356	739
342	841
903	908
488	666
653	962
28	910
699	849
385	918
63	904
285	980
398	628
497	607
796	903
507	800
518	895
220	972
233	911
198	395
315	980
782	860
721	850
559	788
803	919
536	575
608	680
520	567
107	169
860	901
411	809
189	696
631	849
939	965
636	927
900	973
793	847
140	696
489	850
775	978
16	926
181	468
717	973
161	755
455	973
18	706
432	989
666	927
270	927
707	928
272	973
485	973
429	812
682	992
816	992
506	766
855	920
915	971
813	923
202	769
546	579
339	774
196	991
264	371
971	987
809	925
360	833
693	979
800	876
445	648
794	802
758	879
788	987
526	987
600	936
792	877
864	982
575	879
883	995
580	994
538	997
808	821
235	959
618	697
563	761
876	992
774	944
820	831
181	844
597	759
41	541
24	897
910	990
660	815
560	877
755	823
801	939
713	826
212	544
773	877
759	942
602	995
544	724
530	826
570	898
46	898
748	941
57	269
595	847
722	888
493	836
42	900
639	890
778	968
597	893
275	842
113	780
21	962
838	955
914	950
334	375
605	609
803	853
440	801
407	624
541	853
613	958
530	960
276	555
523	920
858	910
490	514
522	961
305	963
585	788
879	969
409	791
502	982
1	471
548	869
656	668
105	794
587	797
289	874
849	982
508	689
632	984
585	909
356	820
64	877
620	866
344	702
127	933
242	920
397	794
723	964
790	873
243	1000
399	759
297	977
256	710
47	536
508	931
709	921
186	651
888	923
411	998
560	569
6	949
744	878
50	992
223	654
575	813
420	939
621	929
561	649
566	993
901	983
371	754
290	829
403	477
790	886
936	977
980	983
553	650
314	893
107	829
14	372
368	641
10	896
739	813
683	881
246	651
325	944
862	883
820	886
253	775
561	891
354	827
987	999
739	934
339	963
554	888
48	262
628	837
438	942
556	934
850	886
313	947
165	783
789	876
352	609
417	775
458	776
57	432
972	997
419	784
787	951
873	991
754	774
905	943
327	966
5	915
836	843
316	319
495	550
90	501
747	771
857	902
917	953
856	943
634	830
606	768
960	1000
206	797
467	838
357	966
599	728
810	948
20	792
433	961
741	848
798	830
643	956
65	979
844	946
385	920
990	1000
486	972
269	974
268	749
87	445
680	959
738	900
798	951
256	631
58	158
239	987
32	923
775	967
104	799
314	343
412	915
687	854
714	728
650	972
120	743
717	733
37	974
224	571
564	905
187	918
71	972
527	986
107	171
24	631
714	849
717	854
455	854
782	983
462	749
233	926
591	634
300	687
756	967
613	918
313	626
34	982
953	986
510	682
312	926
697	737
513	916
432	991
812	983
927	970
340	880
763	983
804	984
353	819
633	873
705	978
695	933
547	806
128	822
469	886
587	878
58	763
765	884
588	699
147	956
596	819
100	881
348	717
964	986
499	886
922	989
719	889
517	940
966	995
644	715
864	984
588	820
127	196
376	937
408	889
447	817
875	998
658	1000
281	784
410	669
597	761
349	659
643	877
109	943
794	817
359	825
567	774
424	725
685	995
671	831
514	884
734	887
357	900
940	992
750	831
595	957
130	894
226	602
391	898
372	656
262	784
74	962
541	842
852	1000
529	724
326	661
653	790
859	895
583	960
220	908
641	901
660	951
95	913
534	960
550	675
522	842
756	780
398	806
731	952
98	285
865	952
483	621
501	904
83	916
114	229
694	804
146	972
657	922
495	860
775	914
525	968
365	750
879	971
1	702
39	994
422	732
548	871
372	911
81	173
592	914
215	927
449	865
490	866
383	511
723	845
849	984
217	973
814	963
511	925
772	966
925	979
427	702
628	692
867	974
504	922
605	974
779	861
8	755
608	750
761	992
943	969
901	972
230	804
703	987
596	861
529	871
790	875
513	863
191	812
955	979
581	738
536	995
589	858
470	641
225	581
568	920
124	943
430	986
20	297
209	987
345	353
267	928
308	700
739	923
371	527
252	310
670	823
568	812
760	982
256	954
116	651
88	818
33	653
244	836
62	307
139	261
806	990
861	889
451	533
542	880
509	703
588	996
767	998
579	947
577	837
692	824
155	885
609	826
750	765
977	993
755	880
378	893
639	934
699	719
850	888
752	996
70	898
634	711
905	945
877	883
187	436
701	886
164	681
76	568
604	953
678	902
601	655
699	961
859	950
745	848
354	963
137	965
604	845
208	845
279	496
284	840
523	627
817	845
729	961
844	948
816	849
62	912
444	977
714	838
736	856
543	727
326	729
548	805
707	798
872	902
416	622
99	915
440	979
541	802
816	970
370	920
120	974
282	807
854	969
886	921
858	859
522	910
668	964
184	622
552	752
106	931
703	921
307	692
212	869
793	851
476	915
858	980
536	929
811	868
470	575
539	971
612	924
698	964
582	752
876	970
513	918
707	932
108	869
927	972
209	921
691	924
161	880
885	911
73	767
202	652
568	975
730	808
771	809
265	937
821	926
399	937
559	926
108	990
705	980
779	929
834	865
111	241
677	918
603	703
184	985
593	924
827	862
477	483
554	932
397	985
75	934
61	770
603	824
952	978
575	991
487	878
253	711
547	929
280	814
492	993
910	981
189	955
478	829
841	881
450	996
627	629
491	768
269	655
339	899
378	827
672	816
264	725
603	945
924	1000
343	762
810	871
254	653
493	935
39	499
185	553
364	784
572	999
952	991
616	776
546	946
766	949
852	989
678	836
72	797
796	828
947	997
449	720
561	961
228	263
11	265
398	674
315	905
838	946
141	789
202	210
534	720
933	954
165	853
51	980
85	564
219	564
329	961
425	669
370	733
664	951
694	793
840	884
229	730
456	921
608	726
324	967
442	959
571	615
414	897
336	977
100	212
377	978
159	792
200	793
632	975
411	747
823	957
367	677
583	975
622	903
121	621
797	904
434	852
379	916
608	739
365	981
816	917
902	957
879	973
15	639
675	914
515	696
601	736
380	737
330	916
591	691
718	732
668	911
621	799
392	976
681	850
781	788
874	979
907	927
948	965
469	701
548	994
501	919
110	997
143	945
108	924
578	873
66	927
66	698
630	740
786	987
459	629
538	922
64	773
895	930
600	753
434	986
112	935
332	938
473	648
510	981
749	997
482	882
81	538
119	830
790	998
270	999
366	936
125	352
168	951
984	985
160	309
459	871
524	1000
505	758
885	979
436	887
150	301
862	995
760	984
278	715
498	718
737	1000
308	594
896	993
440	713
183	828
463	882
67	882
274	717
62	309
549	656
667	877
254	479
405	877
364	610
317	764
369	954
984	998
762	885
445	949
968	990
371	771
799	952
618	877
711	839
337	369
218	906
667	769
708	770
80	972
415	962
41	721
509	826
776	941
789	880
627	818
753	957
412	664
477	793
544	554
824	837
810	939
669	963
306	911
347	949
823	878
157	788
465	904
844	937
94	210
882	963
659	662
631	829
227	739
636	907
518	659
148	860
51	927
627	831
16	906
95	970
269	857
953	964
557	735
810	952
166	850
56	978
190	978
666	907
647	665
349	971
421	847
701	901
374	506
539	839
687	966
38	557
425	966
342	968
125	970
837	910
923	950
23	922
735	899
102	986
416	853
85	753
222	758
593	671
194	925
791	915
846	851
455	966
216	455
854	971
108	858
8	920
267	622
222	879
29	750
543	971
702	964
532	812
485	966
740	990
397	853
638	979
355	856
897	910
135	358
663	743
167	576
487	746
511	874
832	929
155	687
697	741
232	641
215	997
867	923
760	797
806	913
506	651
459	805
771	811
716	875
788	980
540	649
897	923
286	998
401	985
630	808
533	875
794	916
362	993
832	942
328	362
168	898
820	824
690	714
588	932
753	770
706	924
439	580
785	988
871	991
444	658
482	950
130	993
70	713
171	765
350	767
386	424
919	924
79	947
449	480
643	760
373	899
8	249
233	596
486	776
618	932
959	996
334	944
31	906
741	773
873	929
803	833
546	948
128	960
725	950
852	991
525	596
945	953
86	963
650	776
861	959
625	948
17	311
349	784
660	942
720	956
272	537
155	955
590	846
796	951
218	974
653	902
854	892
80	222
613	951
687	900
511	674
356	800
488	956
479	907
284	897
845	964
344	682
624	736
145	738
324	969
761	970
544	972
516	910
631	897
851	900
92	848
97	926
251	612
891	972
932	973
641	797
217	964
250	912
47	58
153	979
423	803
656	782
212	805
430	964
564	964
902	959
88	217
186	523
203	692
860	962
879	975
73	582
936	957
358	980
265	752
251	854
394	637
913	973
575	685
277	991
225	572
645	929
298	821
375	516
688	976
867	978
737	868
520	870
662	694
786	989
65	475
371	747
698	913
753	812
395	875
716	930
688	868
110	891
677	975
313	927
84	875
299	763
693	919
786	881
390	652
950	989
587	937
922	927
765	943
443	929
713	753
281	830
267	932
396	817
625	640
737	881
382	653
795	822
519	887
574	594
769	806
512	884
713	874
517	999
284	468
938	992
99	422
266	599
899	1000
852	925
871	938
158	773
366	951
452	954
484	943
905	936
776	822
426	709
255	827
241	892
494	843
447	997
199	895
856	936
768	823
498	962
97	618
179	953
657	726
541	780
627	820
764	825
494	964
442	774
345	841
823	880
652	769
435	734
844	939
696	775
646	954
272	484
764	946
442	895
428	731
562	960
138	898
465	798
859	954
738	893
638	955
550	842
242	497
283	498
574	970
715	909
833	901
386	855
740	858
397	721
471	670
300	559
847	957
580	613
860	896
221	909
601	901
675	850
749	799
143	989
210	521
858	971
118	932
622	731
415	630
425	860
254	978
918	958
216	457
642	794
854	973
666	922
848	899
154	976
635	791
700	920
712	745
846	974
243	940
719	869
793	855
154	868
622	973
728	874
203	989
332	874
698	968
395	930
749	933
697	743
328	351
125	288
691	928
566	933
693	974
472	746
785	977
422	925
122	367
12	532
466	702
166	181
603	936
66	997
266	533
579	764
758	995
725	818
978	998
716	998
204	823
419	482
107	890
575	995
431	721
799	888
174	836
609	993
697	877
843	931
576	816
609	764
359	818
667	934
465	719
671	824
98	962
574	891
203	426
623	783
53	896
870	889
556	995
69	611
685	880
238	834
7	901
322	949
363	950
845	953
817	891
25	662
489	537
580	655
713	955
721	779
247	896
863	899
884	958
610	655
736	794
837	846
534	845
881	889
740	913
504	902
784	956
751	779
429	499
379	907
90	804
700	733
257	392
97	928
620	969
413	905
31	345
314	633
434	964
668	902
217	966
508	684
907	918
208	917
515	808
826	966
867	967
619	865
705	905
416	802
182	635
346	743
640	924
879	977
304	746
790	868
573	870
688	857
163	743
897	967
319	990
797	800
814	969
874	983
786	870
510	972
598	819
737	870
336	526
809	975
676	860
786	991
395	877
163	985
737	991
649	878
201	459
82	767
188	934
334	988
408	937
848	980
177	775
765	945
429	996
336	768
663	934
809	988
704	706
215	478
313	821
968	981
145	419
752	868
843	986
672	875
658	940
83	709
152	314
859	930
239	956
77	140
137	945
555	704
431	897
90	604
274	950
494	953
37	485
759	884
234	999
905	938
762	889
183	953
604	946
241	894
764	935
442	655
516	604
158	896
540	961
601	648
4	429
102	964
88	837
878	956
93	915
196	370
569	844
51	918
16	668
525	774
525	545
567	956
854	949
446	895
551	948
625	897
569	965
242	607
302	621
541	903
939	949
367	494
699	967
740	968
578	677
638	728
44	972
296	964
203	736
111	918
634	959
100	271
143	870
504	849
946	965
710	954
388	903
352	980
541	916
682	855
71	738
888	960
170	451
185	988
422	672
482	686
735	903
881	957
740	981
429	796
374	860
770	860
392	914
492	623
846	855
450	855
832	920
238	447
18	932
480	734
688	912
435	991
724	865
825	917
589	906
112	981
145	929
709	971
654	806
781	847
189	935
827	963
221	924
610	736
642	917
642	688
485	970
36	878
286	760
360	709
781	968
855	917
473	586
593	917
404	752
712	868
279	986
169	360
655	748
727	853
448	943
671	692
674	697
901	925
524	938
161	886
540	882
755	807
746	987
734	869
519	715
40	946
852	861
100	997
177	951
672	930
369	892
892	933
685	869
47	612
284	296
313	997
473	949
643	872
546	939
706	928
563	879
549	944
752	815
26	674
359	820
438	884
861	950
919	928
726	762
253	838
674	831
555	651
35	844
766	834
488	826
829	890
768	880
859	998
413	423
399	488
368	946
300	482
164	850
117	546
287	957
87	374
741	898
83	898
625	952
859	890
270	495
220	903
435	791
844	996
159	664
333	551
720	960
833	837
544	734
277	619
497	659
634	893
334	372
504	783
888	894
833	958
172	983
185	922
386	912
909	953
754	850
289	979
944	947
25	906
797	897
122	987
879	966
199	978
721	794
215	922
275	973
476	963
402	748
626	907
249	920
46	103
63	501
721	915
292	738
839	907
228	982
314	756
107	463
795	800
599	925
222	938
473	520
860	966
290	813
417	625
749	869
408	576
86	525
210	820
955	974
793	912
484	571
737	751
957	983
814	971
179	460
189	882
21	517
274	697
40	530
367	925
669	701
490	995
223	880
746	921
152	182
140	882
589	974
167	985
267	694
258	874
679	867
813	867
450	815
491	816
651	805
885	972
59	930
752	857
35	307
7	474
153	528
134	286
394	654
567	811
572	926
773	916
938	983
179	931
514	692
156	947
26	837
366	942
414	690
278	829
295	998
424	883
503	947
778	886
143	375
113	469
968	983
68	955
637	883
475	821
103	424
650	822
507	773
33	890
671	881
896	999
852	929
530	878
493	996
171	945
924	953
321	889
242	367
968	996
252	789
780	945
687	717
604	948
623	961
102	966
201	945
674	899
627	824
90	848
263	776
650	956
37	958
386	846
418	835
927	941
638	838
311	443
122	921
645	962
879	900
772	774
413	841
160	920
261	972
420	736
617	792
224	797
270	913
812	967
705	841
624	916
911	946
723	895
626	962
258	566
860	900
881	959
614	844
740	983
638	972
489	849
800	970
758	973
119	757
174	464
688	914
812	980
691	919
952	960
971	973
27	121
582	868
802	908
191	983
427	765
344	996
774	809
941	986
686	696
42	631
883	981
795	868
748	793
165	472
607	817
142	983
274	873
53	645
633	991
177	711
273	419
691	932
283	878
355	983
88	639
148	653
929	989
533	989
454	467
371	927
524	940
658	876
308	763
924	995
184	993
896	933
533	881
674	820
734	871
739	986
899	938
959	989
535	927
686	830
584	819
892	935
396	997
146	822
421	532
644	954
193	264
919	930
657	893
528	779
822	997
863	998
981	990
384	771
370	607
153	838
557	662
446	831
229	833
597	1000
237	428
476	710
715	726
431	967
646	892
747	944
667	951
699	903
657	906
379	898
816	899
136	911
76	631
222	685
631	890
474	906
386	793
441	500
485	772
330	898
624	850
374	675
411	742
227	921
423	796
557	796
865	949
450	670
818	837
18	518
465	978
284	903
36	572
200	909
777	957
596	616
620	973
735	960
157	983
876	899
358	973
738	965
705	788
154	914
508	917
589	613
594	920
673	984
392	971
772	963
846	912
417	506
642	853
270	981
430	970
614	791
8	981
839	909
584	619
448	987
737	861
640	928
304	979
175	865
598	931
128	524
790	872
399	987
182	989
586	813
591	928
602	794
387	640
63	745
299	527
712	925
436	990
202	823
510	976
582	815
375	751
769	907
908	985
765	936
498	592
792	810
570	697
630	748
542	635
695	877
552	828
734	805
54	817
422	984
20	186
78	356
116	648
811	944
704	818
79	995
676	985
514	694
679	990
352	595
384	813
255	699
494	944
829	934
975	988
512	998
634	695
28	656
864	928
627	692
835	870
169	780
664	988
731	749
750	762
414	813
479	942
553	891
699	716
537	654
179	946
454	885
163	184
734	939
720	775
153	893
452	960
842	886
391	950
565	608
303	837
432	722
437	837
762	893
421	600
968	998
250	947
847	937
214	270
708	778
9	777
960	999
726	832
531	593
849	902
453	673
585	829
953	959
48	624
139	742
501	606
633	725
812	956
545	612
402	563
145	907
594	733
626	722
227	976
557	851
939	953
942	958
441	676
647	781
941	962
237	617
724	964
242	732
756	953
34	968
791	910
918	951
937	964
474	974
642	787
854	966
301	494
751	959
484	615
635	784
208	976
483	915
684	905
758	854
730	792
749	805
881	961
237	630
25	976
462	977
481	990
795	857
222	995
165	461
189	818
538	972
202	757
656	964
353	926
573	929
705	856
605	918
952	962
11	933
262	515
387	924
786	929
629	982
637	806
716	870
545	988
719	875
603	700
630	803
52	826
533	870
478	934
940	965
178	413
118	133
596	926
491	644
706	798
193	950
177	942
667	806
262	757
649	937
456	542
970	992
244	888
887	994
706	919
472	752
288	931
670	996
141	881
788	988
292	821
815	825
245	709
212	532
401	993
468	754
198	893
96	357
899	940
959	991
783	994
452	894
553	946
105	298
891	941
385	840
734	994
627	868
49	891
546	943
706	932
150	714
315	781
282	604
777	812
989	991
359	824
162	953
377	841
845	946
919	932
19	904
93	853
710	758
356	674
213	891
372	884
160	735
352	905
645	669
428	900
884	951
87	607
249	440
722	889
969	995
761	965
90	797
580	661
557	906
276	664
441	731
854	900
279	669
476	954
710	892
37	89
190	331
635	718
411	973
791	965
610	661
548	978
4	851
782	916
105	903
490	973
779	847
723	952
621	675
165	395
120	918
513	849
913	968
677	957
723	844
855	963
376	965
235	989
450	914
670	917
848	960
825	976
80	822
682	927
723	965
84	978
901	971
744	987
656	911
207	819
642	976
45	757
110	886
484	804
239	707
607	874
593	976
128	876
348	879
86	879
642	868
191	932
521	807
149	935
204	642
820	874
759	864
224	291
473	766
968	974
799	936
904	989
301	925
380	989
903	993
347	812
466	763
378	879
121	994
704	820
690	885
676	987
454	874
487	822
335	428
357	941
90	368
455	466
586	949
745	942
285	957
305	643
613	759
458	885
114	846
2	376
843	992
576	877
543	700
507	777
179	948
872	875
836	952
123	787
558	944
131	611
114	967
315	957
604	831
631	934
502	783
884	885
507	898
446	888
625	890
666	891
531	703
173	729
123	908
608	657
761	899
847	939
217	543
865	993
923	934
74	908
379	726
814	883
870	963
400	785
694	737
187	906
402	565
756	834
816	848
189	686
529	791
721	961
900	963
941	964
550	850
356	984
717	963
268	871
455	963
395	683
166	860
491	620
615	915
441	799
721	853
853	972
619	805
489	961
33	452
781	840
511	979
744	921
568	732
559	912
719	864
760	902
765	980
630	792
313	856
346	804
795	859
184	742
874	923
478	923
915	961
381	990
978	980
788	856
110	941
707	931
853	985
811	988
454	458
533	751
827	969
552	764
684	920
202	880
725	921
207	995
477	590
119	882
172	708
325	987
58	872
366	759
149	990
176	864
479	636
676	921
478	936
63	694
362	990
463	813
810	857
719	998
834	985
391	644
685	862
690	940
32	711
183	880
472	754
463	934
783	875
347	988
600	939
350	993
456	894
174	952
958	997
72	904
218	958
741	770
639	988
185	552
732	950
935	986
7	896
306	963
947	996
432	779
845	948
77	322
247	999
710	760
844	989
247	770
192	834
335	617
674	837
319	609
599	663
595	958
736	897
601	709
735	938
427	556
726	889
454	955
784	830
467	894
219	792
81	858
342	899
791	954
381	561
152	738
312	727
28	968
124	905
740	908
886	962
481	913
668	776
613	840
921	956
791	846
736	910
636	972
730	836
231	923
661	736
710	894
869	887
253	389
411	975
786	852
427	690
108	910
578	859
187	974
591	798
140	862
737	852
305	966
608	738
286	687
943	957
561	626
327	459
640	919
263	969
392	854
15	867
538	908
519	629
395	859
193	873
790	863
413	913
499	916
581	726
779	970
22	762
591	919
825	857
319	985
420	808
411	988
827	903
772	967
235	991
790	984
642	857
614	795
760	849
397	797
640	932
244	932
500	629
920	986
813	860
744	989
417	631
554	865
3	762
619	994
402	996
591	932
226	282
214	945
690	874
487	811
588	634
868	917
577	704
384	575
232	935
672	978
653	699
892	981
732	763
748	973
385	884
500	871
841	935
987	989
725	989
783	930
535	865
750	753
380	991
254	586
768	807
190	830
350	819
280	760
896	992
753	943
678	769
31	958
194	427
493	989
89	899
534	761
424	889
553	774
418	815
96	535
555	820
481	605
577	838
236	545
530	763
175	535
722	933
796	882
50	540
597	938
798	928
817	941
137	953
830	880
632	895
296	946
576	1000
669	962
37	951
689	877
111	671
193	215
831	997
872	998
528	959
94	438
233	782
81	913
175	548
249	497
763	947
900	952
110	567
60	975
256	621
481	968
770	842
902	998
654	667
733	960
277	680
170	325
235	683
59	723
4	787
372	954
17	726
611	970
793	947
484	606
214	745
305	900
728	966
728	737
457	624
481	981
116	331
10	578
139	988
758	966
380	562
760	783
223	807
572	732
658	735
508	976
286	863
415	748
728	979
332	979
268	994
348	694
609	735
341	691
855	912
404	976
533	861
874	925
445	748
665	751
978	982
293	879
637	689
482	815
716	982
339	995
301	511
168	884
460	504
892	915
387	928
404	868
674	692
827	971
30	361
389	974
208	404
727	969
281	882
322	920
778	934
487	987
98	946
841	990
266	530
233	353
834	987
4	466
28	823
570	877
556	979
795	995
352	425
257	831
590	711
540	890
801	931
787	996
625	934
78	307
262	882
859	872
518	579
46	998
836	888
211	836
519	952
439	700
563	995
458	713
783	998
623	780
502	719
667	823
116	949
446	824
410	901
699	775
690	955
96	482
104	831
764	877
623	901
884	942
161	547
500	952
641	662
458	955
425	778
203	665
442	947
271	311
923	991
510	593
735	940
485	536
127	791
761	848
824	904
777	829
446	958
298	794
513	719
297	835
8	732
641	904
374	789
319	853
219	915
761	969
318	894
538	897
450	784
620	966
936	943
853	908
605	843
335	982
195	679
916	964
131	923
948	953
263	850
194	979
642	846
624	977
25	914
901	962
739	900
183	682
524	746
703	977
904	967
656	902
260	636
243	992
834	908
168	818
369	808
825	859
157	171
654	977
547	851
772	969
235	993
790	986
209	977
892	970
792	803
649	983
561	870
690	755
406	996
43	944
84	982
566	985
767	975
598	937
885	967
563	687
475	803
236	292
697	916
857	868
158	867
91	877
58	700
359	628
540	703
619	996
686	757
195	934
60	480
373	940
533	929
426	803
693	918
785	921
494	937
554	988
683	873
199	760
433	698
410	714
537	755
616	819
690	768
547	985
371	988
500	644
725	991
370	763
174	888
29	470
917	932
466	996
273	830
801	986
644	773
32	889
500	994
440	714
250	590
227	835
53	719
460	814
56	724
264	902
363	881
537	768
652	755
850	999
965	986
817	822
574	835
527	723
227	956
736	833
469	489
529	540
768	822
418	938
592	825
960	992
597	940
421	943
321	776
641	946
715	895
830	882
453	895
398	959
742	769
539	706
106	558
474	725
460	827
231	967
441	548
592	946
754	779
148	969
724	836
228	669
159	835
407	671
527	965
847	943
805	946
442	894
939	946
345	961
689	771
942	951
793	828
233	905
352	856
407	792
816	960
74	94
34	961
953	965
196	959
707	909
449	910
550	962
517	785
677	774
695	791
29	738
587	965
705	957
316	916
677	895
811	858
508	857
76	934
244	747
343	726
381	981
876	960
480	731
29	41
707	922
283	860
825	914
103	929
207	986
964	965
642	914
716	863
482	696
702	965
802	903
614	852
667	678
880	971
350	742
462	983
286	986
456	643
332	873
373	874
593	914
978	984
716	984
623	756
755	912
89	822
171	403
231	417
253	930
827	973
780	861
274	989
408	989
67	696
727	971
586	766
880	984
284	401
98	948
808	815
436	943
112	294
100	994
595	936
366	884
658	992
859	982
625	815
685	866
234	701
146	817
5	841
13	702
803	821
863	872
99	476
491	1000
95	1000
169	949
81	836
912	993
213	992
240	600
162	946
298	541
537	823
845	939
160	607
237	302
560	992
16	828
431	841
40	956
43	436
67	830
461	949
939	988
125	1000
323	490
796	939
460	990
419	723
152	608
418	764
817	998
891	947
710	872
935	990
483	600
601	821
675	770
606	936
143	680
449	952
652	823
844	993
770	778
668	767
921	947
558	895
420	665
126	218
291	551
694	904
881	996
518	944
377	968
726	893
605	832
476	718
388	834
585	890
323	624
50	960
628	671
633	786
489	778
453	855
186	740
800	899
258	616
423	912
15	858
497	898
557	912
700	732
879	963
474	914
515	686
119	686
936	945
702	778
430	844
779	961
913	961
126	581
566	853
506	573
309	968
832	972
906	958
362	794
86	630
821	850
17	796
573	748
430	965
589	958
234	501
368	501
841	913
101	874
753	800
142	683
936	958
595	628
600	972
256	933
383	974
484	797
214	936
658	684
115	930
151	358
156	702
395	984
665	808
577	695
771	975
236	402
931	964
295	982
124	346
695	872
165	643
748	964
132	466
945	983
577	587
370	523
628	818
383	987
61	936
80	949
514	918
137	931
693	920
665	821
852	913
771	988
12	936
516	698
70	877
540	826
672	982
861	881
382	883
164	660
766	994
549	767
576	870
743	983
500	996
296	937
236	657
370	886
731	865
376	408
634	932
667	880
570	947
368	998
555	824
500	888
486	953
646	942
835	878
444	956
664	996
120	832
53	842
194	781
925	1000
823	989
735	876
50	773
859	942
666	776
798	932
638	714
701	999
742	771
594	607
580	709
291	606
791	892
587	604
148	971
569	964
682	841
756	827
186	445
580	601
268	743
125	960
298	622
559	663
638	956
476	894
985	1000
44	971
76	923
712	841
832	906
413	959
270	910
793	951
429	674
346	905
566	908
907	972
225	615
390	682
123	338
307	913
174	569
86	685
141	392
325	967
66	972
135	577
584	669
542	672
43	988
79	682
492	851
915	954
115	864
934	967
235	929
1	762
455	969
890	897
642	795
895	975
702	846
707	924
765	865
173	990
429	916
556	728
286	867
795	973
387	919
468	615
607	922
767	911
786	924
323	934
505	911
670	978
210	993
399	929
485	969
158	574
922	970
584	911
341	924
644	696
258	926
841	981
206	470
940	960
338	397
384	742
59	982
274	870
35	359
40	703
917	976
91	934
144	760
639	739
652	678
594	996
387	932
767	924
868	976
408	991
590	702
788	983
829	984
755	806
727	973
815	820
859	863
162	706
864	978
41	416
940	973
582	999
764	976
838	925
320	999
115	301
553	941
606	804
859	984
671	704
970	1000
384	876
866	879
871	994
764	868
141	889
315	776
153	714
287	943
521	881
185	666
298	543
537	825
321	941
844	982
209	471
775	882
981	987
516	887
576	938
483	710
754	944
336	956
756	990
824	895
111	959
226	946
152	731
446	949
28	961
550	777
930	998
200	664
761	960
420	667
714	885
681	708
175	836
192	251
703	726
78	674
243	970
17	664
545	783
495	962
173	911
462	785
355	430
575	662
103	852
423	793
557	793
708	962
666	965
149	675
572	778
672	716
682	909
470	501
814	836
566	734
464	952
772	839
502	978
579	673
581	719
434	965
508	914
828	855
621	791
681	842
612	971
832	974
202	807
931	953
293	696
80	817
584	616
267	909
267	680
404	914
13	275
271	799
147	992
279	919
609	794
526	796
649	866
148	584
225	804
832	987
431	643
342	571
259	802
292	750
400	512
880	920
649	987
542	861
179	809
676	861
170	989
304	989
128	992
348	995
458	638
306	998
89	1000
584	979
83	697
129	584
468	804
660	974
555	692
794	974
216	997
118	425
236	646
315	939
334	989
31	951
686	882
445	941
577	831
692	818
747	754
204	1000
548	773
419	659
680	929
840	918
372	584
465	775
396	941
537	880
93	903
294	893
22	205
412	885
613	875
296	939
585	813
497	700
461	777
810	931
796	996
851	932
6	611
787	947
738	762
311	429
316	773
569	953
300	536
338	828
384	944
948	986
585	934
102	965
224	662
840	931
652	880
757	896
944	988
495	896
159	947
352	847
728	838
791	894
851	945
937	948
474	958
111	906
54	372
59	716
171	957
343	475
381	501
353	668
647	886
573	671
633	722
638	837
946	953
930	945
467	955
949	958
860	886
879	899
224	904
858	961
176	375
797	951
360	684
387	558
115	853
571	904
