538	727
582	733
895	964
614	722
459	784
225	617
629	966
436	800
54	506
169	456
427	980
12	738
339	867
485	958
297	907
457	859
443	961
897	902
231	287
170	802
475	620
848	902
237	748
853	980
415	983
186	931
910	962
43	882
827	964
274	751
628	983
265	931
862	921
461	577
108	984
704	978
24	990
60	647
662	752
679	921
813	921
306	824
889	916
234	921
575	985
96	462
60	539
71	405
95	762
525	575
683	932
447	921
190	999
64	365
726	750
905	981
49	996
665	999
780	986
632	822
752	924
42	993
391	881
726	871
261	771
113	644
200	532
761	828
458	827
912	997
26	904
865	922
631	755
306	958
694	774
418	647
201	878
775	884
902	925
241	950
189	494
273	902
548	841
97	676
432	895
859	999
377	730
932	952
489	648
823	938
515	785
587	661
826	943
559	828
638	892
803	959
369	438
16	845
57	846
411	849
442	953
615	844
754	959
881	1000
96	959
490	849
522	838
57	967
580	779
165	271
698	1000
422	836
890	941
386	913
331	977
91	736
380	610
11	972
258	849
681	952
299	621
557	916
381	690
568	782
463	500
876	898
619	976
531	900
130	556
677	954
314	865
138	151
608	854
635	957
198	690
855	960
593	960
15	983
323	870
505	847
813	963
614	790
672	731
825	973
448	986
487	914
690	748
795	801
781	903
170	978
640	927
767	968
299	634
753	804
739	906
579	688
383	978
387	868
602	793
390	873
213	688
106	296
385	650
540	938
177	886
359	634
979	985
850	871
896	987
674	874
519	1000
472	925
213	930
361	828
512	997
133	183
33	999
284	581
303	823
644	887
588	992
574	828
49	943
926	987
783	938
172	784
213	822
856	928
842	993
171	825
19	956
616	946
330	589
632	890
659	993
842	885
50	656
148	962
831	992
471	649
844	931
481	842
467	944
104	892
90	957
52	436
351	769
805	939
166	952
328	785
823	993
201	946
743	1000
605	770
335	909
99	898
591	606
723	762
272	826
43	737
380	544
770	958
352	970
164	919
43	858
337	847
20	911
161	850
648	968
568	716
298	855
881	947
619	681
142	729
918	950
505	552
515	974
26	517
256	979
355	958
429	678
682	858
112	971
728	974
492	963
84	909
73	979
799	854
885	894
59	852
124	981
862	910
36	868
344	984
366	743
85	989
594	866
709	853
621	740
362	974
315	633
260	697
829	854
311	928
489	971
795	977
468	619
514	735
371	915
579	864
642	920
771	805
378	810
947	967
773	851
864	969
51	829
156	882
794	910
472	859
618	684
366	877
719	995
218	713
768	857
195	995
102	767
33	933
704	872
146	581
70	936
540	885
331	711
570	993
528	996
822	985
421	641
882	999
123	947
627	746
775	873
866	991
764	980
731	803
810	867
199	942
359	931
942	986
875	996
176	995
60	783
514	990
81	842
516	999
153	947
590	948
245	950
620	827
465	953
652	816
905	996
863	999
462	655
701	937
379	886
539	875
527	784
117	886
629	768
474	894
56	906
377	961
592	886
740	784
27	848
932	954
435	673
462	776
434	714
833	948
62	842
571	948
749	954
358	840
707	728
724	897
603	607
756	886
200	668
709	774
136	912
230	547
703	959
749	846
45	730
293	566
894	941
113	901
99	966
200	789
809	833
888	897
767	836
612	733
147	862
436	736
730	954
501	902
688	957
619	857
512	731
448	975
612	854
4	971
600	965
894	954
181	523
239	693
593	962
510	964
73	926
257	518
771	968
931	957
707	983
663	913
239	585
128	983
665	693
381	934
945	976
351	503
64	998
686	981
322	970
795	924
836	925
623	817
722	796
975	976
713	976
419	529
371	983
734	806
357	819
835	858
458	871
348	999
425	694
463	986
945	989
301	924
394	886
686	994
419	650
861	995
129	817
685	806
979	987
280	986
354	935
836	938
467	812
679	991
912	933
29	586
805	807
870	936
567	935
512	999
116	999
326	580
606	863
234	991
363	876
528	943
696	756
500	881
388	411
453	769
761	885
65	135
576	876
521	940
562	941
634	817
9	994
960	987
597	935
979	1000
421	938
324	776
673	893
714	931
136	725
571	882
227	843
634	938
606	876
666	890
421	830
104	894
682	834
594	721
761	898
906	993
939	941
562	954
565	959
430	1000
578	898
22	680
159	951
608	777
198	384
860	998
290	616
689	887
587	839
927	944
311	675
140	793
522	895
737	783
816	847
869	939
698	828
221	903
240	916
573	796
559	898
578	911
168	747
508	852
411	919
593	896
758	963
596	901
515	976
279	965
609	611
36	978
8	916
191	973
223	925
672	788
364	635
302	989
966	969
300	916
396	853
644	689
616	627
781	960
855	909
261	399
159	388
276	973
362	976
679	683
241	457
438	971
149	868
166	283
630	912
229	568
363	568
607	928
720	805
109	688
852	961
588	807
467	517
379	633
40	938
324	468
623	993
664	802
917	982
488	805
667	807
190	882
859	977
662	877
272	399
912	988
764	861
444	654
530	694
306	949
856	864
699	880
322	930
451	815
132	769
426	987
81	952
562	996
736	883
39	726
741	998
856	985
42	997
432	657
817	993
583	826
729	880
844	867
734	995
995	999
580	757
381	547
854	996
928	945
858	886
622	646
701	939
429	480
222	904
282	955
460	998
534	947
754	950
578	953
793	878
113	890
495	955
613	947
131	678
566	835
833	950
791	953
548	966
716	779
807	897
347	424
127	909
724	899
624	961
605	719
302	681
319	850
379	901
761	966
525	955
698	883
818	948
64	745
578	966
215	914
314	856
737	959
663	781
916	961
220	440
376	953
408	676
702	894
325	907
461	502
707	972
8	971
517	848
336	507
229	381
365	979
786	972
579	908
612	856
885	951
496	910
670	797
559	966
686	741
957	975
709	910
382	515
767	851
151	582
560	787
832	980
596	969
725	854
21	509
931	959
482	867
535	730
461	515
672	964
281	813
883	918
406	993
822	908
838	852
713	857
787	806
690	873
695	988
588	862
607	875
651	918
301	805
475	692
433	924
144	821
83	582
69	647
69	418
643	919
734	808
145	413
664	978
260	888
843	980
861	997
372	806
159	698
412	878
375	996
796	989
823	863
854	930
479	824
537	994
265	306
905	932
159	819
49	947
250	937
907	941
585	927
534	881
334	527
826	989
437	948
251	529
902	984
558	945
747	881
893	935
497	935
805	822
6	846
601	763
854	943
812	946
476	768
770	949
541	897
520	774
415	492
814	992
907	954
368	417
282	902
763	946
529	779
823	997
212	843
318	946
621	718
800	949
860	1000
772	887
937	954
744	788
661	790
435	972
723	887
272	951
828	903
69	97
48	977
700	903
615	795
78	856
463	667
45	679
559	900
504	964
941	965
355	841
704	729
2	982
602	718
533	618
142	962
698	951
563	726
334	903
480	728
774	909
139	169
107	860
341	798
10	927
822	842
505	906
744	922
427	986
210	988
58	860
581	901
545	978
452	521
880	968
503	981
47	701
778	920
883	973
616	858
646	737
978	981
444	522
77	994
414	616
493	909
667	796
686	809
572	973
355	975
88	860
33	924
699	748
363	799
952	965
210	291
910	968
473	930
211	930
137	752
431	933
150	691
296	745
320	873
576	799
366	989
820	930
484	981
966	984
322	919
267	983
924	987
852	855
315	879
530	804
659	689
590	818
595	933
414	858
722	745
856	974
185	769
498	1000
570	876
644	825
74	709
382	825
577	1000
497	748
488	699
548	713
400	586
264	954
570	997
685	984
5	959
517	582
949	993
296	879
530	817
617	934
557	654
777	923
345	1000
474	885
532	826
14	900
17	417
555	995
830	934
412	946
668	872
935	987
217	707
893	990
7	897
483	826
865	928
629	651
708	944
909	934
319	839
701	941
742	942
423	667
617	947
636	960
601	939
389	531
96	723
204	256
916	950
90	908
392	950
425	898
6	914
389	652
881	885
270	960
883	894
420	904
57	852
681	945
538	896
381	912
596	837
307	734
661	966
77	686
225	786
612	966
744	856
427	920
719	799
209	963
608	968
695	856
142	909
920	974
59	911
329	735
482	977
58	915
746	794
179	912
179	683
220	684
258	976
593	966
871	910
664	846
950	974
218	759
460	558
391	687
773	789
652	728
253	982
597	792
547	971
822	910
459	858
882	924
472	797
783	918
103	405
581	969
817	916
98	1000
546	867
324	754
305	512
623	821
609	923
70	874
975	980
567	926
460	800
212	698
625	867
47	890
46	931
863	924
412	988
527	709
329	990
463	990
227	942
122	660
15	534
562	932
815	883
1	141
116	882
446	757
205	402
333	816
761	768
181	193
580	693
425	819
241	998
501	814
854	932
229	880
344	601
495	770
228	655
756	811
250	939
282	891
37	831
782	948
9	998
513	531
261	953
756	932
79	424
29	832
502	786
914	996
825	887
355	709
145	899
649	661
816	838
525	891
62	901
148	150
428	958
906	997
496	833
821	889
550	840
696	894
484	486
654	897
253	553
599	961
373	618
612	900
610	827
785	828
804	841
691	900
448	913
30	925
888	956
184	840
294	446
174	795
348	682
105	961
427	975
716	849
213	615
853	975
94	923
850	906
382	572
280	790
588	906
552	983
712	972
887	973
563	620
903	917
584	908
451	564
695	924
836	863
440	634
333	508
794	903
149	872
732	927
152	352
281	991
410	876
671	917
954	976
631	737
842	920
787	984
551	973
924	989
662	989
940	970
623	997
475	870
659	691
230	285
870	874
328	591
878	994
652	917
671	930
270	586
745	879
421	755
674	935
266	881
393	693
539	747
623	889
189	368
303	884
745	1000
696	815
159	876
622	637
379	879
103	715
543	987
273	897
312	825
573	600
31	317
160	956
611	892
817	997
729	884
118	959
154	653
252	959
640	775
714	761
395	715
59	537
854	1000
568	643
821	823
969	987
174	258
434	828
379	892
608	715
921	946
506	667
860	936
543	1000
39	972
689	825
876	880
894	934
154	895
580	774
268	916
918	998
395	728
615	960
587	898
702	885
110	973
339	567
3	618
80	801
589	944
594	793
700	960
703	965
422	952
128	505
802	944
536	973
751	898
897	952
410	568
332	914
579	791
343	780
568	898
136	450
513	962
727	891
892	958
676	845
487	680
519	861
780	902
296	560
540	920
575	914
690	864
767	855
679	971
137	688
445	804
431	869
417	971
813	971
114	933
766	859
852	899
857	977
347	912
340	458
713	969
498	815
242	337
82	873
338	799
546	977
153	524
359	629
364	707
551	799
341	989
456	939
550	574
519	995
338	920
627	794
444	821
838	977
461	761
595	990
669	939
333	468
412	761
241	879
15	536
273	831
400	872
240	654
288	402
28	1000
74	887
775	934
104	766
62	998
263	759
576	990
543	813
648	829
782	829
334	410
432	716
55	729
784	875
250	941
599	829
948	983
134	995
865	985
428	947
557	832
636	896
680	939
279	595
143	963
900	942
55	850
531	816
439	998
915	927
937	945
675	945
312	893
821	999
518	998
677	762
11	901
723	878
203	842
545	956
705	945
168	740
797	948
814	888
800	953
598	967
515	969
188	611
614	948
55	984
485	834
834	951
911	942
770	966
790	800
922	956
163	904
470	566
318	963
588	787
299	684
100	969
771	908
507	569
479	736
314	928
792	967
327	867
514	959
275	448
406	931
454	679
808	911
73	987
136	289
653	744
966	975
685	733
864	964
924	978
160	582
239	875
836	865
156	877
257	929
439	677
838	911
815	927
97	647
873	905
396	980
630	918
437	752
10	944
192	921
225	869
491	988
128	936
665	875
389	977
516	752
171	983
861	935
754	809
251	454
234	810
616	875
206	711
486	994
238	929
835	919
343	982
398	881
282	706
158	936
58	998
495	706
830	925
866	878
425	876
673	712
444	889
733	992
549	942
134	700
100	298
643	991
847	986
613	819
981	986
236	832
733	884
98	373
199	950
763	992
513	817
36	663
710	873
696	938
632	953
122	851
645	892
194	956
538	766
698	755
617	830
605	941
911	984
591	777
723	933
415	551
122	972
299	605
626	771
772	825
279	663
587	779
399	957
27	856
572	656
302	795
388	835
195	669
855	944
309	956
906	946
18	972
357	438
615	962
655	775
289	977
180	253
185	331
140	854
84	959
700	962
390	736
656	892
64	980
177	628
397	897
853	911
672	836
368	610
478	970
101	983
827	895
287	621
89	865
512	739
584	844
704	909
215	452
60	578
607	747
82	862
519	863
901	965
706	955
637	855
86	981
260	868
642	970
22	996
383	975
149	808
28	747
372	557
181	989
919	955
275	624
354	917
528	804
132	575
808	858
431	871
186	286
260	989
857	979
631	673
452	701
52	996
143	589
924	925
514	798
228	404
766	982
678	869
86	994
507	987
498	938
504	689
757	869
280	981
417	986
287	876
340	473
386	589
279	463
74	997
641	815
374	471
384	930
865	974
925	988
782	939
245	1000
826	982
979	995
858	934
182	422
720	1000
30	553
126	490
315	951
222	723
511	597
571	877
180	992
650	941
956	984
754	998
647	872
726	936
830	993
200	826
324	892
747	995
48	728
824	949
409	707
763	939
680	941
430	995
380	420
316	893
261	957
677	872
985	988
462	718
811	835
217	887
236	900
673	901
392	888
106	790
408	603
265	783
554	657
788	824
707	899
416	952
402	788
448	904
630	652
84	893
511	960
277	793
118	211
758	837
298	852
922	945
663	950
336	555
47	452
781	942
368	544
538	955
235	917
276	955
197	396
353	909
482	794
302	863
181	802
594	971
234	665
288	901
697	840
380	904
774	794
760	896
572	845
267	734
401	963
896	905
235	930
758	971
250	501
752	897
337	389
58	974
829	851
581	786
424	802
584	791
195	979
732	918
470	918
129	625
831	897
850	910
387	920
238	797
114	990
274	979
785	966
549	918
414	730
567	743
369	987
78	286
285	993
385	702
899	923
637	923
857	926
590	811
562	749
741	980
176	979
451	918
124	523
690	934
836	988
674	926
467	862
238	810
95	990
650	983
903	934
400	808
710	741
476	574
844	970
761	935
604	988
116	941
391	880
532	590
726	870
449	821
220	998
453	940
847	867
282	829
502	832
304	359
736	770
156	195
157	834
421	880
481	894
85	665
117	883
360	375
599	886
557	889
601	932
680	996
193	612
200	773
392	943
203	778
827	871
194	958
307	606
969	991
666	953
344	902
187	955
839	881
911	986
369	666
751	768
52	730
575	771
920	954
455	891
716	895
485	999
108	783
476	950
746	774
66	786
547	830
673	969
478	730
274	671
482	849
908	957
691	959
586	677
589	948
167	959
602	658
822	890
381	918
771	844
67	728
394	628
232	566
667	723
300	966
809	843
896	960
354	677
832	975
535	954
480	789
34	443
347	903
512	741
765	921
162	857
547	964
841	916
679	854
794	841
926	960
365	398
838	847
801	965
223	988
861	979
565	688
336	865
603	980
570	803
778	981
354	919
836	922
99	400
750	855
31	939
251	390
905	914
80	242
183	929
169	994
384	919
733	807
549	986
461	873
61	939
963	976
555	922
715	874
197	948
90	822
736	933
469	589
975	986
501	807
845	876
745	938
495	992
192	991
283	355
627	919
439	868
604	935
645	936
557	594
364	953
534	876
155	291
22	664
316	882
555	935
641	938
536	656
249	599
488	881
573	659
913	993
247	940
508	944
365	895
580	820
244	605
423	836
763	941
400	889
343	355
367	712
694	841
427	726
394	549
614	818
922	934
723	990
663	710
556	584
902	992
709	826
98	672
79	430
175	892
464	766
529	895
228	903
828	898
700	898
973	993
54	723
670	955
251	779
218	565
600	667
765	963
792	837
47	683
811	850
635	890
24	965
753	845
235	919
457	968
706	891
71	380
744	917
771	791
325	970
223	922
947	953
713	786
658	850
487	968
836	856
137	626
959	963
463	796
475	850
623	748
857	915
58	976
366	863
815	918
639	958
42	739
156	989
390	927
252	697
692	969
453	458
26	879
408	981
683	920
306	933
507	923
130	973
861	926
754	800
537	802
564	676
426	971
260	938
898	966
361	761
576	686
722	969
851	854
875	982
873	909
317	691
96	692
316	466
402	469
844	851
775	980
646	866
632	931
764	858
567	987
826	918
413	520
229	699
490	703
863	985
847	977
458	936
819	915
764	979
222	659
516	877
562	993
6	775
345	995
782	996
529	587
138	931
856	982
647	808
437	998
633	644
275	936
638	988
228	595
90	890
761	829
417	467
372	990
587	649
721	878
248	954
946	996
691	706
677	808
858	883
300	821
71	998
489	757
541	947
902	926
847	990
733	888
404	649
879	942
450	765
942	998
513	821
798	990
182	721
435	901
118	965
830	942
387	601
511	896
934	999
230	883
271	655
501	888
821	829
793	996
710	998
168	678
360	848
742	950
533	776
304	953
700	953
538	891
860	942
832	843
237	899
913	953
639	650
226	252
38	955
809	832
277	971
390	848
137	439
100	786
484	668
360	861
786	969
464	955
45	971
573	861
466	735
581	722
278	913
686	738
23	394
778	970
102	458
695	972
514	897
855	961
662	795
896	962
546	849
780	787
725	851
147	874
174	977
31	928
209	971
350	910
892	964
21	856
744	985
563	910
926	962
838	849
260	872
218	875
815	865
111	749
856	903
405	738
644	983
358	626
303	690
382	983
46	805
519	988
285	821
208	574
194	639
405	859
653	695
336	988
451	975
611	927
630	977
845	865
46	926
388	626
300	513
68	944
764	913
479	929
367	459
625	983
201	921
963	978
104	988
374	583
489	570
796	986
37	705
157	999
243	773
55	722
872	981
541	881
227	950
648	943
782	943
625	996
583	999
536	887
622	927
149	249
641	940
393	875
963	991
401	699
962	995
117	940
772	871
323	779
469	833
505	527
818	987
592	940
797	820
654	771
846	941
343	586
818	879
513	997
716	831
721	946
325	717
941	949
619	898
858	951
985	992
300	889
11	786
943	995
184	943
29	840
230	830
533	602
813	885
918	938
554	661
688	890
793	943
435	969
283	841
556	707
131	972
291	961
346	897
635	771
103	910
846	954
422	892
119	854
265	908
834	836
405	659
658	839
773	826
391	495
588	780
767	782
192	551
266	500
758	962
917	955
158	674
237	967
397	956
512	906
415	973
759	783
456	745
115	977
21	561
375	793
903	912
58	857
584	903
47	698
570	739
401	967
794	898
665	747
959	965
329	798
375	914
609	852
889	906
741	742
514	965
421	737
662	863
178	521
604	858
768	966
190	989
317	801
484	978
606	675
281	878
432	522
456	879
96	573
285	997
701	912
319	581
527	759
687	748
604	979
637	927
141	989
318	393
620	694
754	923
396	986
740	759
555	979
627	855
777	799
240	823
787	992
666	931
358	586
541	936
346	468
351	812
442	930
939	982
202	423
620	936
726	874
349	887
421	992
816	996
599	998
544	833
497	987
194	949
109	353
890	918
615	713
601	815
656	751
782	890
284	879
578	831
94	718
825	937
543	995
964	988
513	823
532	836
881	990
316	952
913	942
589	818
9	14
203	782
409	887
309	949
293	675
251	944
289	970
388	949
809	942
885	937
417	603
716	899
521	660
3	734
619	966
75	839
834	891
295	842
140	968
317	372
15	973
712	901
510	952
471	960
760	834
908	961
820	848
239	802
607	740
753	794
780	897
147	984
472	552
651	783
945	964
498	918
295	855
308	794
371	850
85	227
725	853
771	969
628	920
625	851
473	982
211	982
197	818
202	933
131	464
530	735
301	912
342	684
72	823
226	738
840	897
960	962
19	933
435	582
491	928
20	754
53	702
634	684
226	630
312	633
844	908
668	682
117	808
291	466
604	926
258	289
824	929
620	870
28	995
303	934
762	990
555	926
42	112
701	980
439	980
814	857
194	654
474	937
276	464
694	940
518	980
113	931
569	945
729	934
302	601
830	986
16	998
439	872
263	875
906	981
717	816
689	983
251	757
858	940
283	480
305	993
71	826
2	955
860	986
34	944
538	706
642	763
388	883
608	886
415	720
814	991
425	950
948	991
731	993
225	367
207	956
188	714
224	896
143	971
210	732
688	771
718	879
649	779
420	956
943	997
217	893
800	948
404	948
211	553
918	940
656	940
207	848
802	994
91	902
603	784
811	962
508	961
382	556
454	661
973	997
524	905
375	782
755	774
526	951
223	684
880	954
390	797
623	739
540	970
570	620
575	964
487	851
561	800
929	967
549	911
31	985
246	910
788	964
14	523
537	564
225	972
426	962
274	864
144	983
295	923
396	975
592	621
726	850
198	990
891	917
280	800
285	878
935	960
26	883
203	516
576	798
139	760
796	801
474	521
735	791
643	973
817	860
63	923
882	989
558	865
361	994
139	881
442	690
741	986
870	871
102	999
138	693
465	822
652	914
891	930
206	827
803	817
357	996
398	997
310	884
516	989
645	874
750	927
925	928
185	889
551	983
418	868
8	704
624	936
569	771
863	989
448	710
525	930
428	997
791	820
290	538
201	991
261	776
434	704
995	1000
626	874
510	928
610	637
362	535
721	882
17	766
867	936
228	949
219	900
654	828
220	307
423	895
290	780
515	898
91	836
36	900
416	892
894	931
226	243
186	844
832	955
587	895
825	952
952	993
314	736
355	774
520	841
304	957
362	898
885	939
711	786
174	847
843	942
383	957
820	958
402	970
806	831
556	656
957	963
593	952
808	840
211	621
887	904
315	678
790	971
573	973
471	962
732	737
692	786
477	632
34	557
409	434
204	968
42	906
732	858
630	847
418	439
776	901
151	812
519	979
539	665
857	974
664	845
278	809
713	966
565	573
583	856
294	753
192	971
748	960
426	909
371	973
882	923
348	989
172	992
1	356
840	899
248	758
294	874
836	928
178	928
522	738
412	866
849	867
305	740
431	879
72	946
669	936
534	977
116	989
768	915
754	980
83	812
652	969
671	982
308	930
646	925
420	582
967	980
29	697
318	571
323	649
70	994
837	870
367	692
9	984
446	985
157	882
479	933
358	872
928	988
177	302
490	762
335	888
743	979
803	993
756	918
178	941
539	920
742	754
717	926
139	949
796	990
205	751
913	986
932	999
911	913
85	834
907	942
846	932
428	944
226	995
105	705
839	929
608	996
635	870
180	1000
78	952
996	997
430	882
655	704
812	947
811	951
897	991
797	824
575	711
129	136
189	904
207	958
702	937
259	596
811	843
363	424
607	784
472	596
515	966
573	907
688	894
760	999
256	971
545	845
457	961
171	604
295	899
460	478
112	963
253	673
929	956
294	445
459	778
827	945
188	958
862	902
619	915
567	725
616	846
330	489
313	845
781	950
357	851
467	494
362	966
799	967
375	905
86	802
554	907
135	923
264	808
369	861
321	561
219	513
287	684
669	749
267	971
303	628
745	973
542	910
660	902
393	787
535	907
741	975
70	807
400	682
345	746
680	736
597	967
611	636
891	919
951	970
641	744
935	962
954	975
491	985
847	849
893	965
136	757
659	798
84	338
232	990
347	977
199	813
106	585
56	993
823	906
171	751
152	472
435	760
388	685
508	750
403	993
351	803
636	935
345	988
565	762
900	981
523	994
201	980
550	868
44	996
252	945
541	819
558	988
714	976
310	886
731	916
37	993
474	994
193	486
886	938
715	827
668	981
888	984
791	822
422	696
900	994
633	879
894	920
457	653
415	656
520	709
635	696
406	607
222	786
712	879
717	994
791	943
455	994
524	599
496	766
909	935
647	935
867	938
237	771
490	951
886	951
218	263
388	940
462	889
668	994
122	969
299	602
642	941
802	930
790	839
339	903
797	1000
916	951
57	961
343	766
545	900
204	607
892	944
778	842
38	840
690	729
43	918
607	960
478	846
464	948
87	961
560	656
109	720
885	941
334	838
642	954
771	839
121	959
176	666
556	887
561	965
352	562
338	664
852	885
618	718
218	747
350	674
570	906
658	790
387	970
519	860
539	546
95	798
885	954
463	965
637	852
86	978
447	957
208	446
516	562
15	280
815	858
667	731
699	912
396	911
564	724
60	696
662	801
269	806
871	911
549	860
678	745
857	976
829	914
292	975
774	978
18	406
83	801
192	973
748	962
233	745
49	924
109	975
442	626
856	909
861	987
900	915
60	938
743	968
509	801
421	917
877	968
963	971
178	930
178	701
558	922
453	640
124	815
633	692
599	815
678	879
824	933
925	985
736	820
340	820
345	935
960	979
638	928
187	992
944	971
233	879
615	651
656	689
344	831
605	643
916	993
654	993
814	982
626	931
846	934
469	947
615	772
50	1000
642	646
628	711
724	944
44	956
305	997
742	998
902	987
76	908
681	988
478	659
813	878
469	839
614	705
853	950
167	888
286	839
649	891
98	788
244	842
767	883
607	665
156	729
268	970
799	835
752	760
702	939
443	944
401	947
500	660
18	916
477	676
876	947
251	895
961	991
378	670
52	914
198	968
332	968
239	740
929	958
338	719
692	722
871	953
482	912
609	724
741	843
278	853
400	550
457	855
765	971
644	910
401	960
822	953
343	955
417	904
665	740
320	971
650	846
438	963
498	977
350	850
680	725
160	689
368	904
951	959
373	982
674	910
238	794
150	681
783	853
769	955
865	892
364	869
460	614
966	974
220	861
509	735
299	925
747	792
315	869
530	794
604	743
857	923
356	641
713	915
658	979
787	864
229	802
798	959
354	982
836	985
233	692
222	762
249	407
254	751
777	792
694	757
14	998
358	808
532	695
99	813
385	941
426	979
252	826
720	931
384	982
714	857
599	641
227	998
958	988
942	980
913	922
916	927
682	760
35	949
370	939
10	367
309	929
356	775
750	931
123	244
515	768
418	872
430	926
886	940
509	990
946	991
710	980
770	994
118	839
195	534
503	650
687	996
599	883
365	716
907	999
700	935
423	657
502	950
474	888
182	945
605	819
517	935
140	719
346	824
318	991
491	653
109	359
21	475
108	888
378	483
360	843
401	881
24	894
552	784
395	837
472	532
67	483
526	768
350	542
429	835
69	263
401	773
594	902
739	997
813	946
510	945
807	902
466	609
8	963
387	730
739	889
945	957
2	330
466	959
190	795
262	671
468	776
602	776
65	800
216	969
376	958
370	618
561	859
762	849
741	911
507	744
861	976
102	924
638	675
817	906
877	957
775	909
241	975
750	852
125	800
680	793
532	629
844	901
154	454
76	763
824	922
796	860
212	809
680	914
248	991
845	981
657	930
674	870
715	871
412	870
88	221
571	863
700	748
411	645
912	927
422	511
72	132
160	770
624	874
421	811
412	991
797	802
580	804
411	766
342	932
837	874
845	994
564	981
550	817
803	997
641	935
770	820
310	835
459	635
936	974
518	986
666	884
793	925
22	782
751	928
814	984
98	777
833	997
323	895
207	949
325	941
170	545
340	956
725	767
596	653
821	1000
181	788
487	831
406	906
115	959
533	718
827	936
464	884
739	823
169	670
288	658
375	546
91	787
600	893
880	947
732	783
506	965
788	836
4	202
396	955
373	742
371	898
475	726
655	842
264	920
864	952
940	947
539	603
664	783
595	912
276	378
130	849
61	978
190	863
878	971
253	919
762	796
574	974
333	390
546	912
539	724
577	979
651	965
236	686
20	573
694	746
738	789
877	904
269	984
7	984
838	912
590	810
939	964
309	797
39	936
636	926
345	979
358	689
537	920
666	805
160	933
41	753
242	514
462	517
296	979
392	687
37	984
56	997
708	923
768	974
504	864
270	697
839	854
154	522
701	920
379	869
604	987
860	913
626	746
543	748
377	944
504	985
872	923
550	872
531	630
932	937
555	987
145	823
88	289
742	813
46	292
529	934
675	988
749	937
212	998
675	759
155	235
807	878
399	824
344	888
760	803
724	880
608	934
145	944
214	549
250	997
322	348
709	757
654	821
869	975
318	872
700	937
758	878
326	992
923	982
642	703
661	716
619	948
591	886
572	644
295	595
737	940
131	901
115	893
411	955
497	995
827	870
123	488
188	883
730	937
485	877
880	881
24	667
244	899
123	609
235	850
818	942
683	717
862	948
655	884
457	899
190	555
429	837
5	509
748	819
868	884
183	781
40	732
637	722
688	953
414	421
672	945
190	676
880	894
51	746
725	956
755	835
792	902
762	959
752	951
769	891
829	905
680	782
583	620
440	800
607	977
472	789
112	217
199	859
493	848
708	736
424	977
336	864
8	281
137	920
899	977
577	926
81	988
819	954
838	967
731	841
576	967
307	513
419	754
187	862
104	864
646	918
866	921
907	922
948	960
678	870
507	988
455	798
345	926
625	980
611	816
104	985
233	870
816	925
733	927
819	967
103	760
432	935
229	872
793	914
264	304
833	986
511	935
15	768
617	873
562	937
133	760
749	992
749	763
321	996
594	825
921	991
290	599
376	639
670	820
224	999
353	884
427	833
707	887
600	761
897	984
830	994
916	997
594	946
654	997
781	809
571	999
552	720
389	699
730	763
100	596
325	943
504	945
809	992
712	830
758	946
340	958
670	833
895	951
977	990
91	897
480	709
746	828
52	905
649	895
809	884
179	717
910	936
547	884
929	949
593	1000
87	899
188	951
477	559
669	729
719	846
493	769
369	962
126	975
556	825
748	995
781	943
244	967
101	918
706	769
725	782
403	731
134	543
672	892
685	831
852	944
246	905
567	960
116	795
713	785
107	975
704	965
528	968
743	893
822	957
866	963
12	859
361	976
755	903
796	904
278	978
787	855
588	911
574	976
32	693
197	989
954	968
632	917
255	967
766	917
447	908
829	973
884	909
171	973
97	758
947	965
317	798
625	914
611	750
905	968
289	699
757	804
349	750
165	929
523	637
130	154
385	932
44	639
444	987
516	863
428	750
741	981
553	930
59	395
446	804
699	984
383	455
333	634
558	981
277	473
698	732
92	922
510	681
345	873
768	976
391	989
399	584
622	858
756	858
162	348
709	746
700	926
543	979
106	712
326	981
548	828
124	995
158	350
932	939
569	887
536	710
200	761
580	753
673	944
309	933
749	939
144	307
654	823
506	659
786	942
326	994
763	995
964	985
587	998
922	988
3	718
273	313
781	985
813	937
846	885
832	950
598	783
702	877
526	651
369	896
952	988
181	845
368	708
406	963
258	836
901	942
753	778
117	308
781	998
373	907
10	855
500	719
376	949
679	721
771	953
494	904
320	788
994	998
787	897
892	950
864	888
542	837
147	981
320	909
843	950
226	493
162	966
679	963
49	796
835	951
871	904
26	812
549	853
433	907
452	920
842	846
933	964
234	963
638	787
63	852
38	270
903	977
680	905
148	815
638	679
440	923
519	987
857	982
713	974
754	975
69	872
826	851
110	644
437	810
215	697
833	975
731	964
277	528
865	964
590	759
842	980
928	983
69	993
339	588
215	818
738	859
550	808
536	644
640	701
356	942
631	918
469	819
636	996
422	744
334	631
174	413
807	814
652	977
41	823
316	762
476	751
383	523
737	755
379	818
286	590
184	808
907	937
585	923
134	987
170	415
92	990
510	749
147	660
292	526
108	705
770	824
781	919
84	762
879	996
423	716
205	759
401	819
547	873
640	835
244	606
510	991
188	940
496	827
890	983
702	932
848	986
256	845
685	699
126	735
695	892
506	727
266	486
834	943
479	715
211	671
54	953
670	956
236	435
711	728
642	894
862	897
727	938
760	886
603	902
454	779
877	882
651	835
35	566
530	774
521	954
595	903
347	838
466	789
414	599
873	884
46	617
255	956
21	789
269	625
725	905
425	613
296	499
609	959
683	908
134	437
567	962
746	964
940	951
838	903
53	862
120	623
273	865
161	395
278	980
553	919
627	841
954	970
590	922
264	937
787	978
680	852
88	977
191	395
946	971
186	465
497	852
175	572
450	511
837	920
307	462
74	934
798	965
206	824
555	978
66	521
558	983
733	984
29	868
370	932
645	871
708	927
212	989
243	827
721	866
430	919
784	922
247	983
335	830
888	979
561	584
879	930
758	869
39	953
983	987
55	897
25	991
443	750
536	712
420	766
277	946
915	974
497	986
906	925
362	761
628	651
853	998
888	992
593	815
362	653
485	989
705	992
433	533
75	825
834	877
228	838
718	931
83	420
792	880
897	933
916	946
520	946
575	653
308	538
693	874
827	874
596	941
730	941
771	942
535	702
848	933
144	551
209	946
267	887
649	952
506	903
146	597
223	965
61	903
93	855
616	667
123	734
436	965
669	907
328	385
534	719
892	952
685	888
231	452
704	901
211	968
660	831
109	957
200	321
370	732
752	834
24	95
685	780
17	321
449	503
762	963
679	965
178	683
899	968
155	965
375	968
609	906
810	896
199	742
262	798
129	912
699	799
124	339
192	968
590	748
39	874
245	979
42	916
653	804
177	286
462	684
921	969
310	815
879	972
912	920
139	933
891	982
495	982
932	983
847	912
907	926
791	980
4	866
9	981
928	985
721	921
564	974
738	861
481	939
663	687
525	982
728	816
860	972
502	998
180	984
100	466
69	887
721	813
707	878
559	751
13	992
490	651
310	949
907	939
739	803
906	980
367	931
255	461
482	652
807	937
848	975
210	718
430	987
564	987
462	939
374	826
797	929
902	982
332	829
640	945
390	770
684	988
832	886
340	949
596	875
651	811
670	824
937	939
821	993
554	649
490	893
765	832
561	773
910	927
82	775
500	534
973	983
785	932
105	944
77	845
297	885
663	942
943	996
822	935
459	883
711	838
155	657
658	948
658	719
503	845
594	963
115	965
706	881
491	727
670	958
568	947
495	553
82	909
627	709
362	963
783	956
93	923
27	569
354	735
266	851
577	743
342	846
745	970
220	856
495	795
393	784
835	900
527	747
20	687
488	792
259	969
276	384
708	795
427	516
740	747
831	902
261	749
481	752
486	867
613	908
833	911
296	972
893	962
912	975
870	978
102	877
143	878
413	739
845	921
308	982
349	983
775	862
453	811
286	405
678	929
82	346
722	972
942	975
518	913
900	978
86	236
201	977
572	624
322	449
571	924
120	988
455	978
386	878
330	983
724	873
710	975
132	998
407	937
522	924
696	811
589	685
668	978
800	868
464	919
409	983
610	744
441	935
347	519
738	929
416	878
779	930
746	753
915	976
230	873
918	981
92	939
436	712
471	935
853	1000
908	936
971	992
374	773
420	889
385	602
426	640
491	540
298	899
77	900
591	892
260	728
540	782
889	936
471	948
75	948
327	903
883	892
146	599
841	895
882	896
288	948
945	952
2	325
48	441
175	253
774	841
727	766
584	946
658	895
79	959
789	826
257	736
419	734
713	952
424	849
484	900
363	839
692	785
474	562
644	973
432	565
382	973
523	683
819	947
222	691
576	960
213	908
317	965
570	916
729	909
192	970
35	986
21	859
279	565
427	463
652	847
757	863
311	517
32	873
145	750
921	971
520	627
673	869
120	922
717	912
199	986
409	567
23	989
157	989
914	968
638	804
209	398
508	923
313	455
763	920
400	868
386	933
620	871
735	858
518	860
867	977
127	938
638	925
481	941
398	943
962	985
483	758
395	874
636	1000
832	875
675	928
955	982
705	807
696	987
814	979
681	864
571	992
304	648
697	808
707	772
605	990
214	839
181	662
681	985
901	988
612	885
936	982
204	767
591	947
410	606
454	649
304	890
739	818
862	888
306	670
760	877
243	321
809	998
795	834
695	896
266	719
431	786
155	659
76	100
755	883
237	957
498	732
575	952
910	942
187	318
808	894
255	947
725	896
752	999
301	834
788	952
326	598
493	775
479	840
570	729
778	907
905	948
50	205
487	960
294	794
660	888
140	327
697	955
609	842
77	981
259	958
428	501
741	961
262	734
611	622
583	789
743	778
473	917
211	917
114	984
764	837
805	838
727	955
782	854
745	972
456	869
151	987
574	861
835	902
847	956
81	928
227	982
87	450
97	872
207	515
449	802
509	853
710	843
256	407
577	987
169	933
833	913
604	861
189	582
20	810
689	905
54	165
465	931
413	741
380	564
41	869
569	988
949	980
269	992
444	993
824	985
180	920
166	985
345	987
565	990
821	916
881	967
303	990
793	854
172	241
751	857
756	972
219	996
272	859
566	811
533	634
906	916
328	939
37	992
689	918
675	983
890	908
969	972
196	985
526	631
705	862
594	765
511	767
166	998
64	950
721	991
941	994
531	867
913	932
663	986
696	934
682	999
448	832
519	712
376	929
579	763
758	765
656	983
730	932
477	486
480	757
834	989
405	583
751	991
911	980
341	827
186	953
396	534
468	639
929	997
500	591
579	884
12	773
353	837
399	953
760	932
639	642
547	824
528	545
959	997
141	779
755	938
655	1000
873	930
262	776
952	994
748	935
373	792
151	679
744	964
926	941
945	954
544	610
45	963
683	954
493	830
861	960
938	951
542	951
357	905
632	844
72	921
576	720
755	951
889	951
326	545
534	723
138	494
437	790
146	843
560	897
351	494
623	916
246	966
648	680
842	960
207	449
565	682
456	924
500	967
558	908
475	910
571	618
414	900
293	344
243	523
633	678
51	996
66	567
16	975
613	965
687	914
847	903
714	788
67	977
549	980
884	970
754	860
845	978
449	978
545	686
32	875
701	970
902	960
833	860
516	924
851	914
367	801
224	752
955	971
913	974
624	871
710	911
825	861
99	757
352	937
434	976
849	989
668	914
420	812
310	940
346	634
203	585
557	817
717	806
510	742
689	973
708	986
837	871
564	978
297	863
724	930
476	865
407	994
167	753
962	987
76	894
593	861
216	645
4	991
647	868
182	997
256	946
779	987
429	645
791	997
832	998
285	371
615	1000
788	928
581	635
677	868
314	779
341	882
797	933
962	1000
404	938
841	939
596	879
307	776
601	994
821	997
499	946
521	705
292	882
383	771
897	992
451	646
593	995
450	946
670	949
86	898
339	849
848	992
889	993
363	425
472	826
563	715
119	967
843	998
260	677
554	895
977	998
359	656
488	541
498	963
575	954
671	891
354	955
137	957
486	845
425	606
43	275
232	965
447	890
667	893
125	610
378	790
801	893
754	781
107	970
289	452
720	904
835	891
384	955
577	855
838	896
783	960
58	970
144	973
176	962
93	927
473	919
555	958
574	971
641	732
954	963
527	630
384	847
829	968
144	865
592	732
844	953
863	966
866	971
764	960
34	855
102	989
435	869
94	347
814	902
544	812
122	823
953	980
541	928
429	458
816	867
847	971
518	917
319	936
126	541
814	915
497	979
557	993
791	931
785	857
596	692
675	985
95	410
480	746
609	631
471	926
531	977
378	469
765	878
930	982
448	942
374	764
869	972
198	767
640	883
827	975
598	886
417	582
224	941
475	523
394	598
554	587
75	818
443	985
746	757
374	885
811	886
781	980
235	955
288	818
362	767
790	948
807	888
347	644
402	839
135	724
795	999
693	759
901	937
753	773
431	722
540	894
194	257
33	834
938	940
657	661
478	955
767	829
54	893
959	999
125	544
908	953
892	945
350	662
993	997
52	968
704	894
776	999
607	961
706	940
472	773
852	994
100	901
582	904
246	955
521	894
989	999
540	907
861	962
899	961
637	961
609	899
359	953
259	786
166	558
553	967
685	894
674	964
197	810
238	848
926	956
764	894
865	946
411	510
521	907
326	668
28	974
532	736
162	974
826	954
5	990
583	738
121	155
62	972
645	798
404	443
185	813
534	967
465	867
36	690
550	911
583	859
321	859
613	967
654	739
805	908
507	985
28	987
721	914
330	800
619	637
963	972
481	932
319	870
29	808
134	861
34	923
736	929
340	929
777	967
92	864
78	929
240	762
601	970
620	983
485	795
267	572
263	867
772	973
230	690
703	873
210	711
8	991
402	652
171	231
214	830
797	922
742	986
814	862
203	937
640	938
860	978
552	825
813	866
441	994
788	809
655	694
677	978
173	950
332	943
184	816
929	933
552	946
27	78
679	758
524	884
469	948
133	999
651	696
293	951
205	875
64	899
862	879
765	946
806	984
778	885
286	948
883	938
987	995
577	602
477	664
760	989
80	964
83	252
597	702
16	427
31	964
769	930
581	879
741	831
639	820
861	896
606	643
551	707
88	717
965	990
280	658
753	841
780	944
577	844
637	895
375	895
857	898
447	771
961	992
135	913
537	664
454	895
590	675
361	852
204	905
634	718
56	741
363	669
168	393
357	854
604	960
623	973
199	911
856	952
281	980
666	791
146	792
555	960
734	962
522	554
527	861
114	988
7	862
111	919
768	960
606	898
465	922
96	796
715	804
486	981
305	906
250	970
866	973
764	962
227	986
37	862
138	914
620	688
215	868
872	909
13	919
816	977
585	852
681	789
731	906
166	868
648	871
307	578
735	796
349	989
825	918
608	691
291	984
511	987
444	997
478	581
161	874
240	938
455	863
661	931
399	931
633	869
600	692
932	936
302	769
453	938
74	353
599	992
487	522
492	866
814	917
538	982
785	859
788	864
196	989
485	863
397	979
355	753
682	882
489	753
511	1000
406	718
230	758
920	939
501	992
922	985
321	472
376	933
637	708
191	887
595	711
397	992
834	993
295	944
176	764
665	891
739	877
546	711
436	839
783	883
265	957
727	988
704	775
561	955
354	891
660	705
257	958
852	875
364	791
873	934
773	996
993	999
146	605
25	544
560	888
319	496
384	891
553	848
658	901
377	622
79	965
514	893
238	958
393	603
646	783
835	948
711	912
857	966
461	966
494	914
153	621
933	961
784	838
385	863
49	914
68	927
687	905
179	206
208	907
764	896
750	961
172	984
111	974
166	681
162	976
284	673
483	738
423	458
851	905
956	958
221	509
532	859
932	978
674	979
608	625
342	920
483	859
823	964
152	759
559	854
944	961
44	933
682	924
761	988
640	698
240	993
735	972
270	872
430	861
25	812
770	929
11	877
492	921
175	985
772	975
505	631
207	708
909	980
110	775
292	752
182	880
77	598
22	662
719	819
37	233
622	923
742	988
38	872
640	940
184	697
492	813
860	980
61	711
300	993
542	755
392	996
566	883
230	934
846	937
579	822
804	940
513	993
672	986
883	940
984	992
179	595
725	768
766	769
311	899
512	889
419	661
226	532
878	946
704	830
93	905
126	853
387	894
896	1000
651	940
563	827
972	995
53	496
655	830
889	997
19	848
528	725
247	712
183	956
706	997
926	1000
768	828
553	674
773	943
878	959
597	717
776	948
35	913
491	964
766	903
618	776
79	202
669	970
652	774
248	684
327	977
803	906
266	967
720	908
866	962
81	921
879	901
409	723
777	890
273	862
782	968
639	956
358	677
666	793
148	867
311	336
16	913
805	844
650	970
56	985
380	557
724	855
531	726
132	980
844	957
622	844
863	970
840	959
812	860
757	924
3	462
85	760
916	917
337	981
411	930
934	971
249	868
703	809
212	986
642	799
807	866
793	968
407	932
30	945
816	871
520	580
492	747
202	419
279	868
790	818
124	994
358	932
443	976
214	658
508	876
723	801
800	984
280	460
533	640
557	997
44	183
193	949
193	720
380	812
908	931
737	820
888	989
566	938
700	938
920	941
799	880
885	920
40	599
512	823
168	784
410	546
38	940
616	651
795	882
868	872
959	990
164	490
744	836
568	876
774	944
586	893
301	882
287	718
801	939
92	479
947	993
424	723
198	905
542	715
877	934
315	901
535	941
213	890
650	891
160	734
891	953
403	906
348	970
604	896
986	998
181	978
555	896
546	847
324	734
692	901
296	901
67	849
565	796
933	963
652	721
294	976
528	914
416	444
467	904
715	740
122	869
645	910
664	960
65	106
610	660
543	670
636	861
216	275
23	863
625	968
754	853
124	686
900	907
743	960
388	732
770	797
61	337
761	977
186	517
833	853
425	799
258	393
879	969
548	869
518	963
537	976
757	979
476	966
569	928
314	638
121	509
589	614
580	794
268	936
629	915
23	876
9	978
50	979
900	920
724	923
187	984
283	692
723	735
594	813
464	740
758	921
133	869
196	925
316	990
913	980
591	929
429	638
30	892
107	587
809	859
217	984
404	810
101	772
758	813
670	929
785	916
422	864
563	574
688	983
600	641
283	934
839	923
603	875
809	980
464	982
271	816
744	999
202	716
119	947
339	950
853	942
737	996
795	937
313	705
929	937
373	719
63	759
459	759
505	875
813	991
744	891
642	880
950	996
727	924
672	988
218	552
639	811
765	950
295	772
313	826
767	996
445	945
783	940
237	952
507	776
245	776
586	840
19	958
877	989
643	822
7	611
623	843
683	894
149	960
639	824
905	943
46	953
523	612
183	958
393	539
329	783
637	899
819	876
475	837
278	966
331	563
960	1000
456	972
537	668
583	784
836	964
849	903
131	394
494	971
810	948
653	964
446	900
129	964
685	953
148	977
251	432
5	928
173	741
458	910
747	784
346	440
461	915
590	800
175	558
939	954
6	749
226	789
840	948
518	897
647	782
41	972
434	674
687	854
296	969
893	959
626	844
48	867
254	972
703	798
568	610
740	865
592	738
867	906
886	919
710	959
763	970
923	959
284	972
215	872
638	975
691	801
556	613
406	817
299	462
120	985
645	870
78	988
730	914
441	811
50	926
554	688
12	405
911	962
300	808
561	583
602	621
566	698
648	996
716	871
941	989
719	876
834	863
853	876
591	876
584	688
916	932
112	878
459	693
918	978
697	750
499	765
765	884
892	925
911	975
795	992
869	978
492	991
528	648
681	927
65	658
63	585
794	804
216	827
739	868
73	778
408	768
320	884
320	655
834	876
429	827
360	956
313	881
781	986
593	935
412	594
579	771
73	899
117	188
554	943
89	843
493	704
801	820
185	322
822	879
767	943
390	956
197	790
794	817
141	895
67	717
361	898
172	733
89	964
727	992
223	964
551	766
426	1000
519	962
238	949
711	903
764	995
158	956
512	959
400	489
551	887
745	901
891	955
476	713
285	916
701	831
329	959
507	965
245	736
715	850
627	774
477	978
351	610
356	917
442	957
530	841
777	947
617	729
240	742
768	898
157	973
504	788
812	904
319	742
668	896
269	921
673	745
865	952
39	873
743	962
854	914
205	505
537	978
619	751
103	871
277	758
428	927
610	904
802	845
335	884
283	694
673	879
473	525
901	972
249	817
813	859
524	756
240	997
23	999
675	925
224	989
293	594
191	812
12	352
191	583
176	689
770	933
314	653
682	820
107	589
791	992
703	879
615	995
496	815
749	995
141	587
702	920
17	817
108	935
691	990
341	877
809	982
700	995
904	990
496	936
191	825
320	710
292	877
457	944
223	777
405	525
300	997
33	882
470	883
112	946
588	875
156	952
524	890
950	998
86	664
471	1000
126	965
274	836
875	945
980	998
792	947
919	988
556	936
322	769
327	847
583	773
66	254
329	893
463	893
72	971
447	885
584	890
308	955
798	819
657	843
789	999
715	784
835	886
310	506
134	775
824	956
361	966
777	881
856	945
479	958
553	907
878	963
74	909
831	888
574	966
357	968
701	778
250	842
131	396
750	899
824	848
617	784
125	847
648	851
757	794
528	971
531	717
75	437
743	896
426	960
701	899
816	849
57	568
208	966
342	966
185	982
620	910
446	794
377	923
201	963
812	851
531	838
13	912
99	915
379	969
453	918
814	897
175	681
290	631
870	977
504	856
569	985
770	975
742	913
816	862
846	970
268	993
376	792
763	972
367	972
923	961
802	900
482	693
246	453
793	851
219	993
635	908
654	921
915	962
717	977
288	800
54	633
153	346
270	931
573	703
416	985
760	795
853	986
209	921
438	515
489	746
186	937
869	967
332	762
920	932
25	53
629	985
648	998
386	998
242	990
572	865
503	994
57	944
387	819
781	975
758	991
978	994
381	775
716	994
482	827
191	880
554	703
311	945
691	937
971	991
864	865
660	806
87	944
642	937
315	542
394	835
399	950
540	660
176	878
792	881
162	714
298	309
360	958
836	887
13	591
693	875
505	824
780	992
898	984
535	932
595	717
378	948
834	999
801	822
135	961
732	951
570	889
470	951
231	440
220	776
863	882
173	206
158	837
820	956
331	728
410	792
280	948
877	938
335	618
674	838
238	951
835	941
477	967
898	997
273	908
218	972
732	964
14	913
745	903
935	1000
431	972
150	959
805	890
376	484
708	957
837	842
364	918
391	792
297	605
803	965
814	831
7	802
626	780
142	438
629	785
455	669
212	911
914	954
27	865
891	970
569	919
467	908
539	784
527	693
313	441
571	965
170	392
906	955
371	382
304	392
488	967
909	960
394	514
430	962
110	755
335	873
591	799
118	875
503	686
744	748
735	965
298	927
243	991
333	921
742	860
869	901
874	979
598	815
133	752
312	983
545	925
724	927
295	750
140	647
635	855
781	909
216	871
221	986
821	981
494	586
628	815
705	806
498	705
649	874
781	801
593	979
684	868
381	830
246	871
788	925
485	924
922	925
237	822
760	863
452	481
443	927
167	992
662	705
752	864
802	981
570	823
107	833
547	876
555	700
266	597
574	713
852	923
871	936
342	592
526	938
806	992
61	838
759	880
817	821
748	987
151	731
187	425
159	592
145	428
697	941
576	880
810	818
53	610
581	995
438	946
592	595
808	893
150	893
577	960
544	554
824	837
442	543
667	890
254	492
350	954
606	880
231	737
110	447
643	947
748	1000
89	95
844	937
63	897
604	955
819	880
824	958
942	950
265	442
726	837
182	444
42	141
486	855
742	781
310	858
272	374
48	629
287	911
328	683
548	915
460	839
14	981
399	563
624	910
435	745
550	732
333	734
324	914
761	915
282	917
404	614
717	845
598	628
455	845
837	910
578	915
793	840
158	329
812	853
75	331
352	868
953	977
851	966
529	915
399	805
416	974
397	732
127	871
927	961
946	974
402	810
247	973
572	733
825	913
949	979
525	917
464	907
629	974
758	859
763	974
804	975
501	974
559	915
738	917
858	982
916	923
520	694
714	974
184	745
552	875
175	925
772	915
445	520
431	585
529	928
482	816
694	995
17	982
127	884
336	469
682	877
869	969
511	995
304	931
108	992
512	816
443	982
591	880
773	857
811	883
676	924
621	988
662	760
579	991
582	996
389	867
820	824
892	929
355	990
424	595
451	698
262	533
19	775
389	988
769	980
152	257
663	998
864	988
537	593
454	595
247	531
739	993
121	126
128	839
255	880
563	996
829	886
815	951
451	940
308	891
657	779
643	881
866	889
926	940
986	991
433	778
70	726
666	720
817	889
574	902
214	330
269	791
164	509
29	550
636	962
796	951
787	902
914	943
102	799
243	738
933	956
592	663
294	969
163	257
80	222
733	787
10	163
125	904
243	859
206	977
416	558
541	967
314	510
71	789
62	969
659	959
678	972
309	846
488	848
157	977
854	905
638	792
261	805
668	900
327	341
179	214
557	803
749	973
601	846
143	934
397	787
858	916
641	918
635	844
700	973
282	985
356	934
441	978
152	875
515	698
592	918
297	970
624	870
503	809
718	734
277	991
833	980
101	536
744	871
119	819
624	991
806	968
98	881
406	997
654	870
318	921
263	985
781	911
244	706
786	989
860	975
557	937
598	938
45	991
769	793
862	984
195	935
171	349
214	948
350	580
811	938
709	927
533	930
612	994
772	983
868	920
780	807
54	703
292	989
325	937
727	917
209	991
630	984
864	922
809	986
437	589
965	974
822	925
348	776
364	720
295	886
896	995
660	984
123	779
613	643
114	959
628	951
526	940
727	930
625	882
671	769
817	823
403	954
926	995
493	884
479	949
465	785
231	618
537	890
551	825
859	941
743	995
373	967
271	956
577	962
617	775
433	954
870	955
56	967
419	790
113	720
440	849
44	849
118	798
500	900
517	544
613	777
585	944
38	317
34	841
189	449
689	772
565	965
330	839
645	850
763	842
307	333
248	921
349	973
946	963
316	796
132	975
476	785
569	976
930	955
486	978
687	968
907	971
604	970
459	552
442	908
342	970
483	909
543	960
617	909
23	924
97	873
303	978
377	927
523	981
495	919
830	909
453	922
635	670
953	979
612	686
851	968
596	678
730	907
749	920
293	640
485	847
867	912
633	745
927	963
490	925
127	873
292	452
765	864
751	966
663	853
305	916
520	804
492	971
525	919
409	973
268	997
712	745
63	336
161	871
290	756
436	810
629	976
499	866
344	992
110	825
633	866
306	471
894	907
283	753
219	997
167	807
406	823
915	966
519	700
524	815
455	981
381	766
403	525
408	869
366	872
479	520
709	982
146	576
841	872
32	474
846	987
106	948
785	977
496	874
366	764
619	944
705	984
484	985
773	859
360	949
59	994
144	772
875	991
952	982
390	949
753	772
926	929
664	929
301	877
769	982
829	996
669	778
433	767
70	715
815	832
542	939
729	765
338	880
95	893
577	896
631	644
130	887
405	826
312	598
787	891
88	890
951	999
646	888
458	837
497	765
222	560
447	944
521	893
777	819
502	614
884	945
989	998
507	729
551	772
19	911
733	897
221	493
933	958
536	733
412	963
747	953
170	383
865	945
818	833
708	961
501	897
928	964
293	453
881	889
96	619
275	850
624	738
16	855
184	439
461	976
189	517
309	848
455	673
499	679
316	972
564	845
724	797
825	849
608	851
26	351
826	966
504	915
605	967
858	918
11	982
502	990
499	921
614	908
177	641
526	566
913	975
770	926
217	979
846	921
450	921
832	986
529	985
241	518
50	987
320	811
688	978
499	813
53	467
573	762
614	800
628	698
264	650
825	983
200	931
470	755
84	985
165	415
560	685
739	916
885	970
904	983
441	993
834	924
806	862
424	531
456	712
676	981
368	636
533	932
874	996
404	818
385	539
560	806
832	999
651	695
40	770
609	927
545	942
727	919
308	706
24	947
65	948
65	719
459	875
679	878
25	125
68	724
885	983
422	993
843	986
774	886
856	925
498	951
135	899
685	814
148	838
253	891
676	994
487	829
51	905
627	809
852	927
752	989
31	963
829	943
328	432
396	832
831	989
757	774
866	946
733	831
755	886
548	785
281	966
129	838
726	828
456	967
960	995
743	768
569	844
352	846
646	835
650	954
161	268
465	908
845	900
449	900
160	797
467	954
522	661
623	972
502	911
180	897
958	962
450	492
68	161
620	674
699	967
881	944
798	946
710	833
372	959
224	795
568	605
661	796
564	900
911	944
457	508
803	916
71	738
365	919
717	849
821	906
143	991
485	957
688	791
721	739
622	962
484	503
71	859
487	508
392	914
403	514
895	976
765	866
547	909
888	973
13	221
846	976
1	884
579	632
524	696
744	928
174	812
513	803
22	943
600	691
85	999
682	989
231	299
695	928
445	753
340	996
615	935
656	973
908	928
410	651
448	943
157	242
616	756
781	860
299	820
417	812
463	928
70	475
369	1000
484	987
498	885
792	874
737	938
778	939
473	828
693	868
753	882
276	994
766	821
871	874
177	951
774	941
309	353
493	928
952	984
850	936
250	648
711	777
884	934
306	957
820	949
840	864
864	992
454	828
426	995
51	852
324	718
527	552
631	646
553	955
312	371
234	946
671	947
803	837
66	315
164	850
150	723
766	955
411	727
623	906
488	947
216	259
245	960
620	837
377	850
666	724
762	957
756	883
32	34
254	901
433	903
372	893
451	957
316	732
833	958
356	804
488	960
703	848
548	974
331	976
196	788
761	974
921	963
180	965
636	979
684	727
548	866
749	856
372	906
642	730
578	974
177	630
344	807
853	913
99	976
569	925
434	966
236	981
365	866
907	920
411	982
890	953
615	748
477	518
114	466
848	956
480	560
449	981
624	982
696	858
797	910
681	964
98	643
621	684
786	980
340	930
804	805
821	974
279	691
265	756
559	974
196	922
719	926
476	976
378	404
751	915
138	163
827	910
846	923
142	807
417	517
931	967
950	980
448	998
561	875
602	684
855	864
841	929
665	703
255	576
320	934
843	975
91	882
540	937
297	987
787	814
121	990
811	942
630	867
850	870
646	811
991	994
471	995
672	985
264	894
892	988
80	844
281	834
410	719
630	988
850	991
725	996
530	757
141	716
444	488
639	929
80	965
418	701
527	607
35	670
274	952
466	893
956	986
741	832
460	590
28	896
372	706
88	947
391	719
759	886
671	773
349	722
715	779
968	996
926	999
39	910
777	876
680	943
391	840
919	996
456	969
877	999
94	324
338	950
467	835
81	799
953	957
155	196
446	668
592	951
187	902
94	445
990	997
49	968
626	720
361	974
502	913
648	967
763	954
41	969
798	948
756	951
176	376
16	912
145	797
613	902
687	851
791	908
254	969
499	736
867	903
710	956
585	961
208	974
552	747
249	746
598	634
763	967
818	903
4	915
386	980
274	510
853	860
335	934
691	798
654	916
76	939
514	613
767	793
189	816
934	970
106	818
12	631
256	991
737	806
797	857
809	911
468	618
602	618
445	634
191	983
339	652
163	921
880	976
302	999
589	800
594	878
478	932
293	886
499	991
177	940
892	922
556	973
795	989
910	976
450	991
524	940
706	917
794	801
255	752
408	994
697	868
642	932
760	924
792	876
778	941
514	868
560	984
101	958
436	948
379	414
301	989
394	951
917	992
576	699
584	819
262	768
470	946
704	884
239	784
10	961
225	886
863	877
660	814
725	943
389	994
567	1000
842	939
840	866
685	992
919	930
165	956
294	841
228	258
590	839
190	905
312	602
565	782
465	844
873	935
933	949
743	825
643	887
206	849
247	887
715	726
756	764
935	995
632	957
236	728
733	780
423	554
409	656
377	852
413	546
159	666
492	546
501	780
317	959
914	949
647	834
193	398
592	898
624	850
677	713
844	890
370	970
227	921
221	847
510	721
326	900
837	850
782	914
229	967
330	790
600	614
858	909
121	387
470	504
761	976
816	912
346	734
921	965
659	965
5	175
139	929
617	968
45	742
694	922
974	976
578	976
932	979
677	726
429	624
197	466
513	968
408	686
848	958
232	460
962	979
695	864
700	979
478	866
901	969
538	917
87	981
505	740
44	116
675	922
716	923
895	925
559	976
158	632
311	874
520	984
957	985
217	983
695	985
133	989
785	915
105	927
370	407
480	804
658	810
498	592
584	632
792	810
50	173
468	686
454	522
579	931
276	930
269	705
119	946
466	990
322	982
470	880
373	947
73	951
188	938
114	723
711	713
232	944
581	869
452	718
892	990
312	415
484	936
759	875
143	606
778	888
690	775
822	931
500	880
68	728
563	936
764	926
521	939
741	942
553	891
625	767
979	999
676	998
371	887
271	949
214	378
300	418
491	952
38	418
766	891
48	611
609	944
130	946
245	896
56	731
59	477
611	724
127	382
835	883
585	708
180	888
303	729
597	947
836	963
830	889
692	955
213	957
342	842
708	899
331	912
845	904
407	907
327	389
179	262
81	922
805	953
92	788
601	894
138	904
441	676
205	665
754	907
30	812
508	851
709	841
291	853
351	904
332	625
675	964
804	849
40	453
501	848
210	864
284	850
325	851
886	918
27	928
839	843
374	743
208	976
904	908
367	969
601	907
702	959
790	806
105	740
485	961
434	915
615	926
463	798
876	967
413	977
702	851
402	818
809	913
103	936
115	990
202	649
702	972
843	911
765	991
663	980
682	993
179	867
82	934
335	360
538	985
279	990
535	687
628	878
572	983
806	921
575	988
704	873
248	593
528	647
285	889
753	994
706	919
799	881
744	945
384	639
329	703
563	870
366	999
655	873
778	943
487	996
690	830
354	881
113	526
239	665
896	935
780	989
940	978
516	650
870	882
680	758
597	989
93	961
643	876
233	712
954	997
219	548
398	779
926	935
783	886
824	887
865	925
842	941
988	995
625	943
840	868
597	881
504	653
215	550
165	958
657	895
743	935
489	530
62	722
370	838
731	817
433	894
648	782
633	659
803	841
431	969
925	952
507	964
634	776
842	954
969	995
196	779
60	918
252	859
879	957
516	905
268	803
791	844
796	959
474	908
548	857
624	852
233	967
687	908
566	618
772	952
818	839
578	857
619	629
784	962
751	785
30	988
20	980
64	986
212	921
348	516
802	952
535	608
614	901
210	811
913	968
612	976
164	291
890	957
807	922
394	524
559	857
127	934
792	799
943	968
277	878
483	983
142	690
276	919
395	870
697	912
353	873
494	812
383	981
672	855
746	804
938	974
575	922
470	640
440	468
178	468
788	922
461	527
889	974
209	986
33	989
51	777
183	933
898	915
442	635
862	992
540	941
383	994
245	764
787	818
281	946
341	997
850	874
290	951
338	699
991	998
153	653
460	810
551	928
713	761
933	993
487	943
822	933
987	1000
665	949
687	708
329	1000
747	759
667	995
326	702
364	957
534	880
639	933
676	1000
836	952
660	992
613	880
687	829
720	777
76	675
291	600
530	882
535	997
356	729
232	959
755	1000
111	898
653	952
735	762
231	734
413	482
437	839
509	944
449	664
242	600
949	950
805	942
430	772
756	942
723	765
612	668
854	955
9	900
83	849
14	978
297	778
113	957
476	780
401	606
626	953
659	901
97	868
174	563
386	742
347	491
756	955
797	956
117	968
800	961
874	910
5	232
395	912
832	913
785	838
596	673
496	735
348	571
372	965
854	968
633	969
55	992
793	958
719	743
927	958
297	791
204	563
806	897
828	915
368	442
511	979
263	914
712	969
538	853
612	802
18	817
293	756
642	681
721	974
628	746
922	964
108	976
880	967
737	918
318	971
115	871
445	746
813	913
128	810
119	990
568	853
499	982
788	856
672	681
751	974
302	882
952	964
547	915
693	740
464	917
887	983
73	995
436	818
40	589
427	998
549	695
843	913
820	929
437	639
855	923
216	936
810	857
447	805
397	984
259	754
746	872
429	936
685	862
878	991
831	916
387	939
561	826
239	775
109	931
632	706
246	936
623	657
683	937
323	365
89	952
856	865
606	690
699	881
864	985
924	999
349	768
662	999
877	924
32	603
426	759
232	893
493	934
473	955
151	904
183	893
169	958
549	950
810	991
947	996
432	779
559	591
674	837
720	953
835	940
164	735
981	994
678	956
53	904
650	894
791	833
377	964
726	889
495	727
352	907
742	833
906	941
648	905
111	966
395	496
400	840
782	905
83	904
105	663
248	971
927	1000
407	964
489	774
121	378
816	903
272	776
833	843
678	969
860	946
284	786
380	494
932	970
233	969
305	845
635	720
19	451
131	692
323	862
235	749
334	728
110	983
707	973
848	949
415	572
272	789
943	957
392	854
282	982
832	860
334	849
793	905
149	803
536	983
314	870
11	869
484	564
640	811
170	633
478	749
612	978
101	762
18	993
207	929
193	994
582	806
682	929
778	866
556	561
248	408
506	703
593	857
574	578
1	945
558	570
618	621
182	993
256	942
359	626
894	970
140	996
542	747
382	529
403	588
931	973
950	986
843	860
588	984
142	934
541	643
752	863
917	930
213	814
980	986
341	999
74	884
556	924
795	940
10	899
261	481
407	535
357	943
627	804
274	945
752	984
292	999
414	696
465	890
644	892
377	777
831	984
671	766
495	769
789	987
646	938
68	961
627	696
477	900
375	889
153	776
898	930
287	776
669	841
419	895
116	894
960	990
671	887
831	876
247	825
178	954
541	777
525	769
323	554
328	669
331	903
7	25
242	602
789	1000
173	502
646	951
439	887
84	659
199	905
128	436
638	952
476	890
242	723
710	828
622	944
75	317
85	739
613	895
893	949
731	887
391	967
3	562
291	965
2	862
420	621
511	968
497	841
805	957
478	562
879	906
15	572
721	963
523	978
490	801
517	904
797	958
608	793
508	855
76	932
855	899
497	962
827	837
266	275
197	404
105	852
608	914
445	627
450	971
785	961
386	986
224	924
790	810
360	933
597	617
24	984
827	850
59	978
45	814
36	994
526	858
457	987
586	872
751	976
387	928
332	992
275	458
676	802
225	637
610	973
785	974
807	992
765	995
369	995
663	984
65	769
896	926
290	887
899	931
398	649
978	995
31	892
172	831
278	998
672	925
350	874
18	135
195	1000
693	984
882	883
319	477
780	872
202	895
799	885
683	939
843	928
543	636
722	867
755	815
727	982
567	764
842	932
386	423
284	641
864	987
542	936
743	926
165	949
333	533
899	944
637	944
852	869
153	831
497	641
631	641
433	885
856	988
264	847
787	888
336	952
578	714
891	945
51	968
154	423
673	722
67	949
474	778
465	958
754	832
47	970
840	872
988	999
363	947
468	1000
247	772
104	952
541	953
33	254
544	958
747	829
645	781
576	947
111	847
518	942
270	840
671	955
168	334
48	912
502	853
185	917
152	740
694	794
205	603
284	896
303	909
432	794
592	783
13	847
481	915
536	622
703	735
4	963
647	840
36	686
259	435
888	902
409	904
950	962
366	682
705	902
228	977
677	840
66	915
481	928
630	728
2	930
323	985
1	934
376	848
343	671
422	964
78	925
779	972
434	974
286	810
346	861
258	977
767	854
596	972
950	975
366	924
490	990
52	993
267	689
189	998
393	505
802	969
917	919
540	932
237	931
273	588
438	921
676	978
896	981
808	868
271	929
780	806
586	940
438	813
773	803
685	919
107	942
542	870
440	822
32	539
365	419
664	981
67	762
12	826
342	701
204	996
856	922
861	1000
470	886
93	899
616	940
473	891
192	878
491	945
590	658
483	532
956	981
119	255
298	486
224	308
597	819
439	647
136	838
585	701
664	994
203	370
208	714
884	997
139	843
41	722
550	828
729	830
236	668
631	938
791	890
414	940
254	722
474	954
529	661
94	440
305	889
368	420
714	828
645	957
731	997
598	616
55	862
605	777
481	970
591	613
522	779
728	847
263	784
731	889
631	951
323	798
598	737
937	957
111	915
666	908
480	489
173	975
907	970
626	957
208	969
386	975
413	849
573	801
182	916
811	858
379	972
621	734
445	508
937	970
147	814
628	858
707	922
600	796
397	733
744	925
381	873
774	804
545	981
820	920
691	806
503	984
718	909
267	973
603	693
167	806
676	912
621	976
602	734
695	925
795	863
13	339
306	820
460	506
162	812
267	865
253	930
313	981
27	358
799	874
785	976
530	686
609	750
526	981
545	994
820	933
644	707
671	810
924	990
63	927
500	928
808	815
112	294
898	974
917	987
72	895
669	885
787	877
313	994
662	882
674	936
803	821
491	1000
128	948
169	949
692	990
780	874
683	941
461	828
722	869
259	879
204	943
6	433
385	954
627	753
434	587
384	995
678	947
764	987
750	823
650	885
634	877
754	942
721	765
148	903
335	729
412	949
352	669
833	942
866	890
645	662
851	996
925	945
529	716
288	361
23	844
587	657
738	826
657	901
123	967
720	957
764	1000
356	909
571	834
731	823
409	772
35	975
401	544
925	958
185	919
26	337
633	786
503	676
902	947
220	324
473	504
860	950
712	786
120	911
661	740
913	961
635	953
129	327
561	738
186	632
79	506
194	981
846	907
87	855
288	616
730	961
312	973
909	963
21	272
821	850
3	632
600	622
209	966
883	910
828	974
709	794
103	984
321	389
524	977
408	802
298	930
17	917
834	910
416	922
457	923
586	808
262	684
322	735
459	740
767	856
450	920
579	805
469	933
18	997
615	987
2	235
774	980
125	571
471	979
586	929
672	969
662	924
225	694
607	759
101	887
711	816
17	930
581	972
961	964
61	936
575	928
79	990
46	584
137	931
533	931
558	695
310	364
494	939
755	980
636	763
161	241
512	993
892	985
47	893
699	819
704	934
418	577
234	756
643	924
252	773
987	993
305	636
431	775
172	780
655	934
419	657
528	829
835	986
62	770
750	878
72	963
194	660
414	929
543	814
372	703
132	950
803	889
789	991
374	483
687	943
43	383
865	986
244	373
617	884
617	655
741	950
923	927
565	953
418	940
537	891
215	840
564	994
397	588
297	650
509	829
168	499
756	935
830	884
90	845
580	709
351	886
337	722
851	943
956	996
334	424
413	717
611	961
330	948
927	938
738	773
569	964
206	912
949	956
304	666
428	961
736	848
441	900
532	789
740	967
721	725
270	789
779	895
710	832
715	910
319	910
797	949
728	849
714	951
733	964
483	789
698	714
895	962
325	846
344	859
22	579
94	684
402	800
608	905
698	835
82	566
702	954
480	841
246	674
535	548
941	970
397	843
77	636
66	972
622	961
374	859
57	923
566	800
337	977
725	793
937	972
807	862
311	695
605	913
363	562
454	680
87	923
725	914
408	978
475	739
966	976
195	870
341	924
353	934
573	937
667	801
198	996
616	755
690	704
332	996
156	999
799	876
482	940
89	945
130	983
223	945
567	755
446	694
588	814
385	714
780	984
403	997
40	945
217	349
898	976
530	580
750	812
120	416
438	991
556	983
321	820
803	823
935	979
68	899
403	889
714	751
727	986
353	479
647	697
597	876
836	892
536	600
338	881
257	956
398	895
604	1000
370	833
301	999
28	840
193	382
196	653
677	697
269	902
7	902
700	829
268	906
763	885
689	707
210	672
757	841
219	906
90	792
203	669
43	451
1	683
749	842
446	841
895	896
666	844
913	950
173	911
25	784
888	893
249	677
629	898
656	772
287	380
163	610
278	560
911	998
154	790
714	898
115	798
712	788
20	975
717	903
524	737
629	790
90	216
730	842
619	974
8	857
672	837
603	737
589	839
957	969
673	981
184	790
392	968
6	932
931	953
867	968
3	634
526	675
4	41
828	976
506	696
271	799
147	992
904	971
441	981
559	973
595	630
718	737
1	830
582	812
315	697
889	969
311	992
328	407
452	702
167	984
679	866
343	917
398	587
926	972
945	985
301	691
961	966
470	877
234	866
93	890
198	943
327	828
789	859
808	872
271	933
357	936
560	807
899	990
632	646
403	823
769	917
89	892
92	638
149	943
6	369
861	883
410	947
611	708
831	977
456	834
542	874
748	979
706	982
219	598
343	930
549	998
428	708
736	824
667	990
801	990
919	982
652	867
817	934
5	790
657	716
830	873
546	885
747	875
337	711
645	827
359	995
975	998
152	665
391	947
187	888
443	585
525	883
967	999
805	937
122	678
731	759
865	988
221	657
601	649
298	611
229	777
638	945
416	603
622	708
35	911
164	796
728	838
249	840
120	726
328	904
736	958
469	614
854	950
289	912
163	544
710	942
770	956
80	509
30	917
118	801
949	958
547	655
133	786
601	891
150	201
730	776
661	905
900	958
91	560
265	447
707	792
724	961
839	948
388	783
770	848
11	796
332	851
