55	57
13	88
88	100
26	39
70	73
28	67
47	80
55	93
17	76
21	37
77	99
5	92
58	95
80	95
9	99
21	64
61	100
40	77
21	73
73	74
73	83
81	96
44	56
20	95
31	95
3	33
12	100
4	96
51	91
32	96
43	96
96	99
35	92
88	95
55	70
47	66
28	62
46	98
36	75
58	81
5	87
50	86
58	99
80	99
61	95
19	98
81	82
81	91
73	87
81	100
31	81
62	96
73	96
31	90
84	93
23	95
66	75
43	82
17	39
24	87
1	94
65	97
88	99
68	93
36	70
6	29
77	80
17	75
5	82
40	49
69	85
9	80
50	81
61	81
58	94
77	98
80	94
19	84
30	84
27	97
61	99
62	64
19	93
30	93
91	100
62	82
39	89
73	91
39	98
20	94
43	59
84	97
95	97
12	99
64	100
24	73
16	69
13	82
96	98
46	79
57	79
88	94
16	87
46	88
49	84
17	61
38	93
49	93
69	71
15	100
77	84
69	89
69	98
8	79
42	90
19	97
42	99
54	64
94	100
31	80
51	58
12	85
23	94
13	59
87	97
43	72
45	91
45	100
46	74
1	84
65	87
88	89
65	96
38	88
27	60
7	91
42	58
58	75
18	100
69	84
80	93
50	89
30	83
91	99
8	92
31	57
94	95
75	91
41	98
32	40
4	67
84	87
13	45
24	45
72	94
95	96
56	86
34	95
65	82
49	65
68	78
15	72
76	100
57	96
68	96
38	92
58	70
7	95
42	62
71	98
27	73
82	98
30	69
10	11
91	94
12	39
83	90
60	97
83	99
75	95
13	31
53	67
33	98
72	80
1	38
84	91
24	49
53	85
64	85
34	81
53	94
87	96
37	86
56	99
17	28
86	100
28	37
7	63
38	78
49	78
57	91
18	72
79	88
18	81
8	46
79	97
71	93
63	89
48	100
20	38
12	34
2	11
20	47
91	98
60	92
83	94
41	88
41	97
52	97
44	93
72	75
53	71
56	67
34	76
53	89
64	98
34	94
46	59
86	95
3	88
37	99
38	64
67	100
57	77
68	77
78	100
26	71
26	80
71	79
79	92
90	92
48	86
71	88
63	84
7	94
71	97
11	55
63	93
75	76
83	89
60	96
83	98
75	94
10	95
22	69
37	76
34	89
45	89
56	89
86	90
78	86
86	99
97	99
37	94
68	72
7	71
71	74
79	87
98	100
8	45
48	81
82	83
29	77
90	96
82	92
48	99
20	28
63	97
52	69
60	82
33	65
83	84
33	74
41	87
74	93
85	93
25	88
2	95
25	97
64	79
66	98
22	91
78	90
89	90
78	99
89	99
18	57
70	95
15	70
48	67
63	65
9	94
48	76
79	91
71	87
48	94
20	23
29	99
33	78
52	91
85	88
25	83
34	61
85	97
32	100
13	96
67	76
78	85
97	98
55	92
36	88
70	90
70	99
29	67
8	44
63	78
63	87
6	92
41	59
81	95
60	72
62	100
73	100
52	77
54	96
33	73
2	67
10	80
93	96
66	79
85	92
43	86
66	88
43	95
66	97
35	91
14	68
26	33
35	100
86	93
36	74
59	76
70	76
78	89
36	83
78	98
89	98
70	94
9	75
29	62
92	100
40	71
6	78
81	90
73	86
81	99
54	100
14	36
66	74
74	87
85	87
93	100
51	94
85	96
14	54
24	95
35	95
16	91
55	82
59	80
70	80
47	87
48	52
36	96
19	25
47	96
17	92
69	93
77	97
48	70
92	95
6	64
50	98
81	94
10	61
44	63
51	62
62	99
73	99
12	98
35	72
66	87
96	97
35	90
88	93
15	32
59	66
55	77
36	82
47	82
50	84
92	99
6	68
27	100
8	96
2	25
44	49
62	85
54	81
39	92
20	88
54	90
54	99
95	100
23	93
51	84
35	67
85	86
4	98
66	82
24	76
32	89
13	94
24	94
47	59
55	72
76	95
88	97
16	99
46	100
68	100
38	96
69	83
5	89
58	92
27	95
61	97
30	91
19	100
43	48
39	96
54	94
43	66
87	100
66	77
32	84
16	76
35	89
76	90
9	37
76	99
28	59
6	22
57	95
68	95
26	98
49	100
50	65
40	42
50	74
5	84
77	100
61	83
58	96
69	96
80	96
50	92
8	86
42	88
42	97
73	75
11	100
62	84
54	80
43	52
51	65
31	96
72	97
84	99
64	93
56	98
24	75
16	71
65	94
76	94
46	90
57	90
68	90
38	86
68	99
77	86
21	33
80	82
58	91
42	74
69	91
50	96
11	77
39	59
19	90
20	55
83	93
11	86
91	97
30	99
60	100
84	85
4	74
23	87
1	50
64	88
35	61
64	97
87	99
56	93
1	68
37	98
65	80
76	80
38	72
28	49
57	85
68	85
15	88
26	88
49	90
79	100
90	100
80	86
42	69
61	82
31	59
83	97
94	97
4	51
52	100
1	27
53	74
72	87
4	78
84	98
53	92
87	94
34	97
9	22
68	71
3	100
76	84
65	93
46	89
68	89
98	99
26	92
90	95
18	88
30	53
58	72
7	97
82	100
27	75
39	40
19	89
60	90
83	92
39	67
75	88
11	94
12	59
52	95
44	91
53	78
72	91
56	74
53	87
72	100
45	83
56	83
22	90
17	21
45	92
22	99
37	97
15	87
79	90
71	86
27	61
90	99
7	92
82	95
63	91
29	98
40	98
63	100
2	4
83	87
83	96
44	77
41	99
13	28
33	95
53	73
64	73
72	86
2	98
45	78
14	72
86	88
3	81
14	81
15	46
45	96
86	97
3	90
37	92
67	93
78	93
89	93
14	99
26	82
79	85
30	52
42	54
40	84
71	99
82	99
30	70
21	89
21	98
23	49
10	79
41	94
75	96
44	90
10	97
56	64
14	76
78	79
22	98
14	94
67	97
89	97
36	100
47	100
18	82
79	98
29	79
90	98
40	97
23	26
60	75
75	82
41	89
1	16
44	85
66	91
32	98
66	100
56	77
15	36
55	81
86	96
3	89
18	50
47	86
55	99
47	95
48	60
70	97
5	98
17	100
29	74
71	89
63	85
60	61
52	57
60	70
62	98
41	75
75	77
22	34
74	90
85	90
25	85
10	96
51	97
74	99
3	57
32	93
18	27
97	100
70	83
55	94
59	92
92	98
29	69
63	71
9	100
40	78
6	85
81	88
60	65
25	44
21	92
74	76
2	69
51	83
74	85
25	80
93	98
51	92
32	97
66	99
96	100
67	73
16	98
67	91
78	91
89	91
70	87
5	79
28	81
77	95
92	93
80	100
62	79
52	56
73	88
41	65
31	91
54	93
74	98
23	96
85	89
51	96
43	92
