142	727
524	792
791	907
785	833
656	719
432	974
480	722
232	620
770	969
929	962
712	964
304	681
376	786
399	918
53	281
484	733
603	684
200	974
748	779
192	561
697	962
380	797
633	977
397	966
531	966
286	869
561	808
239	757
712	977
734	736
871	970
269	407
76	241
427	993
628	983
480	856
600	921
108	984
737	926
162	695
506	993
795	867
225	980
387	813
725	808
329	808
496	985
554	926
834	980
639	741
28	816
97	421
878	986
179	985
799	878
664	919
810	973
658	875
778	940
905	981
363	698
789	806
882	997
646	986
940	975
747	809
40	947
678	709
731	801
958	992
810	865
20	709
722	752
815	943
532	591
556	985
349	884
872	925
490	594
935	981
379	763
310	663
79	242
764	870
367	645
861	951
726	992
165	955
66	424
902	925
88	183
315	899
442	940
115	316
395	599
754	946
504	771
757	951
80	443
65	320
865	935
906	936
925	949
207	669
779	831
148	210
180	953
610	766
703	728
381	677
358	959
812	900
443	774
186	852
148	331
915	998
506	564
593	718
846	898
651	659
18	746
496	785
64	862
716	788
339	801
449	969
681	723
557	916
703	970
615	857
17	908
358	972
751	903
5	524
786	860
813	963
510	962
596	736
193	989
334	736
545	919
149	919
820	858
185	347
484	909
322	847
663	911
248	403
275	506
684	970
477	640
843	963
135	876
80	940
878	920
258	983
299	984
646	799
73	937
217	393
241	750
91	991
378	755
801	858
162	871
665	933
618	858
741	928
498	941
121	991
759	982
919	971
518	627
542	984
266	820
720	990
747	864
241	992
838	982
86	889
449	648
965	979
330	468
863	931
756	805
71	473
322	994
234	881
638	705
454	884
476	643
34	941
4	540
446	885
625	887
201	825
757	777
333	944
819	874
645	950
805	939
865	990
428	952
837	891
782	955
821	883
840	933
826	998
960	998
523	960
261	960
355	366
510	883
716	722
936	991
114	159
666	901
339	506
490	904
946	955
352	970
295	436
797	832
38	780
280	313
211	213
183	380
923	944
661	907
834	835
402	912
858	963
302	745
159	962
350	493
640	969
785	835
661	799
265	799
375	442
807	853
20	214
27	927
190	396
511	976
767	902
841	851
206	340
739	840
515	866
642	907
265	920
922	961
168	987
355	850
214	874
468	727
141	746
29	47
158	686
342	507
834	969
18	117
138	219
14	412
822	851
546	687
307	930
482	931
86	931
31	995
801	913
424	926
245	466
718	915
5	713
354	638
54	871
558	633
783	980
623	762
658	985
410	654
363	808
5	834
462	521
522	572
252	711
178	533
563	869
884	924
345	646
704	993
129	762
657	881
495	819
555	870
21	936
186	249
461	942
361	775
796	932
507	829
106	485
381	424
553	945
914	924
597	988
831	926
734	993
472	993
164	840
434	472
852	985
7	893
475	998
268	668
364	901
861	953
331	724
840	867
163	359
178	896
346	480
43	442
34	888
772	817
483	714
684	704
675	884
105	539
757	953
696	714
562	899
111	963
226	950
326	888
629	660
763	889
890	930
64	622
927	997
523	907
911	989
844	999
56	209
429	720
525	953
318	660
442	955
455	894
923	999
4	958
614	887
173	915
200	789
527	918
277	972
906	951
104	263
307	851
818	838
141	559
251	727
760	833
242	907
825	962
589	951
262	556
74	505
730	846
661	975
260	631
936	951
600	965
218	405
691	854
737	970
957	973
198	921
437	449
547	846
533	911
54	913
482	865
334	738
378	744
61	808
9	389
107	924
281	582
547	967
406	991
258	864
607	981
901	970
794	844
799	922
169	755
296	567
609	798
287	518
595	634
452	814
686	752
630	857
561	986
495	632
533	924
500	747
266	580
257	989
417	978
155	978
711	930
664	855
549	639
287	868
769	908
889	973
975	976
787	925
372	683
264	655
429	988
336	760
745	928
607	994
440	588
44	588
211	765
197	830
945	989
903	992
199	876
878	935
556	921
979	987
831	860
165	999
454	873
643	809
720	763
458	992
502	540
914	979
399	533
476	753
206	892
109	996
145	653
420	592
604	938
370	771
263	645
548	777
749	767
694	831
513	527
321	771
756	928
209	301
302	492
819	984
194	666
854	941
611	954
738	995
550	944
149	371
443	589
29	720
309	774
736	841
823	995
143	970
110	793
499	605
476	887
33	546
401	713
24	497
736	962
6	857
744	786
848	880
72	393
158	433
760	767
77	508
545	613
586	614
286	847
709	721
728	734
681	888
103	911
390	675
739	829
515	855
740	973
774	786
462	965
589	777
566	793
250	264
749	914
293	634
31	863
807	855
154	970
457	742
584	783
811	974
663	847
181	578
249	978
73	981
482	920
807	976
521	619
3	693
534	558
267	968
682	981
602	958
547	793
373	640
560	732
679	683
7	519
292	917
256	994
161	168
52	935
795	979
454	686
244	876
431	702
780	856
40	817
544	579
268	415
600	925
493	799
947	969
267	981
327	995
583	692
385	936
720	926
362	989
959	979
530	802
623	764
576	689
521	753
125	753
815	934
734	982
486	880
439	805
711	998
912	988
342	872
204	938
264	952
350	992
639	866
237	297
51	844
720	939
847	980
398	888
577	890
678	942
764	982
511	536
516	880
645	765
199	944
328	829
259	995
507	831
741	998
157	947
784	816
775	996
935	985
11	600
300	474
954	998
286	539
272	412
631	759
39	847
125	887
689	929
763	878
842	942
9	941
551	995
710	759
844	988
930	991
52	493
819	931
796	947
689	821
317	949
840	990
129	898
531	649
723	819
814	937
194	963
202	558
276	544
615	727
716	779
721	894
867	948
578	845
814	829
332	789
714	891
717	896
441	961
730	835
702	773
171	319
723	832
888	899
670	905
790	970
760	835
297	845
512	733
283	910
462	912
538	907
794	833
1	931
684	961
394	862
36	925
718	959
737	972
234	617
332	923
676	733
115	925
285	582
706	841
785	905
769	897
628	921
774	975
889	962
727	900
892	967
80	823
589	966
864	905
198	815
583	626
841	921
137	805
384	682
711	811
521	916
158	864
373	937
674	865
574	927
417	980
852	908
342	806
595	757
570	929
690	994
905	919
454	983
239	829
762	870
170	995
569	704
926	978
141	937
623	940
208	698
843	980
139	598
741	932
378	880
801	983
317	641
778	999
146	988
877	978
421	698
622	688
238	991
613	868
315	945
67	880
461	770
180	757
796	989
870	938
243	776
275	994
449	881
745	943
5	904
440	832
305	873
444	951
733	825
576	878
823	984
928	1000
817	940
132	837
569	838
99	660
902	984
599	717
879	1000
689	876
231	964
702	815
435	959
316	779
503	605
687	951
816	836
544	902
879	892
216	548
156	268
4	894
565	961
740	962
526	710
705	712
511	846
791	900
918	941
694	967
119	736
668	951
728	965
310	977
626	954
304	903
469	970
568	949
399	911
677	892
484	726
360	919
478	911
307	800
36	980
325	854
834	960
908	909
672	898
116	680
322	785
19	747
445	855
321	331
450	970
922	965
534	560
314	816
676	909
43	996
46	513
841	976
940	955
959	968
978	981
260	930
549	575
741	745
460	732
575	978
652	673
910	968
693	970
370	694
246	924
366	989
278	876
317	804
396	868
616	871
385	938
266	758
257	938
338	634
343	978
508	520
899	930
361	995
571	576
273	882
655	984
815	936
620	697
606	799
336	938
224	468
162	822
817	982
970	995
627	858
412	933
954	987
508	641
491	997
558	758
893	977
759	933
385	951
921	931
585	982
879	934
282	715
939	985
548	834
634	874
171	884
942	990
298	659
451	938
583	828
687	885
425	885
444	898
464	584
717	764
197	203
274	423
592	998
845	949
215	782
66	659
805	998
736	898
326	1000
532	839
251	826
485	764
213	305
619	727
830	947
723	821
332	670
505	598
276	775
207	904
386	906
784	952
869	996
63	603
20	970
524	732
455	898
348	735
716	902
802	942
499	904
535	598
31	570
517	958
737	961
322	490
57	973
360	745
654	963
695	964
45	855
110	984
447	606
663	904
593	845
920	974
68	694
71	211
554	853
399	979
591	920
938	964
695	977
794	956
899	972
40	753
871	910
843	848
609	681
72	705
347	681
892	969
630	969
229	625
611	690
487	920
662	921
646	684
288	976
362	925
618	622
389	799
664	967
26	710
204	982
235	295
383	984
451	859
224	402
778	988
179	925
196	340
220	697
475	923
755	977
254	695
592	690
652	741
509	921
5	893
486	708
269	939
665	939
706	977
618	864
692	813
866	929
81	659
777	857
856	921
498	947
859	926
471	521
963	983
569	598
539	692
599	706
84	526
227	834
263	528
428	824
653	942
501	585
298	714
210	372
113	934
127	603
206	896
569	719
847	929
948	981
805	932
617	881
106	665
395	539
620	886
284	708
900	940
784	994
145	778
659	999
82	429
97	966
647	881
955	997
14	968
41	842
508	951
106	907
367	719
476	891
943	1000
360	679
520	668
368	540
184	719
222	974
693	825
593	658
455	953
40	445
91	676
402	797
247	371
712	730
612	792
235	805
582	849
21	324
716	849
941	967
834	841
797	959
621	962
404	964
478	913
841	965
362	967
174	916
563	728
876	959
499	972
688	908
834	962
908	911
806	900
390	921
725	911
670	975
403	860
697	849
769	954
773	844
778	922
248	693
410	526
795	862
822	965
404	977
739	967
516	629
378	924
116	924
350	862
630	916
850	919
693	972
660	795
390	934
431	935
868	973
766	925
667	919
89	942
382	935
905	976
877	914
266	989
149	175
82	939
560	978
272	511
577	881
260	945
597	981
611	650
8	357
569	653
522	807
285	894
351	696
870	995
391	997
96	820
578	823
611	771
583	938
569	774
314	484
387	474
370	830
819	922
342	997
736	887
259	999
553	951
680	992
289	841
812	882
673	723
244	546
698	753
372	997
592	1000
86	374
927	990
839	877
696	828
221	949
510	823
629	774
703	952
152	849
394	611
427	559
614	651
779	947
812	895
839	998
173	908
448	847
874	955
339	567
297	836
825	955
797	893
520	844
112	790
57	854
248	385
860	949
661	968
834	896
466	500
727	770
619	742
806	834
84	849
436	971
615	973
871	899
463	616
587	911
908	966
438	788
691	968
820	853
658	791
593	847
505	963
271	796
169	748
417	621
945	969
205	967
540	920
719	922
176	909
498	694
140	986
575	914
299	979
22	176
475	912
664	848
461	748
70	863
586	928
135	992
583	630
354	807
519	874
866	918
766	980
799	928
945	982
678	867
898	907
917	920
488	743
488	514
584	976
330	571
476	625
164	767
766	872
838	977
956	969
512	992
713	982
620	754
680	805
50	638
397	453
789	977
211	1000
247	694
627	915
926	982
659	867
301	930
337	587
824	934
139	831
450	464
331	772
64	428
280	992
858	932
963	985
393	869
324	998
742	757
838	990
122	783
153	887
208	823
166	826
652	985
234	997
292	413
789	990
314	431
948	983
184	587
455	821
298	837
215	839
944	985
159	944
178	957
489	819
341	426
497	939
593	647
307	778
97	968
955	999
110	678
154	950
462	837
622	826
723	878
668	942
869	932
60	268
731	998
772	999
543	947
763	950
499	840
922	943
707	789
182	904
719	843
779	894
452	499
619	676
481	971
322	655
2	973
934	953
271	609
524	789
496	956
785	830
408	614
532	909
895	961
397	950
811	967
570	612
594	969
693	948
626	958
293	977
246	902
157	335
506	748
41	160
211	800
390	802
426	496
558	615
582	972
716	972
480	961
176	964
179	969
104	566
417	797
632	685
852	954
260	813
447	905
89	931
254	510
727	959
947	962
905	965
588	800
192	800
674	803
385	700
49	751
632	806
618	908
558	628
706	792
585	731
766	806
359	913
281	993
13	690
541	809
871	980
777	793
653	757
787	986
344	416
528	991
338	867
558	870
428	531
441	470
859	983
740	766
657	997
954	991
16	708
269	888
733	992
865	919
428	881
455	755
763	871
605	699
654	820
458	945
310	781
387	476
881	984
900	997
182	488
555	999
352	899
30	848
79	252
805	881
166	894
634	999
648	897
50	719
523	902
779	828
187	953
228	725
319	843
814	822
598	672
413	892
191	550
213	309
311	844
705	1000
853	898
476	948
30	861
103	851
533	664
230	663
887	896
906	946
512	726
38	843
869	1000
189	975
132	441
593	836
813	839
904	957
315	562
246	728
853	911
792	901
341	736
660	718
450	908
491	909
193	986
274	682
609	672
892	960
195	803
387	973
795	798
841	914
679	852
384	675
619	986
350	798
759	966
919	955
556	903
938	968
836	920
509	562
146	510
519	984
445	806
701	732
35	642
458	745
558	683
348	873
628	927
686	868
611	694
863	915
62	637
414	796
667	976
669	820
644	992
845	982
960	969
151	830
82	996
352	591
835	974
650	928
97	715
933	987
831	976
117	815
136	828
549	997
502	885
538	579
722	925
754	877
817	933
963	987
687	823
420	708
599	939
673	888
708	882
620	998
854	936
694	718
914	987
50	653
784	877
770	942
594	716
131	726
309	769
763	939
185	962
923	928
735	877
858	947
94	551
322	415
2	962
730	883
21	423
895	950
518	1000
707	899
289	911
22	796
719	724
333	954
742	893
869	934
709	716
221	898
890	993
642	891
427	737
242	957
171	488
115	852
290	853
324	437
788	837
633	963
807	850
58	503
149	850
545	850
691	904
853	966
355	955
14	396
910	948
506	858
406	920
266	617
156	745
99	211
519	568
1	871
321	324
472	722
697	840
769	945
702	955
862	907
755	781
746	961
168	984
503	974
143	402
542	673
393	550
546	563
100	971
711	859
898	951
609	848
727	840
42	737
418	499
561	807
552	987
500	797
99	453
679	799
188	976
24	50
320	866
631	728
172	702
341	925
244	992
896	918
68	995
35	818
477	934
155	920
958	978
669	875
177	938
18	127
132	872
252	708
472	977
664	918
29	407
708	924
204	933
9	694
685	977
537	813
845	929
726	749
924	993
445	995
250	985
548	827
437	996
638	986
490	593
531	631
233	937
302	542
112	647
360	483
847	867
571	932
700	817
612	704
650	996
906	922
185	896
37	769
842	937
284	875
504	878
633	763
509	993
569	778
949	999
761	948
186	717
585	988
538	647
427	779
501	765
680	996
518	934
900	999
130	300
830	940
814	932
791	948
395	948
502	845
353	722
740	902
58	545
306	381
760	817
366	432
228	956
371	483
837	956
441	956
964	997
573	846
760	938
438	658
536	964
448	851
76	979
874	959
411	969
175	958
524	846
804	900
573	967
788	892
655	777
297	840
820	844
575	784
643	659
261	328
68	687
288	956
664	718
834	900
223	975
457	913
806	838
718	954
792	903
897	956
220	677
96	153
225	792
156	692
579	795
706	836
18	987
809	964
547	964
349	454
607	978
857	860
444	462
718	967
430	500
690	868
98	993
695	983
299	983
734	911
711	927
810	906
956	960
768	909
630	975
831	965
456	822
445	929
560	916
257	878
67	983
581	975
488	747
667	978
400	634
42	926
534	863
537	868
160	881
504	691
831	857
242	691
440	935
893	917
277	419
972	981
631	688
502	766
359	983
428	588
743	865
674	994
49	942
481	599
486	943
860	861
543	696
270	537
944	976
963	989
99	655
178	948
379	709
411	890
571	879
55	962
388	650
159	827
489	702
742	882
46	361
645	949
120	835
376	761
717	825
155	304
638	946
302	960
944	989
94	553
682	952
434	887
126	734
874	893
299	433
557	957
684	769
937	949
92	894
307	782
7	261
224	784
432	962
661	785
311	672
204	546
591	955
658	716
374	957
30	918
145	905
101	798
188	952
535	767
466	667
311	793
584	659
883	955
184	954
406	801
371	780
32	331
697	950
633	965
77	747
328	329
732	907
765	855
607	912
304	911
744	917
293	981
804	968
586	974
880	963
65	750
679	909
940	950
186	222
480	965
540	750
878	974
836	977
187	339
123	812
887	979
114	992
293	994
609	971
650	743
829	974
359	796
218	820
102	874
88	976
93	825
616	866
662	982
27	471
899	925
783	979
655	979
216	343
278	992
405	804
456	998
652	681
96	463
844	851
285	887
701	802
893	972
328	705
400	581
644	941
308	992
467	985
300	579
761	937
458	936
7	1000
131	541
604	990
958	993
288	461
534	931
754	934
849	942
527	891
814	921
516	998
10	372
433	1000
240	834
284	877
143	901
339	547
86	138
946	996
729	998
200	883
541	947
186	490
103	950
351	823
763	996
441	945
212	893
559	937
316	950
765	776
622	993
434	942
175	947
478	719
395	950
6	909
441	837
568	878
927	996
839	883
800	891
459	598
304	724
651	768
279	896
821	950
936	937
737	956
374	904
957	959
392	958
712	899
450	899
832	964
288	837
439	481
334	953
931	943
427	915
471	958
581	601
167	961
607	967
822	892
734	779
362	907
642	961
466	964
58	681
834	902
181	980
778	970
216	974
780	787
18	989
131	341
177	982
892	964
699	798
652	723
542	851
299	864
362	920
885	961
600	977
551	792
281	931
878	921
500	975
236	407
956	962
20	523
553	757
914	965
451	975
243	531
440	816
285	942
574	816
444	935
364	942
754	868
451	867
456	945
979	986
165	998
641	927
481	709
604	816
34	700
851	922
359	985
235	424
460	808
212	935
317	988
872	981
90	945
313	465
571	989
222	606
750	991
906	979
230	467
276	583
708	994
257	304
823	981
928	997
231	840
532	768
485	693
886	1000
283	478
407	773
742	992
263	994
134	880
510	871
730	874
738	994
55	735
360	782
640	836
922	936
85	964
816	954
728	841
814	881
698	935
557	959
596	887
876	941
296	366
769	815
31	620
806	882
635	1000
382	554
602	823
676	772
82	787
505	890
679	777
1	862
427	970
28	443
124	151
473	793
423	972
767	782
758	962
128	795
711	850
279	964
554	903
769	828
853	970
92	320
498	742
60	516
146	556
191	972
339	870
540	860
309	439
6	172
966	968
924	971
294	575
445	973
216	921
563	965
306	814
636	689
106	231
565	745
551	618
357	981
481	522
871	973
433	976
460	850
83	863
553	812
625	917
803	923
822	973
668	735
527	759
442	917
172	827
157	933
840	963
32	938
151	889
849	931
357	994
219	535
824	874
254	758
648	877
326	863
185	887
735	802
372	750
570	994
647	689
657	882
522	923
159	871
134	814
290	536
851	869
23	717
413	643
275	938
858	993
302	775
443	522
484	523
434	931
536	713
723	805
976	985
200	535
687	882
404	530
268	898
937	993
890	918
578	831
886	947
729	1000
677	810
214	783
888	993
115	777
156	320
598	665
656	872
408	541
397	877
70	253
677	931
897	934
145	841
453	957
411	960
832	953
210	906
375	485
394	498
347	652
707	958
256	793
297	831
624	960
451	480
450	780
380	950
732	843
355	893
78	90
635	947
230	898
609	894
769	883
295	963
892	953
264	630
780	897
799	910
683	964
581	953
815	854
639	894
498	918
487	796
417	966
72	931
130	909
473	982
65	928
316	510
863	908
285	931
431	985
720	859
706	961
835	846
525	620
530	735
26	707
461	864
898	902
669	813
584	971
470	869
528	810
257	990
241	982
576	972
152	644
842	862
933	980
671	980
160	764
495	754
756	795
11	412
150	985
747	975
835	859
315	823
488	751
928	986
83	931
377	883
845	988
652	859
793	798
960	975
294	885
963	980
439	980
453	649
400	988
708	875
653	939
386	824
358	762
622	808
492	698
488	993
703	881
837	881
515	830
23	893
909	986
721	935
518	872
430	988
605	760
383	647
858	940
539	931
833	883
915	922
934	935
122	791
832	887
395	657
474	950
601	991
656	927
744	774
155	416
848	868
325	598
751	935
911	924
503	833
742	886
594	722
43	848
469	727
501	945
513	999
462	953
299	437
120	960
216	897
496	951
730	889
408	838
447	537
213	370
672	884
677	999
157	209
464	891
711	731
549	669
790	795
447	658
438	838
457	851
765	967
732	790
286	969
883	959
597	602
46	728
748	771
841	962
423	974
137	617
813	900
238	669
711	852
76	341
917	957
573	918
521	728
20	446
190	857
644	798
570	620
597	723
528	852
868	957
403	857
494	975
530	669
595	798
903	914
268	403
39	580
553	801
280	908
896	911
679	913
940	954
764	957
576	677
433	857
636	691
479	973
295	923
28	808
859	965
776	967
701	793
954	973
766	922
203	287
650	976
903	927
433	749
235	239
405	916
694	753
336	816
745	984
528	986
662	986
844	963
140	352
477	940
692	865
764	970
939	971
576	919
213	867
142	398
856	973
336	937
740	761
504	750
757	930
523	763
471	573
51	953
775	984
627	857
305	806
577	999
95	996
131	653
310	884
365	820
475	988
277	478
356	771
906	915
717	750
777	801
171	991
177	476
775	876
847	981
907	995
714	866
310	776
557	882
501	987
854	876
499	648
434	933
167	360
19	196
893	989
937	995
689	930
174	484
298	779
807	885
287	361
237	769
927	987
911	979
25	886
649	713
714	879
258	599
170	486
20	956
758	885
395	833
147	731
501	1000
572	880
781	990
43	795
309	951
178	202
596	715
188	661
697	767
688	947
556	764
113	194
445	667
758	898
703	962
436	847
596	836
482	734
480	890
259	662
746	780
140	970
336	616
748	826
371	839
753	904
398	447
174	739
433	670
713	724
80	811
630	955
597	778
753	796
524	973
147	986
885	952
53	799
856	894
405	729
528	799
63	965
574	915
82	978
674	853
753	917
835	956
650	910
172	642
774	976
378	976
345	570
107	927
671	969
643	907
803	859
607	984
720	861
95	809
125	917
741	920
378	868
842	972
312	514
102	704
50	514
592	797
280	976
624	749
150	866
153	871
227	820
120	694
914	969
210	587
158	168
228	412
775	810
632	990
420	582
549	992
636	880
400	869
823	972
73	474
694	821
367	463
248	1000
449	990
397	571
163	404
743	979
321	990
173	826
233	877
379	702
284	815
8	880
624	883
830	988
613	990
217	990
291	710
62	887
599	826
640	827
731	982
221	880
763	934
661	886
705	929
738	877
508	829
943	986
520	654
165	426
464	759
50	890
401	824
327	609
313	711
478	778
973	986
739	819
906	996
703	896
62	311
193	794
36	847
53	262
526	711
204	660
37	254
575	832
800	950
557	963
598	964
515	966
119	966
716	956
936	996
77	969
139	386
709	953
290	969
469	971
563	835
16	208
246	899
769	940
1	48
168	979
880	956
792	843
179	845
917	959
892	902
262	735
451	671
165	802
472	730
31	987
246	912
590	685
755	789
130	966
787	970
369	982
757	798
561	923
330	502
108	389
674	800
579	977
563	969
604	741
469	516
553	924
367	505
102	988
391	862
611	636
872	906
836	983
541	806
250	630
117	744
175	456
823	906
372	741
105	397
559	567
905	975
803	927
720	929
761	930
902	906
186	470
939	973
859	980
418	978
564	803
471	575
817	983
932	933
775	986
668	860
687	873
365	822
439	808
645	876
189	596
212	994
675	755
413	755
624	938
682	879
756	865
608	701
921	932
566	704
562	999
326	988
648	773
23	950
983	992
114	314
339	661
900	994
638	994
605	817
291	886
98	720
915	979
222	786
202	548
675	997
890	922
854	999
413	997
587	884
31	666
490	951
605	938
219	902
371	478
579	656
904	941
496	887
964	992
675	889
224	953
797	1000
855	941
640	787
5	276
612	954
505	828
269	551
155	715
45	843
255	424
702	884
688	949
889	939
507	608
149	900
438	774
493	710
581	594
943	946
19	561
514	769
725	952
188	784
945	955
64	977
2	99
182	969
143	452
533	903
478	967
49	561
389	895
688	962
526	900
600	849
873	944
97	457
699	791
468	895
542	844
215	449
697	903
903	971
856	896
820	973
671	850
850	852
146	736
435	573
211	865
21	970
398	691
618	731
671	971
891	974
22	296
113	451
301	916
483	627
741	922
4	400
699	925
859	914
279	339
322	975
215	812
251	506
798	904
453	869
439	971
136	933
893	912
171	927
914	971
91	409
294	997
589	622
539	801
717	807
529	756
837	872
245	997
749	759
78	591
578	877
196	583
421	930
761	998
398	946
698	915
689	866
620	995
936	972
633	705
757	1000
177	425
56	135
598	832
925	998
610	694
55	849
581	636
672	754
209	764
503	716
181	665
594	834
181	436
506	721
222	962
392	885
423	952
189	785
290	837
97	967
427	842
955	998
853	950
894	988
825	888
897	993
448	901
198	726
332	726
473	665
772	998
739	821
890	990
136	262
375	544
420	960
354	606
612	901
290	850
785	829
637	665
279	957
771	894
788	834
719	963
834	950
727	824
685	827
167	901
10	917
679	783
720	784
202	858
494	966
213	495
774	791
350	958
457	855
484	958
192	786
63	672
142	965
835	892
431	802
238	673
899	907
92	326
970	972
57	453
769	955
631	725
189	343
306	928
218	815
474	741
625	910
322	909
778	923
363	681
583	913
671	797
252	813
665	982
167	217
819	897
939	962
53	869
636	924
741	977
37	861
419	926
815	926
875	977
859	969
234	917
399	459
798	959
330	625
729	859
35	936
711	990
912	980
115	407
249	636
273	993
367	628
410	998
726	975
363	923
803	929
599	870
632	818
673	819
824	988
1	426
87	466
353	585
243	713
611	880
523	996
738	921
449	818
932	935
723	798
52	364
425	875
497	980
109	346
105	641
408	413
587	644
85	891
608	932
949	996
687	996
668	754
360	601
117	880
728	768
566	706
538	873
846	989
703	940
362	647
735	929
334	585
688	817
421	998
168	552
173	896
621	763
385	486
890	924
697	758
64	845
265	835
430	939
158	480
927	991
531	991
66	891
800	886
794	812
205	942
716	892
568	765
443	999
594	902
445	779
679	717
739	768
472	653
959	1000
482	846
889	941
77	797
908	954
75	724
228	966
616	782
220	553
885	943
26	687
86	738
232	792
718	951
561	967
454	612
813	959
227	569
669	914
273	685
88	905
316	503
49	913
296	790
516	564
875	911
859	903
878	916
79	977
690	865
743	957
514	905
643	790
145	513
477	986
852	900
667	854
726	909
96	513
784	850
550	683
13	744
195	226
613	739
926	970
667	975
405	975
842	976
861	989
565	698
243	647
275	865
817	919
233	868
775	922
79	401
81	999
626	799
731	852
101	419
529	637
432	933
680	806
237	465
891	989
286	586
761	879
217	752
907	933
626	691
128	414
735	863
886	995
657	943
603	643
701	986
379	935
921	989
54	586
648	830
435	951
605	874
913	990
267	586
814	984
84	879
253	422
800	820
142	820
906	987
909	992
922	931
237	828
195	602
589	758
723	987
654	887
184	709
404	712
918	933
697	705
475	592
716	718
347	592
355	941
811	955
594	957
52	674
910	934
332	957
621	831
929	947
552	960
170	666
505	885
651	710
512	780
584	656
649	785
690	786
795	839
142	954
73	854
771	896
12	844
91	908
655	721
326	482
603	790
129	382
547	895
929	960
65	626
555	719
271	960
305	544
293	978
788	957
218	804
801	896
565	619
74	567
817	840
46	734
435	509
896	904
563	960
623	974
857	912
320	973
447	785
741	966
56	863
498	979
303	740
592	614
242	501
472	963
384	850
153	917
636	805
166	627
9	680
657	864
662	979
844	956
385	930
44	637
467	740
183	981
747	794
819	899
362	394
42	978
377	931
745	869
344	525
564	794
32	933
729	861
508	633
632	928
351	915
175	460
132	992
930	972
508	754
175	810
342	987
20	707
796	928
923	969
152	826
331	828
457	644
641	990
622	748
140	708
756	977
379	990
742	813
631	982
185	895
372	987
895	991
333	995
467	995
608	934
949	998
621	644
392	821
29	769
122	960
772	813
161	888
684	929
587	996
189	842
390	603
12	428
848	929
521	534
369	665
167	945
14	437
869	988
406	961
832	840
90	203
100	891
463	714
2	90
292	603
853	899
493	593
154	898
677	939
809	829
98	966
725	835
744	848
790	964
628	902
91	963
210	914
153	380
447	598
609	660
262	781
363	604
882	903
725	956
422	955
774	848
658	902
121	963
982	999
233	615
357	910
458	733
193	987
857	967
273	687
685	897
253	974
19	807
284	324
850	964
57	510
7	918
637	856
692	792
945	972
648	685
226	733
61	925
437	916
220	689
75	271
123	985
145	515
167	274
76	644
477	988
530	851
669	929
216	395
648	806
452	931
56	931
548	639
298	464
358	515
41	808
476	736
674	980
803	865
99	520
267	333
379	574
76	536
604	921
571	744
409	682
840	905
845	983
325	459
123	998
11	528
398	937
253	290
879	981
543	803
216	408
166	816
400	983
763	806
837	984
735	973
446	870
754	986
17	693
740	822
738	978
812	927
974	989
58	236
531	685
302	825
159	813
16	993
286	588
309	986
428	937
367	927
615	763
601	865
730	750
782	940
837	876
614	804
344	943
740	943
520	647
236	888
98	658
855	866
442	993
538	930
879	994
670	820
518	988
270	886
738	991
283	825
765	828
911	919
93	435
351	996
566	884
781	809
906	989
563	586
292	766
691	1000
364	376
663	709
915	930
901	995
321	420
233	307
535	645
977	990
792	944
575	946
468	591
621	833
929	949
445	836
786	900
670	954
637	777
922	946
586	960
303	379
561	903
621	954
373	852
343	946
725	782
752	885
296	605
857	901
704	844
468	833
271	962
954	955
384	839
236	446
287	906
411	447
576	780
631	716
540	857
264	922
653	734
146	903
588	790
109	792
458	909
236	567
475	849
361	976
639	957
143	524
485	490
574	976
357	978
491	978
315	752
447	908
268	640
419	809
174	224
162	924
826	904
662	981
632	809
403	986
645	748
423	635
227	760
631	850
750	801
851	853
942	971
231	879
294	935
935	968
761	815
497	971
356	995
237	522
164	946
687	987
761	936
700	926
612	813
939	979
166	992
36	882
839	977
416	645
316	707
858	990
622	750
580	982
566	589
827	859
610	861
758	759
675	990
396	528
816	885
828	939
253	479
15	836
87	712
381	893
568	756
427	780
578	949
297	936
490	836
517	939
341	713
649	829
809	818
313	880
714	995
63	476
192	361
422	823
531	995
572	996
438	767
429	947
61	551
181	616
883	888
404	890
473	495
101	852
87	954
785	996
637	832
45	957
315	552
494	554
153	261
875	889
957	958
706	824
35	390
164	275
403	557
931	942
628	904
12	672
908	958
512	958
92	372
19	796
225	901
808	956
679	842
178	560
852	999
926	948
986	999
315	794
24	93
494	796
306	974
741	902
400	609
438	901
603	968
919	945
271	909
646	786
632	851
375	966
549	853
623	802
442	498
829	907
815	972
218	753
630	963
10	989
808	969
431	982
546	969
766	972
477	869
604	910
750	964
865	951
562	913
359	850
345	915
264	990
620	625
47	992
160	640
701	964
678	980
313	330
34	915
590	867
736	921
194	638
782	808
358	746
435	700
247	915
789	969
849	983
833	975
48	934
111	990
207	698
730	739
606	969
960	972
839	911
13	869
775	926
566	752
199	995
763	808
386	821
707	876
812	929
8	875
316	991
572	688
154	700
517	523
250	933
632	998
948	975
511	937
967	988
392	757
411	770
189	657
323	886
805	926
270	996
707	768
724	937
481	950
663	698
346	991
547	752
800	932
895	940
108	826
811	946
487	593
170	886
846	940
515	840
806	989
985	991
682	953
635	878
943	994
318	942
579	946
577	607
688	889
110	912
135	676
281	730
778	782
579	838
610	942
412	432
600	897
326	365
864	943
822	946
794	884
255	835
530	774
783	954
26	746
263	430
829	841
120	381
378	905
460	715
713	895
171	612
419	448
88	843
262	730
616	962
192	900
25	265
912	960
419	798
966	967
229	674
382	916
65	980
76	580
604	965
425	505
857	916
856	957
891	914
784	788
852	959
711	983
623	870
461	808
810	962
488	911
433	975
611	981
418	852
685	967
740	866
49	985
720	924
632	811
296	862
406	468
170	228
534	919
565	986
501	742
537	924
740	758
812	863
485	505
261	989
335	938
173	647
71	865
682	753
909	917
100	519
666	930
740	879
349	994
946	984
624	933
770	987
682	874
668	747
277	825
318	863
648	997
721	987
504	989
3	478
435	889
858	992
677	688
434	930
635	920
184	755
351	932
645	884
953	1000
791	938
918	979
505	581
101	491
463	584
210	892
614	753
550	997
89	373
911	976
66	884
281	543
742	938
797	874
327	659
332	774
395	830
100	653
802	925
75	825
438	648
536	954
140	954
797	995
883	998
272	881
363	474
580	997
695	947
915	987
790	955
105	889
292	715
572	998
448	962
234	710
464	943
901	944
684	946
496	895
637	834
642	949
783	888
22	975
195	903
33	841
556	882
602	998
776	885
982	990
25	199
123	734
706	826
651	890
329	839
771	955
664	829
91	967
414	654
676	839
137	790
706	947
431	742
30	398
288	959
86	973
856	891
111	737
732	855
349	794
574	912
660	952
477	979
378	973
667	847
207	337
465	861
606	837
368	965
850	968
891	969
756	781
384	909
926	963
664	963
461	863
650	799
856	904
69	753
74	868
597	909
944	953
500	976
775	915
319	635
315	930
48	815
203	460
483	514
161	463
634	912
133	401
933	979
738	740
569	931
784	856
209	396
467	920
195	232
508	692
544	874
925	980
782	931
666	985
523	936
724	926
710	799
902	969
319	648
286	471
392	638
404	692
271	348
596	633
763	810
12	353
537	992
913	983
57	998
635	746
700	875
483	877
519	534
818	867
455	815
749	996
909	985
346	764
318	931
818	988
422	988
596	646
936	980
191	597
719	945
696	998
182	898
705	939
70	428
368	765
841	948
197	388
62	429
191	839
655	943
961	986
572	945
542	773
602	824
491	956
526	950
512	786
553	787
126	979
556	829
965	997
51	805
250	722
458	671
553	908
873	886
699	733
638	723
266	851
333	383
467	612
169	689
678	795
494	974
342	846
72	985
139	517
245	913
861	916
498	864
465	687
644	918
537	792
882	975
646	964
461	918
576	905
815	921
128	220
207	513
768	846
812	852
831	902
733	973
227	872
428	862
70	925
147	354
842	916
803	924
352	988
461	931
796	921
340	641
345	985
152	819
446	808
397	623
564	800
770	868
715	932
805	862
87	811
629	636
694	994
928	932
40	241
270	932
110	714
289	945
946	986
242	870
182	590
536	822
930	978
828	930
249	994
409	983
920	933
763	986
529	819
821	927
550	878
517	701
758	992
656	981
45	827
848	922
812	999
108	883
751	989
952	979
809	930
126	671
520	827
888	994
547	701
700	943
712	997
846	997
422	935
633	889
834	879
686	715
737	946
556	871
709	884
382	489
607	836
813	941
58	779
213	424
686	836
419	492
410	443
850	944
24	902
244	905
371	946
786	959
390	959
901	946
794	820
560	653
986	990
163	953
292	838
815	842
223	967
947	998
773	882
465	729
938	949
280	949
387	846
896	952
151	798
440	672
660	941
342	551
414	656
672	951
6	336
933	955
152	161
127	333
426	895
519	857
725	962
664	952
516	788
361	914
540	916
139	572
831	836
877	952
899	970
678	971
507	860
667	849
653	914
202	224
479	798
754	966
699	801
382	865
509	906
891	971
32	981
150	973
543	904
736	804
364	932
496	563
565	922
680	909
735	845
564	963
743	965
710	788
173	812
214	584
814	845
502	987
717	912
87	516
59	683
782	812
823	850
854	917
974	982
129	927
633	689
275	981
757	984
416	691
333	922
696	745
90	935
747	976
967	979
865	968
92	981
601	858
730	743
119	589
94	761
200	928
470	523
659	984
818	977
1	489
400	989
677	974
710	922
765	821
770	936
897	977
911	912
737	759
453	1000
948	979
786	880
500	523
791	995
386	946
702	923
572	813
302	952
883	934
962	998
201	348
557	949
818	990
595	652
227	256
383	769
897	990
286	836
68	613
147	906
307	895
417	767
804	947
251	1000
545	952
672	993
773	816
864	934
252	555
706	762
405	541
575	952
910	942
137	726
12	960
320	847
634	714
308	958
437	614
55	283
435	504
692	840
637	904
26	979
752	891
857	907
958	959
287	791
58	968
125	729
773	950
878	966
432	620
652	889
616	966
789	894
291	617
711	974
548	687
418	843
738	784
113	732
710	722
756	838
835	902
305	673
81	928
819	894
364	987
515	631
147	235
768	848
215	635
817	969
283	510
715	921
775	972
95	984
953	978
72	1000
513	679
564	910
201	858
696	800
816	865
425	980
566	690
824	985
240	934
345	987
386	988
900	980
490	816
443	741
622	972
453	934
258	695
323	824
381	765
675	754
3	590
154	759
57	826
543	985
390	477
367	988
427	773
325	991
619	943
402	945
858	996
594	886
387	822
855	927
404	762
629	880
895	999
251	934
705	875
751	991
603	827
66	888
11	952
952	981
869	983
248	370
822	871
790	838
292	827
22	966
466	714
875	882
820	946
781	991
101	966
739	994
238	712
450	891
554	948
172	617
581	822
892	943
952	994
649	956
500	833
579	897
945	954
843	943
265	966
600	956
586	792
56	563
519	967
720	728
436	969
711	908
494	910
810	887
479	787
892	956
570	905
699	790
468	894
789	949
555	782
882	911
945	967
277	508
356	801
264	983
479	908
713	846
248	746
522	726
357	918
733	909
464	492
669	924
845	857
564	844
528	921
206	870
16	975
324	862
766	978
464	613
428	690
636	868
413	567
201	913
206	991
963	970
467	803
902	960
33	282
420	462
678	986
700	745
240	760
23	991
647	855
160	996
294	996
591	694
223	298
830	976
360	532
714	801
323	879
675	809
441	642
928	989
647	976
587	696
17	809
724	930
784	981
407	994
751	804
74	296
920	990
403	471
141	242
600	756
705	809
154	935
911	914
300	989
916	992
43	838
327	368
800	817
612	995
579	818
906	984
802	863
848	979
792	818
608	997
943	987
16	75
311	895
369	836
938	993
472	705
510	997
746	944
405	651
503	957
660	877
739	941
90	495
301	944
493	885
961	990
919	993
831	880
215	382
473	906
643	829
257	793
692	950
692	721
494	965
683	901
595	788
309	431
498	855
551	947
363	896
745	961
542	898
407	673
560	952
123	914
546	788
799	968
219	393
208	729
493	898
667	785
73	275
878	968
69	570
831	893
349	853
514	957
951	958
893	953
356	748
650	966
768	958
446	678
432	743
745	974
946	964
127	632
297	326
388	673
440	863
439	904
35	814
62	917
580	614
117	624
599	627
631	845
796	912
840	955
437	979
597	968
330	853
89	232
440	984
85	527
236	696
29	632
953	980
571	686
543	853
562	866
312	920
749	921
518	796
911	956
302	646
434	802
847	971
648	990
818	913
837	926
923	966
202	415
821	918
358	928
333	871
195	641
976	977
341	466
112	643
506	762
800	980
814	915
703	818
515	767
661	821
124	882
633	988
430	925
663	867
971	983
374	764
107	649
291	995
525	933
29	995
700	934
786	937
15	831
183	415
765	999
792	873
737	937
797	988
916	939
635	926
795	878
574	650
937	998
615	947
656	985
582	770
334	705
628	657
311	950
908	940
240	252
302	901
910	986
198	780
49	657
802	931
540	894
922	996
22	968
718	937
792	886
737	950
28	490
470	835
938	940
616	889
813	945
899	948
618	706
174	958
347	886
586	902
97	445
685	881
269	673
563	891
475	778
683	956
465	733
556	888
652	825
676	953
899	961
940	999
747	833
287	848
180	722
548	623
151	923
849	965
123	861
467	671
539	776
305	609
764	894
136	571
39	867
903	972
842	962
264	985
138	617
105	440
877	956
569	803
319	628
731	838
282	746
636	978
161	456
226	851
680	792
666	857
495	746
44	810
613	967
747	967
169	990
507	985
28	987
331	759
140	410
167	513
525	975
81	998
733	924
879	978
698	903
617	978
543	800
636	991
196	921
757	988
72	131
605	860
724	811
932	989
319	991
742	865
673	994
781	793
948	970
411	994
354	460
122	891
890	965
749	989
909	978
64	886
573	763
707	992
724	932
388	983
792	807
723	973
305	985
308	465
275	288
120	939
593	634
376	636
207	827
205	983
601	983
675	932
578	999
894	976
811	941
809	868
291	942
420	827
635	752
910	920
929	933
758	822
661	889
573	776
669	713
361	368
570	707
451	527
308	707
60	376
841	941
206	430
63	647
684	994
417	879
885	984
582	717
961	979
980	992
209	886
811	954
231	379
468	817
594	956
514	704
271	946
338	707
68	617
109	655
752	761
12	951
889	995
199	548
144	612
820	895
765	959
350	717
479	602
773	820
107	959
660	879
25	368
68	967
142	953
412	548
783	949
456	968
151	628
868	949
577	965
747	888
375	787
562	842
565	847
162	908
74	795
905	952
93	808
351	780
525	667
48	742
796	901
493	900
529	557
639	954
680	726
93	929
204	208
66	274
650	968
854	963
229	911
845	914
743	903
256	519
151	991
803	917
26	996
249	745
15	578
942	968
854	855
317	916
740	753
335	933
522	796
552	638
254	981
328	930
450	627
870	984
634	973
441	578
229	924
946	979
187	927
490	699
117	868
425	984
277	820
626	974
208	986
106	938
367	979
964	969
565	994
243	943
358	930
705	974
127	997
839	974
751	861
44	999
350	517
715	938
916	928
709	864
855	918
497	981
538	753
937	987
133	704
656	745
909	925
62	235
550	992
448	944
781	861
841	875
142	874
790	829
545	998
306	487
834	872
584	697
391	531
489	874
52	836
883	993
635	928
313	877
382	482
676	700
959	988
615	949
141	541
688	939
848	928
889	929
383	828
229	361
198	782
505	939
357	546
785	993
174	839
24	77
246	944
208	423
213	767
822	996
459	944
588	829
73	908
310	555
347	888
644	845
630	947
93	971
124	321
766	956
986	996
516	781
769	998
521	896
278	909
205	367
36	329
690	853
55	342
187	727
896	958
434	604
40	973
678	964
2	452
356	684
803	851
486	915
835	840
766	969
926	958
764	896
249	679
447	960
111	974
782	913
653	799
437	915
599	913
833	851
157	982
914	961
974	975
256	466
626	908
865	961
629	913
689	964
455	797
606	966
821	854
430	969
559	854
319	872
219	934
921	977
103	988
833	864
860	967
340	931
109	510
518	974
69	882
955	975
974	988
619	760
402	762
388	864
916	983
654	983
365	880
948	972
198	474
174	760
8	993
127	944
531	805
259	346
811	822
828	991
795	814
566	991
216	878
151	254
601	985
779	991
672	865
913	991
402	775
374	942
649	881
267	587
910	922
487	590
478	999
188	937
246	649
375	534
595	766
672	986
512	768
690	774
676	876
795	827
695	889
640	953
376	880
684	996
885	986
238	421
577	604
642	999
802	988
414	583
488	532
70	544
410	612
332	958
607	897
651	940
780	825
755	997
975	1000
218	792
746	948
658	835
503	961
224	314
704	951
778	900
179	837
602	940
965	992
454	776
220	609
877	879
44	383
343	945
706	997
838	887
460	712
498	967
9	776
42	724
773	943
373	972
197	975
458	787
912	957
130	958
364	859
577	859
227	975
497	607
144	977
694	855
312	561
391	854
606	779
60	983
668	839
954	967
527	634
547	549
54	387
190	985
138	795
45	567
248	926
845	916
886	917
863	970
641	857
365	693
43	642
268	760
562	978
446	803
358	919
721	971
8	577
751	850
481	989
770	863
830	914
300	685
76	940
934	971
312	924
207	642
446	924
432	989
592	978
143	886
666	927
633	750
416	981
228	930
522	919
599	873
695	810
566	696
511	760
860	914
409	978
596	804
188	750
839	976
200	989
374	876
635	917
203	994
640	995
978	990
78	999
573	941
3	825
144	306
591	995
751	984
811	998
9	118
365	948
626	989
651	753
274	766
325	997
807	1000
922	987
402	951
209	822
635	930
621	995
404	997
662	767
915	984
101	959
142	997
412	592
343	758
353	951
876	992
226	587
369	895
952	987
589	935
607	952
693	992
404	889
841	890
63	596
7	664
375	831
466	949
15	259
419	608
718	941
789	821
560	998
123	731
546	834
651	887
755	944
347	890
322	833
701	829
884	950
125	898
414	772
777	824
364	914
69	737
13	842
657	678
266	793
489	542
678	966
351	608
857	968
854	899
545	558
187	850
206	863
266	914
761	856
747	958
122	869
153	973
497	783
144	924
421	909
756	899
663	671
921	966
516	917
576	968
791	856
529	856
386	807
608	627
594	692
208	922
502	874
617	861
666	982
881	907
380	625
200	923
453	874
313	571
712	805
175	866
230	573
717	920
529	869
730	859
339	708
688	862
724	815
770	931
715	995
11	879
916	985
453	995
635	972
654	985
351	984
874	988
426	569
703	877
73	710
568	918
394	765
707	996
581	628
457	821
28	415
126	721
621	929
962	993
304	993
744	999
771	873
848	864
397	928
586	827
811	945
693	926
827	926
519	544
524	888
780	814
147	901
730	993
950	996
370	421
222	257
686	886
377	545
965	981
547	993
795	829
244	955
794	870
843	991
581	991
669	838
980	996
190	611
919	986
198	960
836	951
877	989
910	937
766	892
972	997
81	560
507	668
639	824
759	889
129	722
905	943
602	942
643	943
627	706
384	719
557	610
810	827
125	724
469	497
815	905
856	943
961	996
116	904
281	971
652	884
431	915
197	748
169	915
852	945
370	905
604	843
912	959
631	946
165	917
22	343
990	1000
627	948
646	961
847	951
81	923
502	916
722	956
92	789
923	946
419	918
422	435
601	666
344	744
657	975
335	924
495	913
291	625
134	907
953	973
373	398
227	869
483	795
629	849
372	964
7	48
867	906
160	815
130	155
610	728
340	867
777	905
183	395
185	993
460	969
298	870
380	451
160	936
233	926
897	906
916	919
723	790
709	855
492	857
239	411
934	973
593	680
376	682
524	580
890	903
515	760
854	980
26	303
485	854
154	754
828	927
860	916
739	855
427	997
105	983
301	629
779	927
913	927
190	303
682	994
244	768
934	986
455	988
436	709
675	991
353	940
695	825
767	930
693	752
362	881
785	984
628	771
875	877
732	828
267	994
753	887
852	866
425	533
788	881
306	841
23	489
239	787
500	828
986	987
482	959
875	890
133	253
658	892
859	882
864	997
363	715
657	667
299	959
459	948
729	772
836	898
315	903
511	549
488	602
479	782
295	961
787	898
10	977
192	954
674	957
412	957
541	613
486	677
613	718
766	960
590	734
356	567
461	849
884	952
823	942
856	890
625	957
454	846
247	782
536	619
319	392
272	546
310	801
516	906
703	732
648	796
914	952
476	726
830	958
49	918
379	793
150	970
365	629
714	783
511	683
645	912
629	675
78	801
245	978
909	958
284	906
944	952
355	557
608	737
921	968
296	916
337	917
731	844
601	963
138	973
325	570
275	978
624	866
605	624
503	576
833	976
907	925
749	982
270	984
867	974
578	871
27	997
624	987
388	976
517	861
825	977
410	469
267	686
434	863
621	689
800	920
323	995
156	589
804	810
91	874
573	648
526	802
738	981
572	689
869	912
387	872
234	401
393	394
161	825
469	941
703	879
596	753
619	885
806	977
135	772
943	982
225	702
700	995
684	987
615	887
389	810
45	771
535	635
655	929
774	880
297	992
383	995
718	985
429	882
112	946
929	939
165	543
693	928
95	713
403	829
637	767
482	893
122	321
369	952
470	775
883	944
487	944
984	996
445	947
100	949
697	939
838	878
562	714
567	829
507	549
133	308
787	832
391	603
556	936
919	988
776	939
509	595
627	816
558	716
912	948
48	614
686	901
548	671
639	826
248	904
759	891
798	819
354	842
822	947
720	899
665	963
384	721
259	955
534	894
372	832
754	897
611	848
564	773
454	901
729	840
646	842
164	802
351	665
511	617
678	794
414	721
634	953
532	676
377	802
537	791
743	896
429	440
881	951
196	848
666	797
555	966
830	905
136	982
62	804
134	909
15	692
409	848
684	787
212	977
21	214
515	749
449	920
113	971
641	861
489	733
38	797
847	966
310	990
115	751
239	292
39	941
837	921
83	984
124	985
334	566
790	809
740	988
821	913
894	903
676	680
253	348
698	964
953	988
918	967
515	991
212	990
205	802
721	867
600	806
203	877
230	980
423	880
409	982
920	932
703	934
744	935
293	770
100	641
214	891
415	881
552	886
827	862
978	994
567	642
240	247
195	999
419	478
952	978
489	988
377	481
662	879
674	704
901	932
285	663
128	945
269	655
348	948
422	934
301	873
683	938
843	927
3	950
366	773
686	943
148	550
509	529
459	937
662	771
238	709
357	660
274	891
697	994
752	930
394	956
769	870
889	935
493	935
452	668
190	897
88	657
500	830
882	895
99	257
11	373
95	781
986	989
516	774
282	607
815	841
644	959
181	969
215	553
247	542
701	712
595	959
534	949
732	964
933	954
391	671
344	559
627	884
819	825
557	559
414	776
460	892
56	802
188	433
102	918
177	274
555	900
238	964
282	970
444	803
645	793
502	744
138	962
768	900
293	341
891	970
605	613
104	856
16	972
370	975
459	495
865	954
837	855
601	844
279	564
201	910
756	903
608	739
742	968
714	906
860	960
356	932
133	860
744	748
854	916
69	875
559	968
158	395
144	231
594	696
874	979
390	637
92	980
529	981
78	816
821	860
325	922
270	986
540	581
886	989
27	999
784	978
448	763
943	971
566	984
502	999
785	799
614	917
688	866
416	932
677	973
116	411
195	704
429	871
663	809
112	935
487	583
170	876
681	863
804	933
526	925
765	941
94	773
484	928
111	188
517	876
336	535
451	522
685	689
943	984
184	932
390	1000
423	948
54	822
885	979
725	761
737	1000
850	877
253	658
910	928
678	770
570	944
644	664
234	766
547	997
555	821
968	990
582	954
755	882
961	987
465	554
776	941
192	890
85	269
692	947
370	667
141	844
750	888
764	823
244	262
783	836
810	939
226	659
873	995
735	765
551	944
701	888
467	721
233	554
659	891
585	713
838	893
442	893
410	860
393	893
641	729
497	721
433	965
565	855
726	958
148	981
330	729
946	961
710	950
261	858
844	950
178	860
847	955
346	673
659	904
604	968
824	971
328	804
837	910
59	616
89	229
751	843
784	791
85	753
291	858
360	463
337	974
893	963
232	399
366	628
416	974
350	391
949	979
599	866
485	737
311	813
638	979
705	740
641	984
272	858
781	964
119	764
31	651
655	744
223	821
435	1000
550	987
751	977
462	874
971	980
47	595
709	980
728	993
203	879
552	996
626	982
607	703
629	987
785	975
904	926
224	938
683	698
149	764
864	975
662	760
526	872
163	820
686	824
391	647
971	993
267	877
649	942
327	891
179	764
299	829
321	588
882	884
862	942
158	826
223	955
383	944
606	693
59	66
732	832
47	729
284	413
451	590
327	783
239	899
349	542
509	760
877	927
747	817
277	373
521	999
683	832
768	876
59	187
859	994
349	663
910	996
335	499
519	845
539	760
783	891
306	966
264	969
713	832
243	617
164	738
898	999
595	961
254	668
553	964
757	959
583	843
844	884
541	846
715	733
67	963
102	920
69	743
537	848
652	835
555	902
388	496
282	972
617	733
708	851
202	225
210	574
812	908
517	731
830	962
47	287
305	848
632	977
673	749
590	980
10	405
194	980
328	980
400	856
312	972
928	975
465	985
430	735
779	852
407	980
715	867
723	957
214	585
318	908
221	975
340	926
240	988
703	978
656	903
4	748
130	564
457	693
448	873
830	975
492	916
786	868
323	878
950	976
311	760
624	991
718	855
700	986
612	873
920	989
376	862
496	927
771	866
936	970
177	881
110	891
397	921
691	873
374	937
258	991
354	699
607	879
514	688
280	521
612	994
459	752
552	943
827	919
832	997
128	881
469	945
334	986
568	924
260	771
463	642
210	950
545	940
820	879
924	936
984	987
640	948
651	814
95	596
37	591
980	989
176	935
685	812
676	992
657	713
836	944
868	933
393	411
931	989
787	944
440	836
968	992
252	785
579	951
467	481
577	841
623	957
320	956
53	841
655	946
455	592
567	833
479	949
61	961
410	849
129	836
96	659
674	895
164	793
539	707
255	948
474	726
914	998
285	975
949	955
314	444
486	965
879	896
939	947
620	901
471	549
352	857
338	959
85	513
93	108
455	726
418	844
844	952
112	508
544	919
492	729
180	908
777	898
68	401
288	441
279	621
499	624
77	406
481	984
374	858
186	807
915	953
736	981
106	814
807	861
927	963
839	850
383	570
911	955
314	699
200	863
797	853
538	858
472	504
804	977
193	823
922	969
219	997
313	861
506	761
10	594
749	933
273	415
572	977
37	175
479	520
952	969
98	828
511	997
189	946
276	871
408	990
482	939
788	982
485	981
774	818
149	995
682	1000
420	1000
841	993
294	366
940	972
832	944
193	957
444	539
554	936
438	990
278	772
359	468
116	710
369	890
603	828
229	587
33	712
10	957
357	772
30	377
755	818
856	870
226	703
56	551
281	898
905	991
79	949
509	762
260	960
180	708
309	593
870	889
295	954
859	996
191	308
60	791
674	950
789	937
305	595
272	418
530	942
301	890
6	676
801	947
534	832
842	948
611	786
201	888
146	952
762	955
48	565
650	899
870	902
529	609
245	850
317	955
298	676
303	791
430	832
812	897
798	999
439	837
925	959
722	896
837	846
109	144
127	686
784	956
742	959
71	791
52	512
222	923
703	738
138	966
81	166
14	930
55	931
172	284
738	961
757	974
687	915
907	918
948	956
263	853
221	856
890	951
823	961
536	867
176	332
346	743
700	975
698	902
615	867
78	928
389	561
790	868
494	577
573	870
196	920
96	982
402	988
118	1000
300	977
355	684
770	926
654	980
712	921
15	764
63	512
538	805
716	811
251	977
867	980
120	228
388	982
462	931
773	793
317	513
244	937
354	580
329	752
637	639
141	701
53	588
232	819
788	808
121	759
300	990
897	980
107	595
929	932
874	996
385	768
610	923
246	875
991	992
788	929
424	881
732	997
479	588
662	938
500	876
577	830
683	997
623	717
380	996
977	986
507	771
875	938
378	657
83	709
878	943
762	768
371	883
197	730
169	897
57	427
493	994
713	997
861	895
157	550
363	884
220	835
294	784
662	951
27	440
241	894
425	486
898	935
84	193
669	846
42	950
699	725
110	559
657	957
32	905
692	951
497	712
824	841
870	957
185	625
124	615
432	731
745	962
160	797
798	825
46	961
233	787
323	680
273	859
923	941
460	951
152	798
738	895
641	962
352	859
849	911
668	836
613	900
33	325
935	951
401	492
953	968
532	911
826	900
289	924
724	852
228	685
365	690
258	564
337	857
538	847
529	798
923	954
212	862
303	980
518	905
894	896
858	973
682	976
203	978
915	955
103	811
263	800
230	623
717	970
532	924
416	978
531	965
930	970
30	942
594	984
869	960
800	860
1	884
568	739
485	970
177	817
462	986
622	975
682	989
654	927
800	981
533	866
772	919
670	871
34	401
719	992
397	978
168	889
892	920
33	701
910	974
24	881
767	925
786	938
472	748
697	866
922	984
120	296
619	946
369	1000
267	989
778	939
38	937
459	930
101	956
104	473
899	936
35	602
2	196
240	482
94	953
176	992
484	879
792	995
437	538
951	988
748	925
767	938
118	492
725	941
852	982
535	817
576	818
722	872
139	551
856	872
840	864
391	772
685	990
789	818
720	947
472	882
34	656
111	839
652	934
169	965
282	842
411	498
810	998
727	1000
699	901
743	944
762	957
858	894
870	904
782	791
157	739
430	834
891	963
132	911
80	455
654	727
530	957
221	845
59	554
928	966
449	968
201	903
242	904
622	896
126	463
860	953
318	670
717	904
736	917
629	791
6	812
255	321
936	948
399	743
163	732
283	568
272	904
527	928
236	981
827	897
906	961
381	810
90	109
331	989
36	812
289	992
624	982
388	971
525	976
640	926
901	967
169	294
702	794
894	964
89	530
214	939
704	803
165	525
290	934
758	810
18	1000
890	966
642	864
94	995
605	982
314	998
603	872
589	974
809	977
186	998
382	415
901	980
739	918
276	928
799	932
771	870
179	931
148	598
250	582
725	875
133	1000
348	888
293	952
637	762
871	929
493	754
209	995
861	884
61	831
47	667
597	811
809	990
36	249
621	939
822	929
247	469
987	996
439	639
618	870
945	999
497	580
875	940
653	827
980	993
262	942
336	662
430	526
509	819
850	883
51	907
71	593
577	953
38	187
318	470
972	994
347	942
328	663
245	894
326	590
873	988
148	732
280	888
333	714
530	770
722	940
699	956
666	779
124	496
597	945
872	884
583	781
624	782
150	899
501	833
537	786
80	281
219	854
384	958
604	961
337	846
450	494
87	442
345	966
18	571
418	956
437	969
13	907
770	849
833	905
290	626
450	615
111	920
276	499
826	902
17	504
330	964
388	905
350	384
429	677
649	680
580	846
511	746
497	848
772	787
705	962
237	628
316	921
603	685
176	389
146	217
406	585
758	973
730	911
375	454
793	967
80	536
508	983
272	972
681	911
5	362
538	862
712	749
82	582
221	926
862	922
168	770
503	989
737	927
470	812
341	698
649	814
198	878
184	980
767	806
739	973
598	997
491	871
338	400
269	529
744	822
21	464
475	634
691	932
457	765
424	588
157	473
387	935
804	994
67	701
191	996
807	999
903	936
562	643
864	981
795	881
662	995
373	892
495	589
255	873
595	941
39	494
438	994
727	868
42	765
295	945
892	935
396	997
148	666
487	886
910	989
225	886
882	890
637	830
945	946
144	897
204	948
759	941
143	672
778	954
426	997
574	895
150	833
273	903
667	830
119	207
377	731
470	959
104	838
925	950
259	897
474	785
644	967
738	831
58	318
817	895
858	896
569	793
385	972
178	908
539	887
106	739
501	780
738	952
932	966
770	904
715	968
673	971
258	500
423	567
708	965
312	965
474	798
928	968
826	957
638	906
751	783
483	739
211	280
777	957
629	793
316	976
256	696
508	917
272	906
832	977
221	860
804	915
255	444
821	855
721	917
289	994
751	796
700	979
670	807
615	871
876	912
936	963
172	530
375	401
3	758
77	707
278	697
913	979
536	992
855	974
596	979
353	992
366	702
139	245
278	818
605	984
584	861
102	592
809	979
943	979
487	699
767	982
247	458
265	1000
862	990
457	941
517	992
919	972
743	746
421	466
155	990
535	982
843	869
232	944
722	808
755	756
746	936
405	643
924	942
51	788
426	702
734	818
202	957
885	987
637	885
752	872
838	875
301	936
750	762
287	772
796	878
456	958
449	541
32	896
574	950
541	773
324	775
398	724
491	952
609	944
409	590
870	948
504	598
965	993
118	791
882	958
701	883
761	897
747	999
150	780
618	885
819	875
571	773
824	953
199	901
960	999
354	960
555	950
283	491
830	889
197	976
731	883
953	959
53	968
650	958
777	999
703	784
842	899
14	976
335	802
930	948
949	961
673	797
4	904
680	958
721	959
303	971
757	912
8	794
182	681
589	776
16	914
520	676
134	906
953	972
736	974
119	746
696	794
374	743
164	933
520	797
828	913
695	798
84	681
469	980
648	982
804	970
143	995
443	964
369	749
319	928
487	741
814	907
392	918
459	679
675	977
408	862
719	983
691	921
811	986
396	744
88	399
181	590
304	926
371	687
568	972
573	821
438	862
176	862
603	929
396	636
55	306
137	641
44	413
660	682
238	693
431	593
697	978
403	531
177	942
521	752
15	126
309	344
774	932
94	944
479	755
88	870
429	934
811	999
167	934
561	824
910	978
373	773
683	935
862	937
600	937
484	991
124	190
509	755
574	884
789	809
783	994
741	997
639	986
551	873
933	938
671	938
831	927
844	866
789	930
407	599
527	664
651	996
912	1000
34	768
342	884
543	645
667	940
166	658
235	263
245	951
768	992
565	892
46	778
528	781
338	886
775	887
835	938
558	889
134	827
537	951
611	900
256	443
32	964
525	833
893	1000
153	961
507	964
289	741
47	161
346	723
525	725
23	743
377	975
289	862
335	978
710	892
932	968
250	907
687	908
332	680
134	961
156	454
279	790
499	564
344	690
256	577
434	849
902	954
308	444
962	968
514	549
533	562
802	952
661	976
735	962
661	747
380	734
559	965
853	917
526	559
438	675
897	960
668	908
874	976
552	925
323	873
409	913
804	917
540	578
760	847
806	963
520	865
781	906
640	930
920	984
684	973
436	871
818	973
301	683
677	970
170	873
767	863
610	916
651	917
174	992
931	971
424	645
776	804
60	597
695	879
579	933
524	997
25	118
799	936
114	833
222	366
903	993
686	995
278	712
704	820
957	1000
313	935
910	925
665	828
711	944
664	869
991	998
933	993
630	992
349	713
137	830
780	936
866	939
439	643
961	984
639	933
61	956
364	728
658	946
148	844
690	898
261	721
729	826
285	849
352	610
467	597
530	882
452	962
914	993
418	826
349	955
104	895
300	312
250	720
444	734
623	965
750	777
414	828
754	896
699	960
41	960
550	608
173	621
654	665
733	958
650	960
851	950
436	442
653	965
83	849
826	893
416	729
435	742
448	681
434	783
38	554
136	860
772	778
436	563
441	907
601	896
559	899
3	681
163	670
347	491
471	786
471	557
797	956
406	805
492	845
277	691
356	984
464	783
51	348
254	973
197	402
587	853
196	968
793	958
710	960
806	897
869	953
626	966
225	622
170	686
354	507
700	915
800	853
610	958
827	956
6	992
183	625
96	922
237	861
125	391
545	977
452	520
649	805
19	638
184	971
709	856
915	961
670	864
463	800
265	815
369	872
107	643
84	925
748	905
841	867
786	931
408	756
843	913
545	990
452	762
619	939
37	291
718	918
181	942
704	983
514	859
473	592
794	913
235	949
95	646
67	584
122	483
229	582
831	916
19	772
308	646
795	993
239	775
762	816
473	713
720	819
711	999
785	985
576	811
414	749
273	773
70	710
743	924
734	875
156	898
145	480
491	888
838	932
260	955
277	370
655	996
507	832
815	948
644	837
597	991
113	649
338	996
954	999
374	424
926	937
180	824
204	952
842	943
754	830
162	955
726	768
17	308
118	848
981	994
310	789
851	884
212	897
446	835
754	951
265	494
377	735
163	483
393	945
453	959
527	679
43	566
172	976
328	964
606	945
625	958
218	274
75	491
756	889
522	722
700	728
474	910
78	910
240	743
749	849
237	674
578	738
872	956
144	217
489	895
608	846
71	907
79	502
656	779
205	843
331	982
446	969
702	895
284	907
802	833
27	985
839	900
584	610
121	620
663	674
52	749
575	790
920	973
818	962
744	747
381	695
876	903
821	967
399	978
251	851
380	736
545	803
894	957
536	983
355	908
575	682
368	618
887	917
744	868
119	816
353	754
359	505
190	696
223	644
828	983
602	677
684	975
417	860
656	913
573	878
619	994
779	983
572	919
746	806
787	807
135	652
38	985
514	914
417	981
665	817
21	752
269	588
389	919
155	752
100	816
12	932
672	978
295	991
553	761
765	940
965	971
602	919
662	933
271	819
665	938
606	745
33	883
74	884
556	924
456	720
330	352
417	994
852	922
912	936
447	873
292	999
180	529
89	899
83	825
410	954
671	995
363	650
385	897
968	989
646	938
775	823
183	948
236	774
199	892
741	946
801	997
456	962
660	994
527	842
150	892
761	780
255	945
833	885
282	782
304	312
768	941
513	651
518	766
729	949
756	823
701	887
458	900
673	788
939	944
840	938
661	670
812	839
944	995
462	726
663	716
398	970
761	793
464	772
937	955
708	903
723	888
847	954
323	688
839	955
25	967
649	794
874	912
230	847
288	788
441	801
876	958
895	971
807	858
344	868
908	910
70	336
591	974
751	963
346	914
132	396
249	981
285	409
386	986
279	860
623	633
894	904
839	968
880	969
154	865
663	971
392	922
748	786
596	917
334	917
408	866
769	845
908	923
853	987
278	756
283	871
621	866
406	941
533	982
371	920
147	946
223	941
718	920
864	974
883	987
506	1000
46	756
662	759
436	941
320	995
664	805
655	985
405	810
746	874
732	939
501	518
314	951
776	982
234	699
762	818
734	985
665	885
604	875
282	595
631	749
686	944
14	780
666	706
864	987
325	413
616	885
41	654
919	923
187	708
646	993
835	929
241	944
755	936
268	552
259	998
452	898
606	813
859	993
418	762
393	934
98	262
276	534
465	958
317	831
377	845
666	719
215	554
838	947
571	832
450	542
823	824
17	431
613	950
107	324
365	848
444	912
84	606
707	733
724	902
25	901
668	778
368	486
626	781
645	794
791	848
524	733
568	776
936	943
191	560
913	959
932	972
715	974
809	838
360	517
103	861
189	864
422	843
274	679
737	854
69	166
525	971
781	897
693	784
161	923
290	808
59	912
381	697
64	990
568	789
554	854
499	918
265	751
916	977
415	695
795	916
855	967
781	789
552	929
813	970
524	867
191	923
17	807
270	987
807	926
9	394
448	993
415	816
690	755
87	987
288	748
661	993
399	993
600	983
226	513
121	985
355	923
429	872
878	927
60	480
338	690
436	996
871	924
623	822
475	695
72	719
232	708
340	470
512	991
185	596
773	803
630	983
561	883
984	986
762	873
65	716
426	695
338	811
987	991
145	416
582	942
24	126
843	983
581	983
383	998
732	886
23	426
102	719
878	940
298	365
368	875
877	981
421	701
660	983
794	983
546	881
692	935
351	642
409	583
359	991
171	940
147	317
639	816
565	601
745	946
201	819
850	999
574	835
775	825
835	876
544	892
967	995
194	779
823	987
840	927
900	941
597	940
877	994
775	946
412	894
539	935
631	938
340	725
872	1000
132	961
149	376
407	900
517	543
104	899
816	839
613	776
731	997
103	674
824	959
557	615
345	961
312	784
83	961
108	725
449	789
858	957
140	677
217	897
698	712
614	718
525	905
117	851
610	949
152	808
688	788
578	916
600	675
39	113
140	919
855	901
874	914
552	863
918	957
937	970
307	803
876	960
114	408
614	960
633	973
131	991
781	844
276	857
670	976
670	747
582	863
702	965
521	624
600	917
774	804
121	919
556	847
41	401
128	814
656	970
535	909
29	283
86	588
180	223
572	976
116	696
591	989
162	812
396	750
575	981
776	971
785	976
329	696
466	930
359	575
586	766
880	984
432	528
864	976
327	1000
179	873
487	989
294	823
748	801
882	993
300	345
343	981
477	715
260	717
750	810
295	940
424	825
639	750
303	535
382	828
926	928
912	993
475	763
378	830
727	984
787	998
212	538
343	994
981	985
783	1000
851	875
340	659
840	982
418	764
757	947
803	834
266	895
734	1000
742	824
71	656
425	659
664	941
824	893
925	945
689	705
565	898
432	783
158	251
421	890
921	947
981	998
194	618
735	942
463	483
353	611
344	791
8	842
335	971
696	950
608	837
849	963
291	901
327	329
590	968
65	329
459	485
846	894
532	734
707	735
163	608
206	978
323	974
376	837
758	902
818	953
601	955
367	788
348	509
876	894
895	907
661	740
182	971
297	729
591	910
932	974
30	873
855	956
670	910
183	334
386	922
788	902
760	840
765	918
943	961
225	681
885	956
252	289
512	859
457	923
75	629
591	923
355	912
368	851
392	979
827	907
669	698
37	458
672	740
880	918
448	995
11	994
759	857
231	243
778	870
883	923
547	974
473	759
533	810
684	979
780	916
945	983
752	854
67	751
433	808
116	872
572	923
787	811
616	929
690	878
776	918
159	461
725	872
114	947
375	988
669	940
567	929
512	993
727	918
630	985
542	872
924	937
299	885
692	816
683	996
843	985
356	601
581	985
617	642
796	873
61	949
570	826
456	953
146	993
616	942
674	883
618	988
893	927
337	480
636	776
162	893
13	770
118	786
522	647
687	943
85	380
558	829
136	840
442	883
361	958
548	784
504	714
41	724
622	706
352	845
541	781
345	842
854	948
279	717
867	887
731	999
230	488
156	273
923	940
782	964
381	620
675	838
243	915
721	954
173	856
112	846
728	849
511	851
934	954
389	602
231	982
702	833
936	1000
270	910
853	965
605	900
550	964
131	751
307	913
40	569
422	671
587	967
193	811
108	969
724	972
580	964
2	987
258	913
654	913
748	777
450	854
758	970
469	867
937	972
584	790
484	852
737	803
869	959
929	973
115	985
82	579
54	746
651	736
568	967
329	456
771	801
141	634
394	814
790	814
880	973
135	819
420	988
679	919
813	919
496	983
293	883
614	975
873	906
625	804
831	909
220	526
970	987
546	925
54	988
362	875
563	865
394	827
755	806
562	640
452	768
658	873
966	989
652	799
192	814
560	981
558	871
632	820
219	422
241	706
562	761
42	991
446	586
759	817
44	771
486	658
384	876
356	777
543	640
218	843
171	997
634	758
842	936
606	925
735	810
861	949
560	994
544	949
318	643
731	812
199	951
501	535
45	255
358	715
817	1000
756	990
613	941
866	892
425	890
599	777
842	949
465	962
680	887
666	952
489	767
379	895
585	1000
392	834
98	387
879	952
337	669
777	941
133	610
881	998
518	946
710	887
443	772
723	826
772	947
510	947
925	960
105	898
532	965
504	903
886	968
742	960
828	963
800	901
920	966
560	660
725	727
35	51
320	678
358	970
278	681
913	963
869	893
695	740
194	983
846	909
730	963
389	670
205	849
688	966
559	852
27	991
825	971
503	691
809	963
901	966
744	982
904	971
477	638
771	856
876	909
540	694
619	987
130	796
75	860
471	860
691	863
470	864
630	853
616	689
506	817
528	576
533	691
868	910
783	802
366	928
801	856
369	933
121	868
704	923
286	935
468	912
280	861
406	1000
794	853
128	992
324	638
618	856
926	972
403	702
544	641
475	807
618	627
862	987
39	425
686	761
787	813
28	532
808	872
137	704
722	805
152	423
933	988
685	923
74	769
327	949
965	977
495	762
555	813
519	890
439	867
527	714
477	893
945	998
736	824
4	646
59	353
537	880
960	983
979	996
13	880
555	934
574	947
357	949
114	962
893	929
492	585
549	890
50	654
699	834
523	837
426	941
863	942
866	947
580	590
585	934
337	832
364	965
205	420
826	996
900	945
335	907
159	947
217	888
728	838
585	826
805	829
386	845
353	668
735	770
67	311
270	899
303	847
580	832
888	948
728	730
948	999
626	948
502	912
610	711
501	953
661	905
633	843
738	896
182	678
261	971
481	974
503	504
129	263
79	671
915	943
