953	969
235	918
450	843
529	907
587	848
691	905
751	956
508	969
131	982
649	679
728	972
781	835
49	391
885	892
482	916
788	959
380	905
807	972
22	931
347	499
600	679
672	784
536	923
682	977
520	915
649	800
552	867
354	394
593	905
376	907
813	908
343	730
563	733
573	926
256	990
149	864
278	749
295	918
929	975
10	934
533	975
216	810
147	939
205	917
783	857
807	985
774	808
143	416
883	980
354	865
841	983
546	577
496	985
978	988
678	696
875	981
70	584
512	929
773	970
556	972
196	400
234	692
467	634
236	472
576	806
884	922
560	983
407	475
458	935
632	822
857	940
428	763
488	585
606	806
685	870
363	819
817	989
643	873
808	940
305	814
238	824
750	935
925	936
106	375
947	991
229	940
738	817
946	995
5	966
165	955
844	984
819	927
851	879
923	984
653	894
446	830
449	835
757	951
627	878
849	954
122	854
631	997
750	948
824	897
289	738
435	792
374	782
830	833
544	964
571	838
700	723
736	905
515	906
427	564
492	666
263	843
268	921
548	975
804	901
389	659
601	838
17	787
210	687
825	960
481	921
322	376
681	952
860	954
464	954
901	955
385	395
832	855
651	780
904	960
837	970
427	806
110	870
655	670
316	975
125	212
322	726
489	903
181	521
709	906
931	955
790	979
950	968
50	977
672	731
806	960
85	934
346	975
943	965
313	798
299	634
147	994
904	973
100	690
394	871
938	971
570	575
813	976
563	801
403	583
755	971
908	984
787	923
861	872
129	465
371	981
882	931
679	868
370	756
375	871
862	989
466	989
507	761
391	815
644	995
773	917
470	879
270	296
747	864
255	927
236	648
477	774
370	648
301	814
609	930
686	884
873	976
553	769
445	943
882	944
539	807
706	984
558	820
750	990
606	982
680	931
427	485
960	985
671	882
762	1000
574	949
641	710
627	812
346	533
557	716
245	895
548	667
713	1000
845	890
583	890
187	890
617	888
395	775
689	764
419	903
441	662
821	883
143	968
633	832
738	885
476	885
22	449
858	950
42	135
525	777
390	552
376	654
69	911
480	482
416	955
8	901
531	942
242	839
564	890
154	726
369	614
608	896
737	781
286	616
681	886
923	944
601	893
143	981
531	834
603	673
167	786
621	727
934	958
404	729
786	794
538	729
307	796
97	986
876	953
432	976
144	280
116	447
718	781
489	958
420	858
640	861
841	851
268	989
390	686
560	609
587	971
210	984
168	987
894	899
302	987
93	584
161	984
480	966
172	584
774	918
908	918
506	874
607	926
109	915
233	456
491	980
348	931
155	802
545	987
639	851
107	761
5	713
643	741
822	972
789	795
560	743
343	974
238	692
780	975
959	977
727	856
484	869
377	477
19	769
836	991
734	980
627	854
560	864
431	942
348	944
323	362
149	1000
842	927
487	995
13	816
385	947
439	695
650	878
502	714
741	996
378	944
441	475
808	942
935	983
544	832
604	883
227	896
120	770
395	480
317	826
726	994
564	932
275	829
338	885
238	947
544	953
819	929
511	776
678	953
478	599
309	827
59	652
708	832
749	833
243	961
298	668
518	937
573	607
215	899
578	951
173	902
677	701
56	88
252	966
934	1000
109	365
133	722
927	997
383	604
30	974
11	732
483	956
633	900
476	953
118	979
374	676
791	964
739	774
909	956
513	956
3	625
70	386
691	962
462	910
901	957
15	864
794	831
235	867
163	964
366	798
619	978
264	521
266	567
304	859
772	964
651	903
477	750
353	980
172	639
880	911
892	965
778	863
841	919
794	844
202	932
422	972
21	628
554	862
399	988
493	852
567	801
727	790
878	922
778	984
745	807
957	986
528	809
896	976
693	913
734	914
271	924
428	578
801	860
94	998
162	873
649	991
652	737
96	519
555	804
285	943
637	873
752	860
86	999
667	981
226	750
40	65
391	817
759	984
616	935
253	883
555	925
558	930
618	981
84	293
20	766
120	475
768	925
861	887
740	826
671	992
605	638
926	989
15	543
372	817
437	946
220	948
435	836
944	979
132	835
761	777
879	998
912	946
824	833
736	949
142	476
956	989
111	897
615	659
124	836
215	954
844	933
195	487
90	959
527	960
879	890
175	774
409	712
923	933
160	910
944	992
316	669
462	952
733	957
777	1000
895	955
110	914
110	685
330	954
242	841
930	949
14	159
268	978
18	803
78	854
642	896
124	970
881	949
344	973
234	549
552	858
225	500
675	965
246	788
196	967
108	854
709	963
728	976
712	968
786	917
343	842
128	688
45	919
105	970
779	914
443	965
713	789
360	930
640	984
244	984
693	847
505	796
362	976
95	632
348	812
408	863
892	912
487	863
795	979
509	622
970	980
712	981
808	918
868	969
257	815
764	848
609	974
461	810
655	861
204	925
966	982
565	638
778	931
864	971
662	985
244	997
192	807
560	974
183	987
486	759
351	571
530	802
623	764
125	753
47	833
597	977
836	993
674	931
935	972
546	931
810	977
216	238
465	942
248	944
560	987
519	949
324	939
458	939
898	982
942	988
553	947
157	947
639	987
513	582
551	874
812	878
951	993
674	944
80	434
627	869
995	999
425	654
750	939
810	990
55	791
886	948
927	986
297	590
85	670
668	762
411	840
461	957
543	996
923	988
501	999
532	837
339	442
8	837
814	937
318	770
791	953
629	891
152	966
793	999
591	784
117	901
602	650
781	881
404	665
288	719
675	899
876	889
578	966
471	840
355	894
112	907
453	971
635	719
547	835
621	784
170	848
626	899
409	901
73	915
702	894
251	958
344	920
171	440
809	956
904	964
582	913
315	569
256	928
765	805
706	841
257	749
739	789
832	980
408	918
301	792
609	908
53	461
281	813
792	800
541	629
799	924
90	464
898	903
664	736
414	561
584	972
264	765
140	995
542	975
179	923
910	913
899	983
255	918
912	922
972	973
301	805
158	985
810	911
452	937
892	980
363	865
924	932
808	986
882	935
968	975
546	986
164	655
516	814
516	585
479	932
102	945
759	986
762	991
458	765
310	601
79	180
184	233
392	411
590	884
493	988
190	950
754	992
863	935
546	999
384	937
167	185
180	878
273	840
326	932
667	996
381	602
9	996
205	413
740	949
481	954
489	586
814	871
580	704
328	897
111	899
592	943
132	958
930	938
522	884
341	543
816	836
332	723
626	941
258	545
373	495
483	892
906	995
617	892
6	967
123	320
656	820
587	720
881	938
738	889
182	671
25	953
346	779
594	615
612	669
515	965
154	959
517	782
709	952
520	787
272	722
450	957
21	551
269	387
890	1000
86	451
600	901
58	618
218	570
74	562
131	867
781	949
318	959
621	731
423	975
758	965
832	914
338	379
472	608
725	788
334	903
119	749
895	970
628	855
91	916
489	962
406	927
739	844
683	912
862	914
399	924
922	965
553	573
10	819
660	901
519	925
252	581
417	914
899	917
128	811
959	968
978	981
141	750
320	981
834	973
493	680
190	871
314	937
575	978
660	793
868	971
871	976
414	737
924	987
676	922
643	745
426	747
329	814
394	943
213	868
595	933
188	286
400	465
28	822
625	812
64	479
776	981
509	866
508	641
274	999
287	938
567	992
553	828
662	1000
641	648
516	882
736	885
199	946
543	756
689	810
914	928
775	998
682	770
508	654
893	990
442	825
166	890
823	931
969	985
124	664
509	1000
527	788
93	267
310	790
698	872
791	834
36	901
495	957
572	652
11	615
539	1000
351	949
730	945
187	962
624	963
37	200
943	945
263	957
860	947
515	912
367	785
936	942
499	904
578	968
397	893
779	958
316	968
214	920
589	834
676	722
277	976
593	953
560	776
362	791
293	920
334	958
581	835
292	732
457	799
672	724
589	955
341	853
649	740
203	919
786	974
758	912
499	917
526	791
773	897
138	386
140	984
897	963
98	987
695	977
643	787
478	979
230	914
753	918
646	792
11	281
665	805
398	461
637	743
31	933
502	518
311	987
889	964
94	989
498	813
9	622
83	571
429	979
630	969
83	342
470	751
841	923
247	450
288	976
324	404
535	853
356	585
466	982
223	995
875	921
262	923
732	872
451	859
198	938
500	980
627	792
49	815
701	741
348	882
227	821
287	872
774	990
889	977
933	983
107	941
905	921
671	754
850	985
473	998
338	810
865	970
199	880
592	811
960	978
597	926
60	950
849	881
219	714
472	931
692	934
733	935
516	937
184	235
722	813
708	878
174	190
454	998
206	896
321	883
117	824
7	952
530	993
198	254
82	308
428	716
496	591
432	835
69	783
229	772
900	940
275	888
770	830
252	904
902	986
659	999
370	896
860	989
717	940
777	991
20	783
142	480
624	897
729	950
352	963
589	647
907	956
566	663
782	961
587	951
284	950
144	381
985	997
640	962
937	956
59	724
279	956
675	956
246	550
489	951
374	735
365	915
841	844
268	982
579	615
463	669
582	620
807	967
820	906
33	563
313	846
385	456
596	905
496	967
307	802
577	626
771	906
774	911
204	795
512	682
214	988
52	926
709	967
79	800
588	906
929	970
335	460
524	921
651	962
227	634
345	397
704	973
126	996
644	693
500	685
651	854
582	983
917	973
340	403
295	926
556	967
514	970
10	942
151	881
54	985
725	924
453	465
57	465
494	991
667	919
400	575
746	983
787	984
28	932
671	809
690	822
882	992
481	648
720	930
898	973
461	935
278	999
708	812
42	988
768	863
138	817
88	996
611	771
905	989
863	992
838	935
328	833
455	874
418	992
900	995
757	946
435	895
76	962
761	836
654	710
428	892
156	204
138	830
858	890
920	950
818	939
596	597
377	967
839	998
695	724
874	955
103	849
846	893
610	882
605	952
457	788
839	890
121	839
28	382
415	562
24	906
758	901
642	955
408	788
224	967
614	893
655	665
686	732
369	796
792	899
704	786
957	966
322	492
313	901
387	850
62	272
273	455
429	968
630	729
602	896
748	950
473	745
767	963
128	976
904	968
466	971
447	729
122	178
595	856
614	906
655	678
755	845
121	973
82	981
549	861
554	976
573	989
326	331
61	814
129	689
611	692
905	910
487	922
382	640
762	861
445	925
725	979
348	992
76	533
141	928
482	992
884	972
917	920
755	858
773	912
165	992
201	686
385	995
329	871
711	936
423	469
194	646
232	938
378	992
507	877
667	866
768	918
745	934
528	936
926	982
424	1000
840	915
349	826
509	815
440	944
674	882
627	807
103	770
497	926
838	990
805	813
263	530
782	829
460	815
735	983
620	767
854	934
451	995
933	998
248	895
671	998
503	596
16	774
747	993
236	777
189	665
615	773
353	544
881	929
377	901
44	957
118	906
723	757
319	667
902	988
327	491
425	834
380	768
143	855
270	896
559	770
330	947
825	889
906	999
290	501
472	478
545	956
536	907
603	668
448	794
219	971
230	837
758	956
610	829
340	968
563	717
561	792
506	856
887	962
739	835
661	915
273	510
56	512
811	859
198	861
530	553
339	985
769	835
834	964
512	913
850	908
929	972
607	921
390	923
333	389
885	902
291	392
375	800
222	292
655	854
586	983
966	975
391	744
281	872
415	872
597	849
127	405
459	915
393	561
799	983
436	931
838	911
829	862
433	633
438	977
364	762
195	990
859	970
396	980
33	928
706	913
33	110
384	862
692	978
26	888
287	929
232	993
947	975
386	413
536	586
701	919
646	983
882	994
439	919
659	922
198	298
516	873
103	475
824	989
870	876
914	919
451	929
437	765
495	935
352	886
731	919
851	984
925	933
722	870
224	593
246	352
504	876
701	932
384	996
525	935
981	986
879	938
777	927
763	992
942	994
97	902
735	930
501	763
231	902
311	602
187	832
252	961
916	941
631	994
925	946
27	964
710	994
839	879
388	943
858	892
99	840
589	704
668	997
888	1000
599	897
464	938
10	502
483	951
538	887
920	952
276	887
596	828
675	892
279	892
105	776
196	894
99	961
332	903
506	790
170	612
247	307
417	489
890	938
909	951
809	949
396	551
869	1000
635	833
524	965
716	906
153	500
834	898
185	452
195	911
712	908
436	973
73	921
470	742
616	796
387	973
98	870
170	975
662	683
1	937
334	854
466	973
89	986
328	514
144	693
493	847
760	962
457	924
919	955
607	868
174	986
334	975
15	175
28	639
396	806
327	935
542	860
643	912
569	697
607	989
16	750
393	508
81	650
617	630
223	999
787	812
657	931
674	871
99	411
558	696
893	915
26	835
461	992
158	991
409	573
815	995
634	920
657	823
674	992
426	927
164	890
112	471
967	985
667	989
837	875
405	989
928	993
735	864
960	982
430	753
146	994
3	420
657	944
30	782
645	826
87	535
652	987
740	834
430	645
526	582
13	1000
714	818
444	957
571	998
967	998
51	208
818	875
60	967
839	934
715	898
401	708
15	901
997	998
202	498
749	896
255	361
302	850
283	608
825	891
186	904
423	847
524	899
804	953
702	942
677	885
663	721
396	606
621	724
552	853
128	562
78	970
744	794
582	732
348	565
256	976
61	737
302	863
542	781
929	961
681	896
63	783
524	912
123	568
339	866
350	732
140	922
704	964
506	979
313	850
22	112
440	625
917	964
755	902
292	912
457	979
892	907
473	923
123	810
679	799
651	966
73	989
799	864
711	980
408	979
586	985
634	733
551	735
109	804
530	797
249	518
875	980
699	754
19	995
179	984
776	974
849	927
954	980
632	700
12	992
433	985
722	859
903	934
37	756
548	706
42	871
685	977
165	941
858	868
803	932
300	577
238	931
558	872
692	872
783	990
511	531
180	926
125	990
521	990
606	805
74	944
671	934
657	999
638	757
555	988
756	978
338	990
425	878
313	408
337	765
409	870
562	883
823	924
587	647
845	942
798	867
844	983
585	988
483	940
923	983
383	709
677	927
71	888
57	953
236	955
640	779
65	319
225	308
925	948
128	604
152	961
909	940
331	963
100	542
661	838
628	661
559	827
388	945
911	986
145	958
126	679
594	784
29	783
519	610
758	892
73	789
730	830
438	658
635	943
855	946
626	894
189	856
612	959
772	948
629	899
931	941
325	902
306	623
778	847
38	845
244	913
693	776
285	456
885	946
279	907
265	972
306	744
894	951
591	913
718	954
47	749
80	697
811	916
520	969
794	949
899	965
122	290
521	790
829	906
718	846
523	570
299	862
63	851
390	980
835	842
463	970
521	911
48	233
175	274
77	934
361	693
856	901
820	978
190	811
212	570
878	919
778	981
363	739
776	908
101	998
238	744
439	505
912	917
221	282
873	962
253	988
808	981
546	981
558	806
898	911
447	975
139	593
383	401
385	999
104	757
486	822
453	645
126	250
134	865
194	650
414	919
419	768
974	990
523	825
289	658
638	812
192	991
104	878
543	696
502	658
156	250
199	886
469	481
320	358
366	474
187	997
541	1000
571	879
153	891
249	599
777	984
276	702
648	833
381	718
408	592
914	989
619	775
176	242
649	654
635	756
888	936
198	489
967	1000
703	890
782	954
823	992
721	944
434	887
217	889
291	838
635	648
478	664
997	1000
147	564
532	900
435	967
302	852
350	600
658	716
88	600
102	269
809	885
728	960
774	783
705	949
776	829
280	662
71	259
494	850
614	952
75	903
591	968
314	919
429	906
778	794
910	950
225	618
95	508
683	907
628	971
176	847
899	912
940	950
678	684
857	915
328	342
176	968
732	920
262	742
322	793
671	681
693	965
954	969
54	978
706	904
632	689
293	994
530	678
628	984
843	909
829	974
634	735
746	976
424	925
639	850
861	926
685	966
317	570
745	980
924	982
201	624
202	997
384	974
857	928
320	989
521	979
595	928
414	853
268	533
534	918
176	981
470	933
844	851
486	877
761	816
544	818
673	703
241	817
617	808
829	987
240	821
350	989
611	993
248	941
803	934
402	590
729	756
527	770
921	926
819	915
497	864
153	825
419	944
441	703
854	872
565	769
674	941
775	993
508	878
847	869
599	767
698	746
988	993
779	819
659	939
800	878
818	932
763	996
601	705
821	937
34	69
932	953
976	996
566	832
915	986
934	999
192	362
791	950
307	608
666	955
512	717
751	999
522	947
869	991
635	824
712	778
104	370
716	897
383	724
52	853
167	840
709	894
795	897
44	211
104	262
628	905
892	951
589	950
160	507
725	959
758	907
269	679
885	948
164	168
801	954
121	966
369	802
424	738
957	972
234	614
299	743
426	784
813	964
18	989
752	954
678	739
31	928
573	982
669	690
75	971
493	730
704	913
19	810
547	966
82	866
720	857
582	923
203	338
843	964
48	464
655	913
856	903
359	622
262	689
555	911
706	851
838	970
549	867
669	932
59	451
861	873
446	631
27	647
192	980
123	880
107	118
7	705
409	685
782	930
900	922
845	986
960	973
165	998
421	924
803	989
132	821
627	800
835	978
577	942
516	932
590	881
796	986
455	693
768	924
353	645
914	978
380	519
234	990
592	698
745	940
845	878
622	806
668	922
186	653
167	411
544	886
659	873
387	414
604	937
967	989
865	978
906	979
636	889
31	257
196	590
559	642
583	999
517	645
462	709
580	930
497	932
879	997
736	948
689	873
804	823
515	720
895	941
532	889
955	992
375	417
110	900
210	609
311	661
913	995
8	660
527	959
907	951
268	964
469	954
992	995
804	944
601	881
124	956
256	846
779	887
267	712
728	841
115	843
901	998
675	951
114	389
769	815
936	992
237	954
834	944
677	997
911	935
770	959
811	960
561	785
332	962
602	823
929	952
299	785
189	913
211	672
188	954
931	998
848	1000
540	847
570	726
811	852
662	729
579	960
794	885
711	850
771	901
568	838
292	903
75	905
452	626
765	857
811	973
126	870
621	849
771	793
62	333
683	909
746	965
653	737
704	968
676	906
244	983
354	626
257	693
100	975
711	863
139	637
466	803
166	511
116	919
773	960
792	973
64	234
597	963
509	850
211	927
868	968
706	906
764	847
442	796
750	912
631	732
565	866
369	991
662	984
261	640
68	999
343	975
780	976
678	928
741	984
636	702
400	691
460	742
229	809
646	868
833	923
475	986
604	871
46	55
726	982
946	985
146	932
457	528
715	823
11	707
319	823
764	981
923	974
312	820
680	987
518	925
69	833
666	823
638	990
798	979
476	928
393	930
16	943
668	869
115	656
631	987
309	936
501	877
509	997
605	934
223	603
324	951
365	952
635	813
728	775
593	816
501	998
325	772
302	788
214	904
453	957
539	997
33	371
148	321
186	613
714	998
497	1000
285	555
235	963
510	939
818	826
8	957
365	965
566	955
294	496
332	788
640	904
753	781
524	958
183	665
904	950
515	909
81	388
760	942
894	942
478	963
65	565
753	902
82	734
450	901
18	978
746	899
448	976
303	329
602	891
239	573
753	794
393	488
35	514
334	847
193	871
672	842
37	331
424	740
603	971
289	515
808	851
159	442
472	673
155	966
790	982
246	855
507	859
842	849
873	953
933	967
743	843
163	268
607	982
379	566
783	915
337	569
282	633
843	966
58	925
581	966
861	983
61	930
364	702
451	856
652	846
960	962
96	399
440	926
963	967
500	977
679	979
701	738
632	638
617	744
975	977
37	694
570	928
784	857
819	851
34	810
405	982
424	995
597	923
726	808
60	947
762	990
541	991
622	687
902	970
136	942
626	806
87	528
648	824
768	926
914	980
592	929
624	881
333	934
467	934
541	883
907	940
967	991
791	994
92	993
708	996
23	893
427	717
513	757
821	873
740	948
149	480
797	930
318	932
645	832
515	951
441	773
694	953
265	547
366	599
311	663
705	819
27	904
223	550
300	770
2	847
681	876
712	943
703	894
890	986
251	999
848	989
512	545
589	994
481	966
663	943
654	894
478	897
101	910
175	896
161	961
758	951
772	886
769	817
788	830
457	959
663	835
561	787
890	999
22	923
705	953
20	96
820	903
704	957
52	802
299	908
598	975
646	723
516	613
366	854
572	959
594	977
561	800
73	982
417	792
24	43
494	746
903	914
452	978
278	862
33	802
611	742
156	872
747	788
563	967
623	981
81	698
356	637
480	969
917	970
74	924
817	968
454	916
137	980
734	970
577	986
232	988
636	812
107	993
437	868
924	986
743	911
643	973
847	968
866	981
342	981
898	970
227	765
958	984
290	296
601	683
694	874
174	350
262	988
798	968
657	992
471	573
692	986
497	747
323	594
419	827
372	981
969	971
86	358
826	922
196	755
437	881
886	936
321	935
457	530
467	989
847	981
401	406
254	881
684	694
298	887
317	937
821	928
14	899
504	992
402	715
976	987
93	374
731	927
459	468
937	995
469	661
548	954
172	374
886	949
181	608
379	889
635	815
580	879
742	941
496	656
661	952
394	608
36	900
308	541
323	849
235	965
18	967
804	893
20	30
517	836
448	965
346	954
869	995
148	444
506	906
695	842
244	677
920	960
123	616
197	565
45	962
264	740
658	667
300	959
459	952
720	727
950	960
526	898
378	734
468	893
129	444
146	613
406	981
304	970
63	615
274	798
208	444
474	563
79	973
201	670
868	904
431	866
631	668
259	796
562	568
759	853
704	917
327	930
275	740
671	740
473	984
65	930
261	576
789	961
84	391
898	904
259	917
166	689
842	972
639	909
105	450
193	297
281	935
960	964
146	976
851	913
39	769
493	976
782	813
69	877
129	928
160	766
454	984
335	767
151	946
844	910
627	912
486	936
766	990
604	928
446	985
465	998
587	695
699	936
248	1000
960	977
321	990
462	700
921	985
236	882
420	474
442	987
634	928
656	687
754	993
537	995
303	828
974	996
485	576
237	474
844	923
250	938
286	595
511	942
406	660
344	950
900	939
858	942
402	662
742	996
654	883
511	834
758	940
518	995
163	767
168	845
825	886
621	827
781	816
198	495
98	557
492	713
304	891
906	996
642	657
67	426
848	991
56	496
732	779
4	77
468	706
487	719
387	781
795	835
459	886
915	937
698	939
32	324
557	963
794	876
706	763
207	850
730	891
31	853
499	958
251	893
232	614
355	950
811	964
547	891
607	905
822	830
868	946
524	907
885	886
282	327
746	956
168	979
226	432
572	840
880	956
877	887
640	974
574	849
697	956
58	740
237	971
719	974
875	962
452	630
625	787
253	915
387	915
887	972
766	911
498	867
456	870
187	682
877	900
113	504
183	977
85	405
940	956
856	962
773	964
625	800
162	810
836	983
132	638
954	975
733	747
805	852
842	919
410	996
382	934
13	808
775	865
847	970
439	916
384	980
139	883
50	811
578	701
151	893
775	986
723	796
208	875
653	996
446	932
969	973
680	870
432	768
289	948
256	771
624	709
641	878
200	876
230	755
34	880
342	996
939	986
483	706
166	770
942	991
568	750
284	991
721	763
218	371
471	588
25	996
443	755
913	933
756	986
434	935
816	1000
487	532
800	992
712	879
304	825
50	945
760	812
490	951
710	991
522	940
66	660
503	661
920	949
334	825
64	964
642	941
155	365
922	995
61	666
176	653
825	833
811	898
140	730
396	656
575	887
156	674
73	905
403	551
270	961
545	900
443	889
391	433
229	371
869	997
910	998
473	731
681	946
767	949
390	962
560	885
593	833
684	951
114	569
64	977
3	967
295	846
630	836
38	961
982	995
868	893
18	982
752	947
265	859
53	451
78	215
611	678
438	908
773	898
644	976
676	965
660	957
21	970
535	962
650	912
606	842
905	909
454	973
266	922
412	976
574	809
706	965
2	583
444	928
249	460
139	588
359	857
699	925
745	812
944	958
803	982
260	999
870	928
648	815
933	984
233	987
641	812
150	989
444	941
511	702
722	922
881	915
657	941
605	751
295	525
291	820
62	997
356	949
358	995
666	882
633	705
96	766
550	936
696	761
76	787
387	649
800	818
134	994
469	947
629	936
344	952
941	942
222	962
258	656
874	888
538	939
195	721
376	998
538	831
610	936
629	949
188	947
941	955
619	904
438	829
506	963
915	939
113	251
373	619
802	998
494	845
427	855
499	960
526	834
424	786
773	940
112	965
621	842
492	957
239	511
753	961
505	896
524	909
403	848
207	973
136	504
477	568
24	34
482	912
378	791
507	676
586	969
551	719
410	743
899	907
329	791
174	917
260	691
829	848
336	915
551	611
377	687
50	329
229	560
836	972
51	931
491	974
439	784
665	861
227	635
474	741
245	918
966	974
778	923
13	797
407	458
255	855
475	858
277	348
590	808
942	967
708	800
42	976
171	861
553	926
210	523
363	802
836	985
577	990
67	925
631	967
516	980
120	751
323	585
510	677
8	695
164	942
398	880
613	805
714	857
337	641
199	936
97	888
381	418
231	888
699	993
702	739
67	228
597	982
449	818
858	986
443	744
159	985
402	477
756	975
830	924
539	977
254	993
851	983
529	703
615	706
274	413
927	978
523	888
779	814
27	721
209	698
159	877
319	829
492	757
552	771
805	988
191	765
554	588
504	996
55	904
330	880
127	780
149	539
677	695
797	989
608	824
976	991
47	262
236	952
915	981
299	483
87	829
744	833
413	999
821	824
36	783
490	953
672	701
825	943
584	588
415	779
888	999
313	768
533	542
288	711
964	994
415	671
98	964
84	837
612	956
329	604
950	951
746	892
952	997
864	884
809	948
566	961
307	966
664	715
265	969
820	962
493	604
534	605
542	954
79	964
143	225
528	790
153	620
53	682
364	803
322	843
831	949
583	618
431	978
49	684
147	990
799	916
595	857
405	962
875	911
14	811
418	672
537	623
752	962
273	927
567	916
111	636
553	981
317	970
551	908
262	805
129	919
368	972
77	234
486	927
546	978
35	762
549	983
43	357
115	462
249	462
636	871
782	925
240	642
823	963
23	644
979	981
583	981
113	803
13	865
154	575
336	996
50	639
674	991
33	406
272	688
360	535
948	971
203	817
571	984
189	653
502	884
507	999
689	976
548	771
446	989
666	992
900	930
633	815
270	763
421	932
281	363
219	717
613	873
921	989
714	925
442	991
122	784
216	648
271	355
400	994
133	879
821	987
163	758
489	699
786	885
445	592
610	925
543	935
357	479
941	944
581	638
839	933
484	705
883	939
943	990
860	992
423	954
901	993
445	484
18	905
559	1000
120	135
853	952
605	887
209	887
589	879
566	895
511	959
693	936
137	718
323	908
147	911
431	441
114	734
72	508
22	916
556	823
795	839
767	777
425	488
917	950
719	965
39	452
662	845
748	885
767	898
477	799
67	672
89	919
600	906
606	657
924	966
146	672
294	570
679	906
720	907
780	958
899	909
898	950
516	619
658	968
331	573
699	740
597	958
19	981
215	398
951	961
68	873
865	894
395	450
586	984
264	933
947	963
754	797
518	786
745	977
145	460
631	848
958	977
741	979
1	186
83	979
116	927
601	676
699	982
427	523
432	638
456	995
891	923
182	463
710	848
398	990
893	969
48	877
612	690
428	869
650	982
698	730
610	617
634	974
49	55
675	746
229	925
633	749
949	985
541	931
319	818
486	995
701	920
372	866
231	890
754	931
793	859
289	831
913	924
816	991
90	887
236	941
731	920
235	716
937	988
288	579
548	947
793	980
816	883
684	929
703	942
188	533
316	947
705	759
360	724
420	775
258	713
280	472
318	764
450	883
739	757
832	948
629	885
59	998
670	886
441	834
647	939
707	953
793	993
168	904
806	932
880	881
825	945
429	716
346	947
93	501
579	889
610	993
482	956
755	822
922	999
121	950
470	609
406	853
621	778
15	968
266	550
1	804
177	966
581	827
286	909
822	889
200	317
357	560
155	840
771	843
163	960
180	375
383	963
46	789
299	969
426	781
794	948
436	974
40	974
155	961
659	723
295	971
537	733
303	566
407	623
882	916
257	864
269	918
558	792
7	918
733	793
722	900
859	905
597	905
831	843
762	972
643	792
16	630
444	811
590	865
956	959
152	639
168	354
90	700
590	986
884	975
243	878
826	970
564	970
784	973
814	852
53	939
189	534
703	755
534	983
441	755
708	870
9	869
606	859
353	413
196	695
416	698
531	685
569	940
71	929
412	993
464	860
1	604
524	645
821	868
485	690
779	871
770	822
224	999
358	999
591	712
718	753
621	820
253	424
739	812
505	645
647	994
688	995
628	715
397	819
718	874
547	763
381	959
614	938
77	962
855	1000
393	417
197	505
71	137
21	545
582	841
587	956
848	997
292	779
686	898
727	936
603	900
718	887
88	720
126	975
181	911
776	828
46	723
13	546
266	726
841	957
563	949
174	908
664	772
499	964
595	901
498	968
424	790
795	962
454	669
868	952
727	949
190	973
820	911
369	975
584	900
31	162
646	960
720	909
775	845
632	796
752	898
29	503
34	618
378	916
111	572
207	280
465	804
193	345
239	986
421	734
426	849
935	955
164	812
507	922
452	986
768	963
740	864
726	966
946	969
280	916
89	116
536	576
47	119
866	976
400	917
620	920
694	869
339	412
354	986
440	989
453	928
286	522
315	994
626	856
912	984
906	910
782	874
694	761
284	863
303	876
394	469
206	943
585	976
733	874
681	684
65	415
824	992
240	941
386	995
21	345
372	868
141	181
738	925
894	913
696	928
374	877
589	802
916	931
874	934
571	933
510	923
851	987
969	979
666	941
765	883
71	997
649	708
425	1000
43	669
786	942
178	305
501	995
983	998
243	959
554	821
792	878
916	944
487	538
772	936
288	594
394	724
325	890
540	778
177	726
848	931
908	945
751	998
295	718
952	988
281	783
336	490
211	724
49	433
164	383
279	895
581	708
223	963
273	326
355	890
938	945
299	958
679	950
431	619
785	888
193	976
530	598
361	789
135	971
138	259
864	888
809	952
852	999
549	732
447	950
273	797
938	958
616	907
745	792
831	832
291	558
57	391
241	737
857	969
356	458
39	751
512	971
713	961
643	902
863	905
178	802
733	795
221	391
382	982
456	931
523	692
165	984
877	961
477	990
272	329
425	571
763	795
569	929
192	979
863	918
159	802
527	932
659	859
731	964
328	988
617	862
82	289
276	569
78	813
419	877
694	816
465	993
372	802
666	754
215	818
449	756
743	974
858	924
608	749
761	991
525	980
117	926
458	990
370	877
497	918
84	520
678	993
879	983
777	972
837	986
735	975
224	759
652	977
757	993
302	827
830	983
613	985
816	819
291	934
615	765
909	983
446	993
100	356
344	945
499	590
523	947
471	757
374	824
654	878
602	688
714	929
409	818
450	819
617	996
559	991
397	929
130	585
591	714
897	986
448	894
737	768
814	988
929	938
146	300
230	937
785	930
482	892
661	894
647	996
614	819
985	991
864	930
809	994
313	827
203	955
478	894
237	953
980	997
209	891
809	886
662	836
115	963
753	954
519	787
68	851
973	994
799	841
389	943
130	948
746	951
116	784
602	943
679	897
445	730
753	846
257	679
40	910
618	658
67	784
218	687
850	900
60	744
836	965
748	889
156	977
285	862
574	736
274	969
664	895
86	918
245	911
947	954
565	623
822	959
25	615
882	973
412	795
202	985
79	97
153	800
557	624
856	957
875	970
620	680
336	921
100	156
275	911
454	913
891	914
951	965
674	916
431	929
664	908
232	985
717	734
92	682
317	800
754	801
905	970
201	854
743	908
297	562
729	973
949	976
20	927
345	983
689	793
261	760
32	937
622	739
398	994
341	460
599	984
833	922
400	811
284	865
886	933
365	938
626	979
920	931
617	930
562	994
601	922
152	830
355	637
797	982
57	714
511	884
772	925
194	948
721	879
707	944
490	946
779	820
218	258
401	874
649	710
828	941
561	597
198	545
492	763
693	753
32	253
106	956
642	936
983	1000
413	884
691	828
264	495
184	768
277	959
63	707
445	772
189	846
918	992
417	710
463	826
353	954
554	944
807	895
447	589
466	602
686	834
180	245
176	769
630	939
167	949
643	649
454	484
593	828
885	936
658	893
341	957
470	842
396	664
253	844
440	670
670	903
764	767
931	944
366	906
512	960
727	885
405	834
240	272
713	721
699	786
644	850
187	382
467	665
66	92
885	949
669	799
435	568
51	871
252	632
491	914
241	968
315	917
351	611
567	909
787	912
644	863
882	920
467	678
250	680
766	974
926	963
636	864
667	968
562	686
344	692
349	807
877	963
32	871
228	517
835	966
618	968
241	981
777	961
754	977
974	980
583	866
531	676
261	815
206	879
421	804
550	918
632	987
74	171
24	579
617	864
245	992
418	920
12	232
17	576
242	923
839	913
784	977
921	982
673	880
2	712
263	982
819	971
645	818
675	926
913	983
932	996
217	987
310	949
511	939
109	407
441	880
928	998
807	937
416	823
223	657
737	878
219	952
38	877
341	649
962	996
728	829
423	947
598	948
832	886
251	877
173	957
9	297
214	729
267	821
704	822
828	888
468	582
376	993
123	547
752	755
45	893
513	998
499	834
134	184
232	490
567	709
168	963
746	940
157	316
575	829
901	999
216	896
171	601
451	655
929	953
247	596
389	945
752	768
7	614
370	437
12	729
609	719
526	950
204	899
89	683
924	959
877	884
514	832
412	784
794	886
683	789
653	846
303	733
470	910
795	966
743	776
445	853
577	972
650	962
884	900
903	913
741	851
639	840
317	789
592	728
19	866
5	931
41	625
662	972
519	923
492	497
301	966
428	741
553	921
64	464
528	864
849	919
747	908
893	962
483	798
340	520
23	813
854	970
886	922
41	867
330	741
509	972
798	846
476	795
687	978
866	980
208	980
939	970
139	880
39	942
125	982
661	696
578	927
349	875
44	993
44	764
300	690
830	919
539	972
673	935
893	975
516	988
846	863
428	875
823	916
605	693
508	760
520	814
346	698
428	996
717	870
386	999
821	927
941	992
531	865
858	994
489	868
816	997
566	822
332	655
827	863
510	927
255	408
550	999
806	925
663	876
971	992
668	991
304	943
612	830
813	820
412	476
885	925
86	720
158	596
880	995
644	718
410	551
883	1000
184	999
855	938
459	938
395	953
431	610
491	890
150	597
730	943
876	997
117	191
688	946
259	769
259	540
663	889
649	954
148	672
607	957
60	330
151	677
505	946
422	948
217	250
716	900
903	955
540	903
584	946
4	142
104	723
574	672
852	882
618	715
193	980
764	769
669	680
586	911
220	790
242	320
99	500
775	783
683	965
507	968
254	559
741	906
584	959
754	845
699	909
303	680
690	860
110	285
247	785
197	927
525	729
576	960
312	621
537	968
143	583
485	549
891	971
46	916
473	983
352	922
849	974
486	922
431	986
926	965
64	411
449	976
726	796
944	955
11	750
617	974
636	987
956	965
553	989
537	981
518	739
545	576
932	985
517	743
844	909
613	976
673	990
846	918
791	982
185	943
670	692
749	756
298	820
413	807
821	861
740	936
248	999
471	748
149	468
116	291
16	878
580	920
733	933
304	756
832	875
895	931
339	713
848	856
779	985
127	830
550	933
536	998
173	946
603	759
948	979
612	993
598	600
416	825
98	893
277	895
10	780
337	946
169	315
876	931
895	944
265	777
196	943
848	869
72	382
256	957
507	539
913	998
498	719
214	960
897	990
406	901
748	867
744	896
293	960
862	888
705	941
892	996
813	888
491	837
384	711
596	890
130	831
355	949
919	991
808	894
887	958
799	845
852	937
310	388
482	909
683	899
741	840
479	840
759	894
434	545
752	891
320	968
655	958
498	974
773	950
652	889
74	912
14	632
951	956
384	845
623	861
609	963
736	738
144	863
226	902
842	905
685	958
652	781
327	984
333	735
701	902
324	915
227	982
263	676
194	805
254	856
400	910
303	977
440	982
613	910
62	807
356	988
851	967
653	982
803	926
302	644
668	967
527	762
131	762
444	993
79	343
222	651
34	866
610	733
534	923
881	967
201	979
578	700
316	700
481	996
71	869
645	875
87	813
937	983
804	868
694	996
260	475
707	935
407	939
11	939
401	636
901	922
249	767
702	978
578	942
760	919
672	806
839	983
360	719
616	645
165	480
230	875
813	930
252	368
343	752
758	765
155	701
716	997
494	655
633	999
158	477
737	827
786	948
464	934
734	758
403	658
482	951
661	953
258	950
552	902
472	650
725	830
11	26
852	871
697	997
394	730
130	886
778	841
910	997
294	728
170	958
500	833
808	949
321	373
68	910
744	964
246	953
359	830
686	730
498	908
372	540
938	951
776	889
473	851
255	894
444	793
92	607
586	913
350	902
653	674
892	956
627	887
775	785
68	923
169	975
361	916
144	918
364	921
171	792
212	564
322	961
578	621
674	854
51	875
434	613
346	500
604	795
428	798
669	924
782	801
160	983
831	959
624	629
849	976
701	849
305	620
439	849
351	736
263	852
125	918
587	683
754	860
740	925
845	978
751	791
462	688
80	357
921	973
538	683
326	800
317	980
224	752
914	970
531	909
594	699
38	518
948	968
222	827
731	970
244	586
717	806
501	922
389	452
867	979
388	981
737	869
102	358
620	994
802	971
297	755
550	935
897	979
448	887
916	992
888	930
712	933
130	699
459	874
758	941
706	751
904	995
306	780
559	997
938	993
112	951
542	764
594	954
454	651
10	903
552	957
973	987
577	721
637	772
119	846
628	952
801	880
503	957
101	913
467	482
100	954
70	782
961	990
199	438
231	619
487	841
495	665
178	729
393	654
852	939
563	836
494	965
669	966
567	955
465	678
592	719
704	960
528	963
817	837
233	557
343	954
169	801
255	841
857	909
741	963
414	605
611	853
19	978
638	727
514	957
32	917
32	688
352	629
530	901
296	734
23	804
9	906
726	961
70	98
803	915
536	571
403	981
805	961
879	910
15	576
139	871
837	913
235	350
364	989
653	863
446	799
377	928
124	519
456	992
435	869
696	910
25	742
641	974
62	809
277	697
464	789
736	982
543	853
386	869
367	627
422	563
694	985
289	936
839	851
624	697
844	966
173	761
200	864
85	648
145	699
847	971
518	917
793	856
145	820
398	1000
351	925
874	929
571	928
827	854
557	993
772	918
6	890
37	994
485	861
177	708
210	656
760	800
306	364
793	977
144	302
770	993
869	972
557	885
193	837
353	826
413	877
614	867
941	996
22	955
213	294
779	934
204	703
416	882
360	950
916	939
401	759
855	929
937	998
790	948
413	998
490	952
503	891
198	780
781	872
183	657
217	241
3	955
460	642
919	927
811	899
107	783
267	772
520	952
704	773
17	72
852	873
463	832
461	722
122	273
801	827
773	994
484	891
690	959
368	945
385	619
21	837
447	945
741	897
204	958
861	962
840	876
121	960
652	825
938	953
321	725
574	905
753	907
701	717
940	999
40	971
535	950
826	833
831	948
440	797
641	787
835	838
847	892
585	892
865	946
106	399
460	897
861	975
501	669
231	808
826	954
279	327
666	736
759	964
523	687
206	751
338	907
57	399
576	964
648	803
653	918
656	664
872	962
784	849
833	970
967	970
81	877
510	731
615	747
909	965
367	682
449	980
201	915
724	919
283	688
608	744
62	985
819	964
203	695
717	916
777	967
187	872
393	977
30	888
453	991
571	983
29	700
266	347
20	880
328	996
278	357
591	817
663	922
828	989
318	924
684	981
381	943
936	973
619	1000
619	771
746	812
723	865
332	943
929	933
43	840
566	881
681	868
249	945
596	989
890	978
278	599
283	943
556	580
598	954
381	956
771	882
260	666
977	987
788	822
306	782
980	992
419	430
484	825
121	773
570	828
676	995
910	933
294	664
96	191
275	422
929	946
546	656
293	964
931	992
177	789
567	944
741	831
685	936
418	592
882	955
142	953
202	967
475	833
442	656
254	376
787	839
732	903
281	967
308	841
550	603
271	959
935	939
305	543
169	911
549	903
86	913
521	841
466	905
185	626
565	847
565	618
468	951
275	785
349	734
127	392
660	892
585	718
898	949
226	785
721	727
577	978
7	862
449	914
462	624
641	855
772	786
496	622
620	917
565	981
399	689
182	691
52	581
599	979
893	968
736	984
436	463
909	912
243	822
826	914
215	989
132	991
379	868
888	974
907	987
640	872
593	797
805	976
920	926
82	352
6	771
881	971
325	753
292	576
200	987
663	748
47	479
816	990
57	938
915	969
194	943
422	807
386	884
694	1000
876	977
399	823
707	939
416	992
853	993
283	648
374	995
591	764
295	473
341	818
728	998
922	985
433	528
839	987
443	987
880	988
360	952
225	764
395	946
918	987
546	590
458	477
642	823
177	723
908	942
228	954
809	936
327	896
313	998
360	844
84	946
868	991
117	305
642	944
609	767
278	896
584	710
704	775
349	547
211	842
357	896
136	439
713	945
873	934
212	434
385	850
164	622
324	611
725	955
866	894
134	487
796	835
254	552
507	732
6	450
264	974
565	673
778	966
151	804
808	845
336	971
412	966
370	969
530	958
258	499
26	930
678	856
447	960
502	859
634	786
97	581
191	216
335	867
541	972
668	784
613	848
921	964
76	872
76	643
819	953
529	854
553	982
97	702
872	964
421	799
351	969
967	972
538	795
777	848
450	453
529	746
248	992
127	931
541	985
682	924
709	798
420	695
818	970
656	908
325	808
485	797
974	988
471	862
765	814
402	762
116	176
668	918
797	803
814	972
272	689
566	870
681	857
119	824
174	531
480	803
605	983
624	996
525	990
681	978
920	994
381	945
615	883
95	359
205	756
688	873
55	960
297	988
894	978
498	712
696	993
786	886
161	834
651	698
207	950
697	814
950	994
251	993
282	306
807	945
182	893
619	894
880	935
181	897
267	937
602	698
514	814
5	442
684	996
458	653
716	948
12	832
572	940
355	942
868	938
646	825
150	658
12	953
494	956
282	319
452	959
369	961
138	540
83	604
625	658
341	899
518	532
108	368
583	661
385	676
252	561
687	718
258	312
39	682
49	848
109	899
659	777
392	433
567	959
726	952
759	900
468	953
151	751
453	793
618	897
747	782
631	836
958	965
796	903
548	801
243	690
294	921
454	910
319	685
954	967
35	926
136	978
953	971
134	676
213	969
648	860
245	921
386	631
430	903
715	806
522	677
525	911
345	980
243	932
537	921
775	978
448	583
539	967
296	980
5	242
95	172
446	924
490	701
784	919
214	766
467	983
434	806
527	997
580	860
781	850
48	999
29	757
337	873
920	928
983	984
45	701
380	691
719	874
858	989
915	971
681	804
390	820
194	945
288	809
6	894
675	989
895	992
581	802
600	815
526	637
218	484
355	984
594	1000
781	863
640	887
901	928
32	250
221	940
885	920
807	1000
394	602
526	758
438	874
424	710
179	879
580	994
41	191
841	998
417	707
785	874
697	990
889	931
92	358
97	436
971	1000
588	939
294	492
574	775
301	882
903	950
526	1000
875	888
947	993
570	777
685	764
415	903
5	739
794	936
940	990
651	887
650	891
810	880
889	944
113	659
674	955
412	726
377	853
537	842
778	968
845	958
42	82
169	860
857	968
158	967
40	157
826	837
234	962
757	966
397	431
421	788
439	842
599	794
48	691
309	732
328	745
78	799
331	979
534	850
757	858
402	630
517	617
429	504
296	914
337	915
222	699
731	842
502	982
20	750
231	933
914	963
298	694
160	989
531	902
476	966
335	990
673	985
332	692
222	820
846	913
183	340
353	522
839	910
388	974
944	963
219	936
508	810
700	980
879	982
106	995
40	412
614	684
435	941
175	987
505	633
529	990
670	700
182	882
490	998
242	933
839	923
438	579
797	926
286	710
781	918
59	933
334	872
463	757
790	886
521	698
38	995
795	937
533	937
63	759
991	997
843	870
848	985
111	426
121	885
47	670
671	763
690	776
662	943
822	932
767	996
404	944
445	945
491	832
100	947
697	937
260	670
246	772
755	878
125	711
713	881
919	986
415	958
676	999
693	939
972	997
810	935
669	959
347	945
317	544
322	888
410	735
210	381
270	432
385	907
123	678
343	947
613	771
384	719
26	974
72	861
414	827
226	776
534	892
212	612
859	948
437	959
808	902
546	902
93	102
53	969
488	897
88	963
148	977
173	741
756	833
882	972
68	984
659	900
879	903
497	609
218	928
419	918
364	982
708	792
509	848
531	607
99	684
30	813
782	862
568	610
680	851
215	980
867	906
349	980
839	844
803	921
379	859
547	672
853	863
858	978
897	906
178	990
448	814
723	790
239	411
68	529
694	991
554	688
721	865
705	857
173	996
333	985
971	976
429	693
71	985
145	934
626	978
189	711
404	636
964	973
241	349
325	986
922	976
278	416
283	760
584	688
117	993
120	998
472	632
702	865
208	293
58	763
806	922
443	870
138	234
126	897
910	979
373	774
841	879
901	930
367	996
697	871
408	768
540	658
572	876
880	992
487	997
55	91
794	925
417	938
494	892
790	954
581	817
259	537
209	945
167	948
41	543
467	651
706	933
202	905
725	946
744	959
752	820
246	948
466	951
655	887
938	946
817	885
354	895
982	989
154	312
679	951
35	849
398	672
576	715
359	717
567	895
527	678
926	949
221	608
842	955
606	715
298	562
430	718
146	959
154	554
238	962
720	965
692	903
370	852
315	916
378	972
914	952
266	916
80	231
527	691
131	691
907	912
837	853
823	955
634	790
881	896
209	503
770	799
613	852
222	930
796	973
395	629
400	973
111	870
675	912
763	796
316	750
228	866
572	676
784	855
715	984
668	909
90	932
305	857
728	923
654	745
368	388
411	987
601	855
675	804
17	575
572	797
723	966
742	979
379	927
828	982
203	701
161	933
515	936
114	592
802	966
804	810
227	240
182	992
283	815
43	833
593	977
505	635
596	982
367	930
513	984
950	985
471	987
388	989
608	992
506	944
387	764
505	756
598	947
535	864
623	711
48	251
237	941
586	829
556	694
170	887
63	532
197	724
642	882
31	957
862	885
306	667
221	300
880	939
96	305
46	713
841	947
333	477
436	898
422	1000
917	942
366	839
636	663
875	945
686	780
424	780
470	896
247	595
137	723
357	955
213	947
628	960
101	211
218	796
69	673
537	778
831	996
60	853
660	885
734	834
577	850
217	544
856	945
419	907
336	909
465	794
537	899
726	835
308	847
798	940
891	902
495	673
954	958
747	894
735	776
680	840
119	278
308	968
654	787
866	966
43	633
141	976
282	915
958	969
455	843
837	908
276	383
386	743
372	845
427	515
707	798
344	746
275	912
294	925
724	738
314	574
503	510
508	625
934	962
700	795
612	682
115	401
249	630
870	977
455	735
694	751
867	908
435	985
108	627
199	220
930	964
314	695
30	707
709	736
645	980
538	854
221	689
362	628
73	525
790	809
283	749
811	868
489	854
916	921
539	971
547	795
497	974
552	644
87	810
596	687
347	626
765	873
186	937
869	967
533	752
285	650
276	867
615	821
609	747
807	991
573	824
600	927
347	518
66	993
603	703
594	883
24	996
795	873
800	988
142	988
610	864
16	354
177	945
672	924
228	947
195	770
52	721
184	877
681	929
404	880
290	778
362	883
431	488
58	886
746	994
493	585
864	986
401	996
385	722
753	889
109	824
697	994
857	946
213	881
320	778
774	948
171	655
892	940
556	991
685	876
850	943
690	725
882	895
390	958
683	951
769	991
989	994
540	902
367	422
859	884
382	730
449	491
835	941
899	956
384	776
852	881
722	771
685	889
430	599
388	602
159	550
823	944
606	717
647	718
95	915
544	970
29	561
103	510
323	513
157	975
854	903
44	805
627	897
599	798
571	965
590	978
39	875
307	397
316	860
710	787
522	965
816	917
483	973
95	339
207	580
705	793
536	984
696	973
677	731
448	871
219	819
38	744
673	989
684	855
496	804
4	867
601	857
331	996
647	973
243	883
325	922
380	858
521	568
724	927
52	763
681	971
230	806
502	999
703	989
642	979
403	468
554	637
834	920
75	868
913	984
828	876
814	978
772	981
63	521
862	874
414	455
369	941
459	871
607	769
524	1000
813	874
642	992
279	940
802	981
609	815
980	987
188	943
637	998
241	769
711	718
42	596
603	892
864	933
809	997
165	895
984	998
555	592
66	135
389	825
838	880
857	893
282	433
273	842
378	895
815	896
45	197
162	782
762	777
10	913
51	914
533	954
54	956
623	847
70	900
190	965
157	788
583	667
756	824
731	767
562	958
101	334
474	845
518	659
363	785
616	965
812	840
127	737
239	978
724	727
891	904
75	318
80	396
34	960
139	976
854	958
231	979
844	950
522	899
866	968
323	689
376	552
881	953
303	976
839	956
696	907
816	972
217	680
733	974
893	963
937	969
212	979
372	968
647	907
793	961
67	103
41	868
476	796
517	797
390	692
188	514
504	979
793	853
523	992
705	969
941	980
443	969
663	743
816	985
346	807
423	990
505	800
202	762
716	754
702	856
91	931
210	882
432	995
540	757
647	920
853	988
435	1000
438	517
911	966
503	646
506	651
610	974
274	759
403	644
380	926
94	828
880	983
195	880
883	988
487	759
695	937
404	990
593	926
538	990
338	407
725	816
174	942
716	996
394	945
91	944
292	934
53	423
644	827
910	983
294	485
271	996
579	883
216	831
436	834
871	991
568	990
683	940
466	942
223	955
410	781
616	886
430	467
577	894
637	945
260	958
12	893
361	781
493	937
873	929
440	552
527	669
475	775
172	966
686	958
456	910
616	899
509	773
46	783
720	956
178	673
379	663
852	883
170	260
70	847
914	943
358	725
798	997
220	791
51	982
211	971
525	838
502	625
405	958
446	959
606	948
363	961
578	849
481	687
733	908
442	961
872	959
527	924
948	954
224	859
205	617
740	924
707	747
44	928
520	857
267	448
98	639
492	795
700	973
538	911
120	923
106	988
441	978
207	811
381	698
243	993
377	993
335	996
691	860
770	924
897	965
401	798
304	636
610	908
684	857
6	942
496	806
568	911
399	873
682	932
556	564
943	973
860	975
464	975
436	876
444	471
821	983
936	970
342	460
140	999
392	991
288	870
307	883
628	938
554	760
77	835
429	994
589	983
965	974
220	591
987	992
271	822
904	994
403	712
193	902
898	920
875	936
176	935
314	899
685	812
776	930
407	538
334	999
408	948
494	951
549	887
655	825
567	941
484	943
157	548
570	717
528	949
22	94
197	849
720	890
917	946
199	895
326	707
364	962
152	554
555	944
674	895
794	997
849	896
269	846
141	846
208	607
287	900
824	839
914	998
495	785
338	838
340	618
182	675
569	855
47	221
527	858
150	908
558	962
296	962
893	952
134	900
356	976
912	965
245	916
622	839
115	742
736	860
629	734
105	734
301	380
638	968
490	804
797	961
594	632
368	555
791	917
340	981
1	532
510	675
312	919
331	932
886	925
927	963
520	804
869	958
208	983
703	925
166	986
59	860
163	917
397	855
686	692
355	858
575	861
57	935
915	966
712	866
464	801
276	979
702	858
72	654
196	986
628	643
889	913
908	926
572	748
952	969
195	761
167	699
404	871
786	936
329	697
408	761
664	687
663	987
630	810
561	710
201	404
332	887
758	995
959	985
558	641
389	869
463	818
697	985
535	923
876	987
683	821
461	708
91	946
158	707
774	939
75	938
88	877
542	818
850	934
406	957
54	1000
664	929
783	880
788	995
172	726
287	713
686	947
264	729
129	770
542	939
297	354
335	380
379	652
665	780
203	426
870	889
667	826
350	890
305	595
342	891
645	663
409	652
306	968
903	958
345	896
801	947
405	947
336	847
430	711
36	326
836	904
555	891
453	843
823	827
465	853
826	832
380	486
812	897
578	730
757	961
872	948
541	848
150	963
747	953
826	953
339	569
522	956
696	843
448	741
761	972
636	977
92	850
763	789
854	907
160	984
8	856
352	925
66	568
35	989
76	761
907	918
593	728
791	972
207	692
619	865
696	856
159	917
249	810
837	980
4	979
559	972
493	618
99	987
751	913
575	687
15	993
376	972
235	996
161	818
615	988
362	579
463	631
50	987
848	967
526	916
779	867
470	755
797	921
594	821
371	749
216	875
559	985
600	986
438	924
737	991
575	929
542	752
478	996
588	639
271	932
500	526
973	975
832	999
950	991
829	930
153	418
89	891
56	485
312	411
429	996
503	945
809	988
883	937
371	991
500	876
968	981
233	532
598	953
783	935
535	870
260	665
148	838
357	948
752	989
155	770
972	992
628	953
125	827
18	206
484	945
501	589
759	884
905	938
924	951
657	836
748	991
555	825
137	837
646	943
183	953
687	715
525	653
356	615
498	964
312	545
69	787
363	776
616	956
187	779
95	961
956	997
399	554
251	427
866	959
7	969
604	959
562	962
144	974
534	900
708	787
23	684
421	959
724	731
569	857
247	843
99	679
302	513
714	952
464	548
851	957
629	844
529	677
854	962
735	782
647	898
927	952
911	944
333	967
536	801
448	688
837	914
50	800
418	967
721	739
578	919
168	755
591	858
517	680
635	901
230	623
255	387
330	975
108	862
314	701
869	960
728	984
841	861
818	914
904	917
45	927
601	916
298	878
399	930
344	994
209	806
415	874
649	812
41	175
660	678
510	919
59	983
587	873
442	455
848	914
531	978
952	971
61	534
498	535
802	919
480	868
807	997
149	997
259	640
586	998
820	936
80	897
162	707
322	696
468	750
19	658
621	992
225	992
299	941
607	828
371	817
799	998
274	884
790	949
378	941
229	589
528	885
951	988
574	772
285	669
651	992
769	984
347	995
419	605
625	710
143	670
432	544
396	887
14	556
437	888
280	941
261	662
822	995
563	1000
318	415
171	890
229	831
556	997
831	936
44	785
103	611
824	896
884	947
606	710
418	659
335	853
30	513
497	888
128	267
353	614
740	794
738	950
430	605
632	968
747	955
530	957
309	958
340	796
166	680
707	738
738	842
819	952
29	796
404	673
772	840
1	697
703	740
138	968
936	948
289	871
517	735
61	455
352	927
580	791
43	815
524	859
290	692
307	861
422	848
402	869
566	977
684	969
601	971
716	921
802	961
417	746
716	813
600	867
584	859
468	684
920	993
799	932
521	695
195	939
368	638
280	754
588	870
373	716
459	756
290	947
752	978
623	827
265	890
342	585
414	461
474	475
226	410
262	821
748	980
371	764
197	840
646	703
54	828
926	986
488	760
653	827
630	880
449	539
514	934
896	999
192	883
574	948
197	961
104	541
711	953
31	965
650	943
409	588
366	955
873	988
102	845
248	670
449	660
421	827
407	663
352	727
646	945
665	958
577	845
659	884
296	832
926	999
203	375
356	617
362	368
37	608
307	432
768	827
418	943
611	843
877	999
219	504
912	956
777	997
543	830
956	999
564	889
757	789
311	443
397	483
608	666
879	900
698	825
717	838
276	607
326	953
881	946
129	853
437	969
485	717
611	856
261	972
481	975
434	900
2	977
654	674
392	674
516	969
557	741
779	790
724	854
839	841
536	803
888	962
714	846
846	965
879	913
923	956
124	980
261	985
550	859
641	977
379	977
420	978
654	916
533	626
170	574
161	983
192	333
791	921
703	808
790	925
633	978
908	917
591	981
214	994
462	867
459	798
786	927
515	878
503	760
575	865
612	932
598	997
656	975
697	976
586	879
751	983
971	986
267	870
616	758
602	860
54	991
216	824
524	940
904	932
42	873
947	979
556	865
108	180
627	745
118	373
310	543
301	989
535	927
84	237
213	876
667	817
639	984
135	956
28	830
102	550
831	925
253	948
270	363
472	992
646	650
169	954
783	884
287	946
884	936
801	938
639	876
9	709
919	930
558	887
899	951
731	815
722	995
840	987
212	664
935	995
140	266
866	895
414	771
928	955
578	842
738	831
564	715
844	998
902	939
398	911
626	775
571	839
142	433
923	998
620	960
367	551
113	900
462	788
164	865
186	624
907	909
497	782
538	783
543	898
524	619
818	837
124	914
881	893
67	151
344	917
449	970
177	511
206	983
200	909
700	966
133	855
675	909
793	901
504	798
605	850
75	621
333	916
742	855
869	896
74	396
186	637
492	909
874	974
612	974
906	963
909	968
105	914
485	906
77	815
27	994
154	806
603	861
272	798
406	761
207	817
205	744
821	976
788	799
36	935
232	581
204	748
853	928
38	981
93	651
728	933
612	987
91	992
526	920
9	401
540	710
70	532
603	995
737	995
93	893
910	923
665	826
384	813
403	826
771	993
488	641
23	541
630	990
759	875
132	713
734	818
546	996
250	476
315	834
475	823
535	874
58	949
540	952
667	764
479	942
584	995
652	870
17	359
220	947
382	780
743	988
490	542
789	875
766	891
24	25
650	945
570	952
831	993
706	998
585	937
623	963
689	765
157	904
4	433
418	945
682	725
673	905
309	665
185	858
293	391
886	905
569	969
467	958
641	845
145	907
742	897
310	974
227	976
342	963
166	966
629	727
400	904
78	624
427	512
437	971
559	668
311	566
25	963
830	902
816	967
874	908
915	946
277	689
427	633
560	610
763	969
494	515
719	862
311	808
297	910
498	634
200	977
695	919
693	846
120	984
890	902
807	867
760	792
691	921
828	926
500	572
887	981
183	636
315	526
661	934
199	351
443	977
420	993
506	996
690	817
506	767
855	921
896	922
473	590
593	921
940	965
362	988
329	811
711	876
744	824
785	862
582	762
790	940
191	877
614	980
457	996
773	973
491	994
725	932
348	945
711	768
315	768
351	462
843	924
788	988
479	876
704	994
14	547
745	766
690	830
924	997
239	894
662	997
519	948
899	940
940	978
563	991
2	429
477	722
89	842
553	946
597	989
270	365
523	545
852	986
604	884
172	961
903	951
419	838
185	671
479	889
205	357
14	789
616	894
657	895
720	951
668	761
766	838
898	994
254	892
455	653
854	887
551	886
321	838
844	879
178	789
217	488
631	1000
263	604
23	851
969	995
707	729
330	779
118	859
104	961
140	618
453	849
860	944
268	803
108	787
35	982
888	898
948	949
46	323
805	900
309	962
529	965
111	977
496	559
614	780
738	846
319	862
943	955
360	634
544	980
920	971
758	909
361	455
834	904
416	916
490	865
932	981
676	732
411	986
244	580
749	981
661	868
908	974
388	975
677	849
520	865
456	584
962	981
781	906
703	986
785	796
515	935
876	914
576	622
600	979
760	968
311	876
517	981
314	881
322	742
561	758
133	991
274	930
320	817
807	935
691	989
457	822
606	622
792	812
470	761
286	940
36	240
473	766
495	525
841	933
555	576
445	704
348	1000
512	879
572	930
135	892
327	833
454	874
743	748
836	939
910	925
145	533
725	879
296	702
972	985
342	818
628	946
991	998
889	987
548	657
413	469
537	764
303	597
759	877
179	827
308	712
657	829
426	933
863	934
882	947
425	708
898	928
87	191
340	371
220	949
338	941
775	942
472	941
213	946
405	887
844	934
393	998
181	324
184	366
115	266
226	777
638	721
944	993
814	883
502	796
529	899
171	962
147	339
105	608
946	958
569	971
247	957
173	742
816	848
654	786
244	393
395	791
221	675
345	970
565	973
241	324
284	960
573	797
721	961
504	963
201	962
691	789
79	447
337	971
918	953
529	912
749	915
279	737
647	904
867	907
330	968
492	966
24	632
712	969
389	730
224	922
77	872
941	977
894	902
737	918
319	930
186	815
739	964
510	912
81	469
397	971
591	985
910	967
239	533
552	993
161	879
188	982
482	934
587	987
769	964
466	926
361	644
727	738
149	761
479	636
420	995
36	66
640	998
579	988
499	995
3	828
713	924
396	988
179	990
382	595
514	980
65	888
748	918
472	754
147	957
766	935
2	539
871	988
246	936
590	709
347	988
903	940
686	942
534	814
878	883
905	986
421	644
734	875
720	940
558	878
852	867
136	660
461	945
29	305
625	824
933	940
91	365
831	929
638	763
891	943
643	878
951	994
852	988
577	783
392	478
337	542
562	889
39	619
185	902
686	955
367	421
377	843
710	760
136	902
134	829
433	896
870	897
106	501
312	606
358	722
522	830
61	206
16	729
632	961
425	897
258	491
166	902
476	835
13	845
522	951
742	954
761	967
90	799
167	494
434	609
921	956
222	689
175	843
65	217
557	679
620	964
72	112
830	959
131	921
310	923
598	801
114	459
886	975
228	975
85	926
272	789
621	677
392	854
920	973
519	629
293	811
496	682
389	556
688	852
814	964
277	988
478	749
423	813
87	864
119	816
950	973
17	805
570	688
778	866
855	857
239	588
505	744
353	875
265	991
581	739
237	929
3	762
130	803
452	588
746	806
644	758
520	988
594	937
850	863
514	914
285	825
574	699
436	994
950	986
788	924
347	922
862	873
667	863
292	757
378	760
364	596
773	801
579	935
780	925
169	771
898	917
713	871
603	999
324	766
458	766
991	1000
180	529
137	832
780	938
236	774
269	722
766	774
447	994
750	766
736	831
884	995
128	194
553	895
451	884
298	376
616	951
849	893
398	957
687	831
838	1000
972	1000
507	900
782	839
190	964
680	828
625	892
224	548
432	726
611	957
745	957
509	946
949	952
646	951
181	326
35	797
714	826
310	736
48	736
731	766
620	898
83	959
793	826
60	975
564	774
622	715
453	906
434	664
150	905
84	780
819	1000
215	970
812	960
349	970
946	960
911	939
481	860
148	162
122	927
881	952
485	952
320	390
209	559
635	896
181	460
373	630
846	850
276	963
469	863
474	978
174	457
55	994
677	785
952	953
131	989
828	917
929	969
142	855
491	514
688	799
397	852
594	871
580	973
827	850
739	966
183	748
398	407
480	971
521	743
72	651
6	297
751	976
551	622
415	990
709	979
850	918
290	995
665	872
785	974
586	764
484	982
658	869
391	525
864	974
693	863
301	982
639	977
572	987
892	928
410	888
745	878
308	648
519	831
54	997
169	947
544	595
392	467
783	877
843	928
460	867
331	716
349	770
528	772
660	928
522	698
631	870
172	844
328	603
240	719
690	955
891	945
49	895
546	947
286	313
631	991
309	711
245	955
288	359
28	957
94	493
365	727
714	881
851	886
620	953
532	840
671	955
932	959
412	960
420	784
612	725
865	942
483	611
529	956
4	613
624	964
858	902
179	321
282	971
304	730
629	786
4	963
647	840
633	905
292	383
536	972
728	913
277	748
395	969
328	979
133	969
422	843
890	948
802	835
886	977
797	905
101	872
193	875
402	985
154	920
5	531
271	687
785	908
535	733
471	977
705	915
1	8
572	800
66	928
369	700
864	908
561	641
822	911
373	819
767	975
458	634
862	983
573	880
767	867
114	945
670	934
931	975
554	988
755	978
688	988
350	929
33	993
341	880
822	924
882	938
720	876
945	994
141	711
394	891
600	996
625	760
456	722
762	994
877	981
137	942
233	650
871	937
423	481
180	760
975	994
107	955
891	1000
7	724
750	997
194	779
900	941
430	534
891	892
963	997
27	558
849	895
742	769
747	884
263	771
912	951
395	661
666	895
652	997
26	40
132	961
206	910
269	966
866	956
76	800
823	1000
152	795
721	723
261	967
113	840
635	656
874	901
656	715
422	548
311	451
190	390
90	977
387	675
907	970
645	970
323	690
763	962
367	733
587	965
284	964
182	916
523	980
751	844
173	867
915	952
937	970
78	980
64	816
702	844
347	616
287	336
314	927
508	978
828	919
929	971
230	970
156	755
279	862
325	978
443	970
603	922
88	742
52	819
649	809
420	986
883	976
271	863
579	979
133	929
582	984
141	753
769	847
466	809
306	591
130	860
256	999
378	696
438	747
479	748
165	817
41	293
94	119
780	861
202	884
670	989
439	568
637	812
843	917
447	917
862	930
545	994
359	575
947	974
732	820
773	858
704	987
776	863
335	366
739	981
563	984
375	933
12	881
103	474
549	820
287	820
623	769
829	874
875	990
787	877
295	940
671	931
454	933
910	984
445	884
852	979
530	928
810	982
53	774
405	933
45	361
685	987
699	885
248	720
382	949
280	938
113	532
300	358
150	828
563	997
766	831
810	874
474	659
372	648
859	995
504	767
671	944
872	934
528	895
844	872
51	970
935	990
714	762
549	954
28	959
17	312
488	836
735	942
754	955
205	484
666	842
435	909
932	961
729	898
715	963
225	318
846	894
92	957
238	257
587	899
284	898
242	901
321	965
635	832
117	906
700	961
640	681
920	964
106	976
240	976
441	737
661	969
56	108
233	973
682	799
112	912
723	837
703	858
950	964
110	987
325	912
624	979
677	842
314	753
341	856
943	961
547	961
700	974
725	738
744	751
136	343
513	855
895	920
499	920
517	974
360	990
148	582
131	938
855	969
794	959
579	805
178	461
21	514
707	990
213	455
309	392
691	982
295	753
152	179
331	410
346	984
566	987
27	184
463	980
582	931
296	345
380	982
158	869
774	872
801	975
56	592
402	1000
102	708
281	939
957	993
643	803
748	856
593	982
665	821
637	988
752	975
972	978
713	983
107	944
748	977
393	749
214	252
379	585
81	891
361	945
447	985
708	760
979	994
308	826
509	816
315	950
912	940
805	814
972	991
488	878
488	649
162	893
74	780
523	606
163	300
407	660
118	557
613	765
458	891
62	891
310	727
967	997
332	486
865	986
884	999
513	534
532	547
960	994
330	598
555	945
402	437
300	655
439	999
714	938
309	660
955	1000
289	910
495	786
599	843
318	830
824	961
290	502
598	618
83	963
985	1000
797	949
539	950
709	836
742	784
681	774
698	943
557	967
409	840
450	612
656	717
694	972
749	908
26	284
127	861
765	852
228	913
283	620
2	866
425	969
907	972
409	961
469	975
598	860
86	456
573	803
209	792
512	564
792	847
374	859
489	846
580	964
937	972
114	410
513	910
595	683
581	785
600	798
94	926
520	805
728	983
828	921
588	680
423	872
519	809
679	798
188	975
436	811
463	914
697	852
375	801
359	564
834	857
457	870
85	998
695	927
160	354
225	749
373	647
288	805
596	921
978	986
153	580
595	696
135	940
350	865
658	981
212	406
811	994
630	919
179	983
778	817
929	986
170	934
473	706
118	478
290	999
579	873
109	695
752	801
482	940
191	993
411	471
58	878
817	866
269	768
291	298
549	822
958	990
856	979
727	865
264	838
336	714
836	1000
211	948
808	938
847	866
780	876
829	997
815	833
754	823
845	941
743	930
370	833
939	990
750	825
304	479
474	890
754	944
652	933
569	898
541	836
486	900
250	889
81	851
851	998
446	949
83	897
969	990
537	838
583	954
495	841
440	905
803	957
847	1000
921	949
819	938
640	670
700	721
633	896
96	957
210	564
738	949
335	973
369	557
916	955
682	788
668	890
351	954
425	903
175	957
791	960
651	657
133	731
105	898
666	965
540	560
705	893
37	205
56	218
80	575
723	947
85	690
962	963
599	911
483	965
469	801
904	958
837	968
735	957
587	793
719	912
416	911
89	516
228	860
556	662
549	622
702	901
609	673
383	855
589	960
649	745
368	503
506	696
220	339
771	856
802	960
664	730
480	909
375	627
862	974
163	973
177	642
567	568
185	237
226	275
718	737
938	969
253	637
459	971
417	745
291	340
650	687
452	702
429	984
732	756
759	859
588	977
767	979
101	889
945	985
623	705
265	997
301	691
3	997
204	987
686	990
961	966
468	804
762	985
192	869
789	859
574	705
747	862
595	993
567	931
470	998
625	643
905	926
743	864
583	646
715	765
481	598
486	942
189	426
815	888
634	813
451	877
666	765
652	867
979	996
270	536
25	476
835	988
219	719
208	826
410	960
223	316
775	829
126	383
122	907
805	937
326	939
345	952
513	536
377	904
592	829
902	991
291	837
337	953
735	999
946	953
605	660
247	952
200	840
428	963
257	327
386	966
620	904
565	968
694	853
256	856
605	781
709	838
728	851
