474	971
147	576
329	553
430	901
347	378
489	956
48	984
423	861
716	854
389	496
86	458
705	961
732	798
751	848
797	964
855	905
277	928
915	956
390	805
771	911
697	733
141	515
325	861
218	698
639	728
589	907
630	908
391	397
649	921
868	965
285	644
252	467
362	864
40	584
549	690
254	513
22	944
359	566
746	975
135	821
19	646
795	867
225	980
748	792
813	921
351	567
637	695
12	872
595	927
442	456
116	929
418	513
795	988
836	989
560	862
274	993
38	228
783	870
843	921
713	811
966	991
5	953
555	868
863	984
835	922
431	832
866	989
899	937
750	814
875	994
732	945
331	601
358	704
396	996
432	653
349	884
164	838
420	535
824	884
414	986
617	820
928	941
988	992
840	865
859	878
289	725
402	602
555	881
200	653
300	362
167	476
236	835
414	878
518	706
738	938
275	948
252	964
935	994
632	956
580	766
731	935
818	823
240	846
312	951
784	946
305	948
902	938
673	849
156	559
51	277
268	800
832	842
430	835
825	839
874	960
640	793
915	998
230	895
791	962
334	723
821	841
187	969
278	562
302	919
11	972
322	605
186	973
24	682
252	280
141	449
603	739
374	916
434	967
654	970
280	500
230	908
772	962
598	809
744	863
260	521
270	980
713	732
302	932
308	683
198	811
387	747
299	634
478	865
579	917
202	930
744	984
904	973
769	785
466	747
834	914
297	975
727	788
126	827
776	909
528	807
450	924
379	455
771	979
664	853
447	855
889	971
226	627
778	874
368	976
671	748
643	915
21	868
219	358
945	987
664	974
623	707
856	915
606	740
718	981
625	753
732	879
878	933
734	925
720	990
794	976
991	995
232	943
488	869
479	820
74	1000
437	823
891	993
674	995
756	805
968	984
338	817
546	995
866	936
557	595
840	920
859	933
518	640
624	770
453	659
442	995
516	944
153	892
190	959
465	898
680	823
611	952
812	942
798	815
816	832
819	874
189	670
249	721
428	952
717	826
557	608
881	934
261	960
550	834
531	592
126	506
645	842
268	855
736	960
105	834
174	439
946	955
990	998
90	970
379	844
761	909
117	844
781	824
805	952
100	611
348	447
642	665
941	961
72	283
696	901
176	377
319	914
556	598
170	562
357	388
697	722
215	978
655	725
490	917
401	845
561	797
552	977
373	517
739	840
697	843
862	910
325	971
499	858
306	692
127	986
600	681
140	925
506	982
253	573
473	576
767	794
774	918
498	754
685	846
303	515
649	923
809	912
220	517
662	862
868	967
739	853
871	972
463	918
494	985
241	576
366	985
22	946
42	861
107	761
621	982
822	972
665	988
530	571
161	179
553	932
732	934
107	882
704	872
616	759
954	983
491	993
824	873
669	999
144	885
634	749
653	762
97	544
46	993
646	759
2	657
134	813
857	942
939	981
958	994
273	891
111	829
240	714
493	931
553	945
634	870
658	998
768	870
831	926
817	991
495	711
954	996
269	893
678	832
631	986
810	988
636	835
6	668
83	888
840	867
666	714
437	891
905	996
177	257
720	950
668	760
398	899
434	593
761	951
902	927
185	791
534	945
517	712
715	956
723	817
747	945
518	829
605	946
366	435
316	843
677	822
379	899
580	889
709	774
700	954
626	776
818	946
240	969
837	959
895	900
45	501
559	951
578	964
707	849
435	915
932	967
209	609
830	956
809	833
464	835
846	900
271	669
485	894
77	803
886	972
828	967
781	892
146	381
304	738
684	959
744	973
30	169
596	846
293	808
895	913
540	685
311	862
727	777
125	214
897	959
272	907
832	978
491	685
554	741
774	973
471	972
908	973
314	988
883	916
454	510
780	909
904	975
535	849
399	988
328	519
498	930
603	983
317	626
792	919
465	524
196	336
308	577
495	632
679	978
431	876
771	981
774	986
78	465
157	529
445	932
357	819
417	870
141	935
623	709
356	594
287	760
840	909
281	945
451	868
248	768
597	922
297	401
435	594
417	991
21	991
838	984
590	653
620	761
914	979
551	927
850	994
541	882
338	819
747	987
926	989
717	815
900	936
13	884
333	596
434	648
527	839
483	769
638	828
520	543
712	713
395	777
422	651
23	905
83	956
900	949
941	950
564	1000
600	657
8	782
531	823
858	952
830	890
539	943
833	895
915	934
934	947
356	970
510	885
357	377
441	785
386	849
656	710
853	958
272	949
365	911
337	849
120	851
763	957
807	963
344	973
504	962
85	978
420	968
594	855
800	960
915	947
640	742
937	965
463	786
64	811
769	829
490	919
314	693
630	670
728	976
373	519
716	858
342	388
572	850
517	914
267	739
841	974
711	864
755	907
433	627
512	920
746	858
732	923
459	801
445	866
290	992
11	116
871	974
609	974
461	810
347	974
581	912
259	861
765	992
570	982
570	753
198	881
280	691
720	926
780	977
959	979
389	863
296	635
144	766
42	984
699	759
588	928
954	985
507	939
667	928
653	993
735	803
859	869
652	805
146	933
844	975
674	823
847	980
257	949
599	649
488	818
124	541
196	646
91	364
696	703
558	998
272	641
404	531
557	773
20	834
925	940
37	774
245	952
534	826
353	485
196	767
77	321
643	998
902	929
120	893
139	906
97	909
854	888
537	952
738	942
108	546
710	880
932	956
118	968
393	944
85	791
742	832
76	971
134	949
115	670
510	711
50	955
432	791
784	950
691	722
911	991
319	850
869	994
355	894
80	689
190	332
728	910
318	783
15	974
700	848
385	507
371	609
712	902
338	432
362	789
458	497
760	835
297	845
443	899
880	900
723	953
640	918
841	908
280	383
161	920
109	501
596	848
384	440
119	923
265	977
499	915
559	966
273	572
938	962
392	974
500	507
197	698
887	916
725	854
730	969
482	867
683	857
347	908
809	969
850	970
487	918
679	859
352	464
155	859
153	520
39	647
787	806
322	972
792	921
280	975
734	916
679	980
40	993
463	867
857	986
12	931
628	934
576	744
562	580
451	749
303	585
831	970
65	942
822	921
333	464
650	814
204	993
510	511
699	935
237	352
742	753
458	765
893	922
37	937
455	696
763	812
111	657
331	889
215	714
61	247
85	604
926	991
26	963
227	953
565	948
152	550
446	768
391	832
606	986
881	925
399	656
812	825
449	773
944	981
94	545
121	419
29	830
222	730
26	266
573	664
738	768
803	897
467	948
547	648
714	825
161	612
455	830
568	707
182	900
638	951
724	954
286	728
557	962
524	785
529	900
867	895
853	960
168	628
718	772
508	962
828	903
186	682
29	964
386	972
482	680
124	972
26	400
265	911
765	968
125	150
556	602
222	985
230	846
598	976
813	901
598	747
389	839
463	788
279	967
675	967
804	852
602	839
234	443
748	893
142	854
642	911
72	758
163	913
760	903
75	800
792	855
583	681
739	965
813	914
123	467
978	981
320	981
361	753
614	970
493	909
61	986
479	745
572	973
584	798
611	635
368	914
114	997
843	914
70	698
326	395
966	984
124	409
924	987
662	987
35	825
351	573
697	981
58	994
273	882
617	692
419	707
597	979
349	877
509	866
690	941
41	532
836	995
850	930
250	871
169	946
255	986
67	935
241	822
805	864
534	815
597	871
671	820
266	1000
20	715
923	977
469	541
317	938
757	944
252	957
203	772
689	931
235	495
842	944
928	947
229	946
353	487
210	667
845	949
504	656
75	479
416	543
847	995
599	893
442	946
524	719
837	950
615	837
23	962
661	724
913	945
550	893
71	895
814	939
346	605
640	786
152	968
191	667
154	785
448	737
401	891
649	727
24	675
203	906
502	973
579	668
703	963
68	452
17	901
172	509
471	842
42	436
61	449
140	742
190	334
52	629
181	514
693	891
175	965
285	571
469	917
670	907
730	958
637	730
769	886
94	747
649	969
883	907
841	910
706	722
651	786
799	913
711	800
339	928
399	979
619	982
820	972
498	692
753	918
183	802
117	448
688	974
366	923
94	989
162	864
336	751
372	445
373	818
137	807
338	797
271	807
371	745
706	964
644	988
470	872
836	929
868	918
618	972
81	767
516	695
650	924
268	593
699	816
437	816
924	934
789	975
882	937
646	926
169	772
461	880
263	407
139	829
815	883
116	882
424	998
231	832
565	937
597	926
726	811
539	692
678	999
838	988
375	998
277	426
282	770
152	660
754	994
391	942
298	714
974	997
449	883
349	945
872	986
22	550
440	834
467	937
351	991
184	585
296	826
538	588
180	880
763	935
129	834
902	986
272	819
599	948
337	948
860	989
934	938
155	190
738	999
70	82
536	784
145	899
217	775
43	622
638	953
591	612
682	959
401	717
709	833
420	730
14	42
800	951
404	722
221	786
279	956
790	906
633	959
911	940
682	851
797	838
973	1000
147	921
324	325
367	961
329	440
702	951
56	510
462	969
748	774
423	977
189	810
384	497
480	959
572	962
630	903
69	341
709	967
313	738
822	844
887	973
665	860
403	631
408	975
452	752
369	983
663	972
644	693
616	860
762	914
660	903
519	927
178	634
739	967
417	916
716	983
315	639
356	411
287	577
768	850
88	862
212	403
592	624
597	739
146	574
266	639
398	529
310	416
337	519
369	996
625	922
685	973
102	652
468	975
327	999
643	976
877	914
206	709
407	470
49	762
269	994
835	917
866	984
370	817
67	816
122	715
958	987
722	976
875	989
358	699
590	712
501	640
643	989
13	822
949	995
305	930
71	534
645	769
515	659
157	951
587	764
532	828
578	715
935	989
687	887
76	962
747	938
552	662
323	839
750	943
244	317
846	880
92	943
216	484
763	882
427	667
289	962
633	772
927	990
627	994
761	957
216	605
344	790
894	934
932	960
696	949
897	939
322	479
700	839
827	880
71	79
697	770
205	833
672	713
121	839
286	906
327	678
473	503
901	950
192	490
82	618
169	506
36	916
361	447
719	909
503	796
869	890
445	791
145	270
771	961
950	963
251	962
545	914
746	904
179	793
828	973
607	745
464	962
725	966
375	853
862	971
584	963
468	788
368	850
473	866
188	919
174	984
683	861
378	979
667	853
672	968
451	740
470	753
19	817
170	986
426	912
767	976
780	915
585	676
857	869
277	294
320	930
581	971
755	858
600	984
961	963
938	979
676	979
299	992
151	828
912	926
461	990
741	815
474	700
826	859
74	995
32	998
674	761
673	765
230	461
903	998
395	528
768	810
50	759
456	952
220	941
729	818
192	879
444	834
359	992
796	993
510	636
634	931
92	648
340	713
451	995
974	999
518	756
724	824
476	759
333	939
701	877
506	601
967	996
750	998
717	821
925	999
615	773
721	940
210	724
80	614
398	960
613	885
860	991
645	837
736	955
156	380
737	776
508	953
341	547
645	958
249	958
268	971
818	886
153	203
578	904
25	957
816	961
43	745
813	892
202	738
205	780
807	848
719	964
369	851
508	966
406	918
276	845
758	848
885	889
202	630
499	853
922	956
774	792
834	843
254	268
451	553
308	504
11	217
357	625
472	612
114	867
188	853
771	908
429	915
887	975
604	623
221	333
400	564
947	962
9	679
966	975
685	962
231	526
556	848
864	964
720	919
186	231
639	967
92	340
713	916
553	698
556	969
745	868
850	921
951	973
178	757
852	967
604	865
912	981
7	646
609	980
810	970
232	993
722	857
474	526
704	988
803	930
729	752
563	985
819	911
442	695
856	978
221	467
740	766
289	830
151	896
734	988
252	948
296	991
34	991
318	521
337	534
925	933
465	948
247	991
178	891
687	997
539	870
384	996
866	999
282	948
461	950
557	887
749	828
372	878
793	871
32	958
756	989
830	938
714	992
511	892
29	660
629	655
708	948
205	822
430	940
724	892
402	841
584	589
66	663
828	949
640	898
593	823
920	952
717	889
221	951
529	838
837	954
224	956
821	946
518	945
344	792
77	677
452	554
470	608
514	651
404	779
175	956
445	551
524	844
615	962
188	666
269	325
134	137
443	892
190	446
360	857
253	731
566	962
392	846
920	965
381	916
408	790
790	855
897	954
957	968
401	787
437	444
380	849
586	917
773	780
589	959
662	912
482	981
697	906
862	973
125	680
719	924
875	912
424	976
658	914
690	866
98	991
583	740
118	411
664	850
287	863
590	635
507	866
340	460
801	855
861	869
253	986
662	925
674	750
66	342
109	978
766	982
549	984
461	871
653	812
666	751
845	982
960	969
146	981
385	997
228	525
701	745
238	755
870	931
975	984
116	994
460	804
479	817
94	417
385	889
546	992
720	879
747	982
164	661
967	985
268	718
9	989
212	823
363	992
17	355
715	885
352	833
701	987
464	751
576	992
529	880
870	944
615	654
726	936
624	888
383	533
770	942
214	724
756	815
314	433
90	954
425	944
48	728
257	313
909	993
143	965
314	554
319	898
107	490
580	710
337	952
934	942
306	555
58	490
897	996
737	778
420	842
814	998
781	821
4	900
35	213
260	560
545	958
547	775
800	955
413	960
545	850
619	799
737	791
649	907
181	573
616	730
781	834
885	891
783	843
609	727
493	781
443	960
451	784
341	912
864	953
602	953
327	748
184	965
561	686
588	789
51	584
1	992
343	958
739	958
813	907
375	910
581	786
713	905
732	918
470	918
198	984
332	984
676	794
10	933
808	913
384	851
871	969
678	803
411	459
628	982
20	574
584	912
713	797
181	936
432	518
537	800
14	530
690	813
822	969
316	343
159	625
706	794
67	807
378	928
856	967
787	867
415	995
308	869
60	767
662	872
674	926
54	989
665	877
824	870
810	972
441	580
391	988
787	988
947	977
738	803
407	703
352	767
715	819
140	359
458	934
315	885
530	810
342	988
511	531
433	877
345	764
116	941
900	986
657	999
624	822
715	940
30	837
599	765
893	983
411	714
254	996
777	808
689	924
501	873
606	926
298	773
86	136
659	937
296	885
48	783
939	991
636	953
529	827
419	955
983	997
418	996
793	873
757	950
830	940
434	940
976	994
527	902
291	891
186	609
492	881
833	945
208	893
304	601
925	948
703	835
340	783
890	927
110	964
480	534
688	712
927	994
930	999
696	832
508	781
869	989
417	599
422	943
615	843
496	663
358	958
380	717
182	961
512	607
825	838
575	892
52	851
508	902
575	663
184	778
406	854
15	969
175	958
51	397
450	897
367	899
790	965
950	954
50	963
688	954
347	432
452	677
705	894
572	779
364	564
167	730
404	902
593	838
321	379
646	664
215	333
670	913
389	900
582	800
623	801
378	741
57	282
581	962
3	985
488	734
135	875
778	981
542	970
574	922
651	913
95	695
186	288
553	984
78	462
295	985
551	911
606	847
363	860
437	809
234	746
247	685
926	973
442	860
521	924
507	760
479	927
625	981
699	930
680	688
177	296
421	693
604	814
857	994
669	943
796	984
37	932
653	935
974	990
209	406
641	817
608	640
761	882
222	833
645	936
782	941
405	991
944	976
594	597
428	830
45	540
826	876
430	876
397	699
159	827
467	943
742	882
828	885
327	374
846	939
906	990
155	533
582	600
587	944
293	497
413	828
564	997
199	310
242	946
388	1000
517	885
858	949
723	990
126	505
681	764
120	956
538	715
997	1000
174	667
91	898
573	901
853	955
897	998
737	780
556	705
115	733
329	433
587	957
480	831
67	433
600	667
154	846
448	798
318	954
827	831
813	896
395	908
436	909
573	914
89	801
892	896
78	154
603	793
929	963
285	632
329	675
752	778
568	957
771	791
494	742
843	896
66	975
181	696
883	968
514	842
233	563
794	896
558	619
692	848
752	899
783	966
122	466
595	686
89	814
873	896
773	958
331	347
795	976
440	748
158	806
72	766
903	923
284	393
5	712
569	754
896	920
560	971
403	987
62	694
125	750
253	935
690	936
789	915
775	980
393	686
701	802
197	774
692	982
43	536
81	828
741	874
782	875
235	248
6	425
787	990
845	931
678	939
824	993
741	995
166	764
559	695
817	990
784	813
756	980
393	928
632	944
464	579
675	762
413	762
182	600
118	844
627	987
365	950
527	783
733	888
139	903
736	893
777	931
460	995
496	652
293	552
158	364
259	416
302	786
424	483
696	942
162	483
575	652
341	485
291	893
703	837
615	953
210	904
383	832
724	896
751	999
602	647
197	332
601	947
86	730
672	827
374	904
434	955
916	958
373	679
478	732
660	709
679	722
772	950
73	912
496	786
807	907
719	794
11	973
663	899
630	722
299	851
901	956
71	206
945	962
153	504
320	681
414	545
121	966
732	854
135	635
396	676
561	972
82	974
868	900
535	727
493	959
507	628
625	849
643	903
588	967
528	687
857	862
278	926
259	684
121	979
644	983
262	689
794	964
357	926
200	454
632	865
370	865
475	918
678	752
53	929
392	395
576	970
956	962
350	923
473	993
486	932
539	795
926	975
549	988
571	747
282	644
111	762
861	994
754	868
840	908
551	805
229	754
963	978
192	872
412	875
761	763
819	970
750	870
359	985
562	819
469	591
956	975
620	760
330	927
60	837
932	995
462	817
789	983
140	537
797	807
585	924
865	978
409	698
137	239
276	583
460	929
754	881
886	1000
872	873
379	940
313	586
659	994
222	727
548	897
124	835
55	735
872	994
476	994
85	843
828	887
225	365
409	940
362	599
656	817
909	997
821	884
855	882
860	997
323	792
147	795
413	951
587	838
897	1000
809	887
929	952
552	965
189	913
211	672
538	838
202	852
45	905
697	831
485	948
415	852
382	675
781	946
533	844
459	666
161	972
252	565
21	669
876	954
688	903
889	893
89	803
273	395
457	970
602	836
748	890
115	977
156	749
285	634
30	344
477	575
683	909
204	682
326	379
424	914
966	968
864	957
275	562
836	858
68	757
403	976
959	965
70	803
507	804
658	973
308	860
850	914
665	868
475	973
576	796
736	748
667	914
326	621
148	992
757	807
877	909
866	979
236	583
34	863
318	393
810	855
851	856
942	974
262	986
671	925
745	874
831	914
657	761
836	992
555	979
495	699
481	764
775	982
863	866
935	971
95	994
286	296
585	858
310	653
444	882
650	987
364	889
675	751
391	992
465	941
587	638
826	920
555	871
687	761
733	877
156	307
73	309
174	361
437	1000
564	812
531	635
38	702
631	987
925	939
54	417
890	918
726	995
55	790
113	997
691	708
44	897
420	888
805	995
515	896
212	895
377	962
707	837
130	533
383	713
691	829
319	957
916	947
88	307
855	937
629	890
876	996
25	897
718	824
374	785
575	775
520	839
456	558
332	788
90	208
205	949
821	952
110	860
292	837
834	891
94	852
751	893
737	958
448	855
262	436
38	957
360	971
938	948
998	999
79	729
874	963
579	786
771	956
45	852
119	801
466	616
892	953
484	899
368	724
662	905
695	853
244	917
660	832
885	950
274	796
339	925
466	966
326	434
584	958
345	447
336	856
415	920
616	681
495	620
871	907
771	969
741	797
727	899
405	848
842	849
743	843
775	795
431	756
799	923
722	905
5	998
569	811
426	799
199	985
218	998
732	990
449	867
454	982
476	512
49	933
558	810
167	171
62	643
590	762
543	916
405	982
625	985
793	798
555	926
453	878
250	815
442	985
956	977
171	936
955	981
394	419
559	752
826	867
435	945
151	957
522	870
816	822
673	773
967	991
731	980
805	929
617	878
4	880
288	410
138	880
481	953
234	295
510	873
738	996
108	829
886	894
256	727
608	886
668	937
520	773
869	927
425	950
54	714
221	891
59	829
188	714
950	1000
64	907
661	897
716	833
210	961
22	910
839	940
149	493
520	894
728	843
255	596
793	945
199	206
572	717
281	733
355	719
470	669
131	974
313	951
846	956
799	844
804	959
702	948
302	977
778	906
542	666
560	720
496	964
100	735
375	903
917	957
719	972
512	908
873	887
28	566
165	800
290	980
780	844
29	387
686	916
364	865
583	680
940	954
764	957
783	970
287	803
875	973
658	975
597	965
616	978
533	980
44	752
156	993
522	562
356	758
562	634
685	970
826	909
611	755
559	565
905	973
762	924
321	922
627	965
481	645
453	812
819	906
678	930
144	996
741	986
501	745
317	924
754	925
377	938
451	924
798	968
536	702
283	293
631	976
717	750
488	927
851	979
326	865
653	994
446	930
407	938
589	686
544	943
860	920
103	712
175	588
180	932
345	999
983	990
587	761
432	887
666	825
34	60
738	930
858	995
714	987
404	761
610	866
152	954
928	946
443	874
696	825
360	839
901	934
813	821
137	309
64	733
737	947
594	898
360	731
93	616
131	908
396	425
492	887
6	913
18	967
67	600
573	960
554	718
655	770
567	657
424	608
462	900
286	903
621	893
566	957
579	896
758	898
683	724
628	788
655	891
719	906
253	847
294	390
679	955
813	955
887	904
159	202
568	895
526	898
364	570
892	955
778	853
253	739
519	858
109	960
183	680
801	958
457	919
606	719
195	919
919	950
542	963
377	401
127	455
541	738
472	904
40	981
852	896
530	845
394	984
755	963
292	973
278	809
787	915
386	571
861	864
873	955
327	930
160	524
321	856
99	514
338	796
361	928
884	969
741	920
801	971
245	753
23	640
231	818
377	643
831	850
13	632
333	573
720	982
766	869
258	399
376	391
510	620
601	738
336	992
537	982
671	982
275	753
613	977
360	531
329	989
370	990
678	877
590	993
667	984
548	767
740	937
682	703
673	883
678	998
225	235
576	987
791	875
235	657
796	990
694	942
740	829
724	821
569	947
374	708
200	592
351	990
525	877
626	929
805	931
614	811
430	990
638	939
237	595
438	585
181	434
441	775
619	781
913	999
517	770
424	542
56	146
33	657
272	939
593	765
661	899
559	888
504	952
600	889
3	670
672	765
723	996
630	768
420	958
580	947
239	617
874	899
285	504
706	763
257	671
596	891
482	789
769	819
177	907
760	770
168	858
691	899
369	848
792	951
214	974
811	964
676	776
257	792
35	450
482	910
727	943
820	905
295	791
98	920
313	845
271	848
438	961
875	962
776	956
60	520
290	982
128	920
764	838
89	928
149	979
553	803
685	959
652	782
201	617
472	851
384	967
76	585
535	907
263	448
722	962
144	985
856	962
873	902
556	966
616	980
745	865
35	705
62	808
711	988
516	749
611	986
729	749
159	862
233	811
761	930
544	932
604	983
122	714
958	986
212	873
859	980
537	929
671	929
113	867
35	947
250	872
847	862
953	992
225	290
865	916
515	766
518	808
330	986
27	948
366	414
591	761
168	429
627	980
34	880
939	986
10	257
59	644
97	899
494	535
380	470
894	920
495	945
897	925
145	832
76	961
332	658
700	825
63	241
92	942
193	728
969	986
707	949
213	414
710	991
608	943
742	943
786	949
65	435
827	987
1	908
20	958
524	949
818	938
964	992
96	953
311	841
376	943
443	889
892	944
952	995
737	841
28	381
69	382
93	739
943	946
55	218
129	204
275	487
781	884
390	962
642	954
581	944
347	777
163	956
88	782
649	849
79	962
896	955
607	852
15	977
252	624
412	613
899	960
940	998
618	718
334	959
790	973
755	952
788	900
75	964
209	964
653	675
732	968
820	852
528	680
783	906
497	549
72	814
414	780
47	986
896	968
403	806
752	960
103	514
282	745
755	965
829	914
292	975
507	863
259	798
933	971
611	691
468	908
104	860
269	927
967	969
544	637
549	981
585	675
865	958
39	879
507	984
639	911
666	748
638	915
256	584
963	971
830	856
439	971
40	178
757	758
187	871
710	912
775	812
731	971
257	297
823	974
515	592
446	758
260	302
757	879
663	692
723	743
599	707
423	710
138	992
735	982
446	879
504	820
275	997
11	887
869	918
220	243
230	702
502	895
758	821
92	997
524	654
326	935
265	659
196	825
839	931
517	651
487	708
43	960
417	649
725	765
675	944
279	944
532	895
91	664
350	595
897	993
626	944
142	831
973	988
450	718
441	898
389	708
549	660
802	877
227	380
705	944
256	852
765	958
368	770
676	886
695	899
60	388
533	837
885	996
785	829
614	947
595	668
498	735
250	606
477	797
480	839
350	958
947	948
121	906
606	655
468	950
280	899
54	852
747	779
339	984
769	834
218	923
410	864
179	968
437	738
776	958
789	897
541	566
720	797
527	631
245	918
88	971
759	910
363	910
745	975
540	987
433	861
414	619
452	874
840	956
229	802
657	754
514	971
247	856
701	797
558	977
7	874
143	883
110	477
476	800
643	977
13	810
333	751
949	983
847	972
46	169
227	998
772	798
824	988
870	875
449	818
316	703
44	998
25	756
159	985
641	988
916	927
508	873
506	534
925	932
111	944
18	716
133	703
782	883
501	870
661	822
427	655
344	886
638	875
335	837
591	763
164	955
365	945
654	819
74	244
263	934
612	822
340	888
73	544
554	588
438	642
233	947
16	949
57	950
76	963
714	991
18	729
890	924
477	489
559	824
930	996
809	935
24	665
459	593
739	876
63	364
276	886
343	647
202	671
904	943
894	935
80	910
468	763
98	735
739	997
87	842
357	666
615	961
361	556
746	892
892	946
66	904
704	895
487	897
506	910
574	785
628	792
204	959
281	913
170	853
71	322
577	682
752	949
771	962
408	910
535	951
301	784
871	900
320	797
350	905
892	959
253	972
211	975
767	964
646	674
288	966
780	903
439	610
618	841
884	960
70	972
815	860
278	921
620	621
46	800
206	752
414	903
400	739
861	868
55	704
5	883
743	849
285	937
467	685
527	699
453	521
838	857
629	683
823	963
861	989
303	927
759	978
726	801
297	624
817	919
261	701
775	922
200	691
814	850
461	991
323	761
199	991
106	763
548	879
671	986
830	979
668	917
608	637
797	802
557	820
194	768
51	194
106	884
125	934
538	578
689	747
312	760
207	478
647	979
886	995
99	881
645	825
87	763
515	944
804	818
513	871
936	974
50	881
427	602
807	823
614	694
705	812
127	835
765	826
696	992
589	637
723	866
38	763
814	984
525	881
425	943
566	882
175	997
251	992
848	982
825	998
622	935
305	999
654	887
84	1000
748	751
860	992
977	988
499	720
572	939
498	724
355	941
489	941
52	674
693	936
82	782
362	836
802	879
567	716
402	908
267	949
248	441
706	767
12	844
177	911
429	903
570	613
341	790
776	947
327	855
651	952
477	799
155	785
494	968
466	906
727	947
350	960
176	844
732	796
864	952
468	952
487	965
456	632
509	724
662	966
940	947
665	742
692	845
141	971
783	963
241	680
153	796
273	632
372	611
685	842
592	614
473	922
274	978
544	802
683	917
521	855
777	781
741	858
727	960
78	514
498	871
201	621
225	978
500	917
49	981
173	522
481	638
847	961
260	935
783	976
48	527
345	750
83	979
479	979
812	859
523	756
583	807
354	984
444	877
189	587
750	920
249	638
865	907
823	910
190	997
854	977
721	862
647	684
8	697
113	750
863	982
816	870
544	936
136	882
239	300
777	915
837	929
699	995
399	474
932	937
751	862
640	765
893	982
571	931
428	882
276	754
548	947
496	757
708	936
928	939
969	977
143	898
8	939
209	700
930	985
164	957
566	937
728	770
617	939
123	367
716	881
802	921
834	873
638	998
173	898
489	875
434	939
976	993
580	993
423	780
772	934
271	652
918	988
876	991
788	878
39	265
204	598
171	421
635	821
767	940
147	966
885	932
964	996
771	830
702	996
853	899
223	732
226	478
350	773
792	889
709	891
165	727
239	447
288	834
790	964
350	894
553	728
245	383
239	568
335	505
786	966
362	904
744	969
16	267
260	856
236	270
769	999
442	604
683	730
862	961
741	900
815	849
938	956
583	728
762	959
160	396
734	897
104	730
660	719
118	399
436	974
604	787
549	851
12	912
301	786
410	921
368	961
96	502
509	671
10	987
13	733
390	979
431	980
692	792
204	974
815	862
842	965
317	622
778	980
234	853
456	929
616	918
416	564
316	397
660	961
467	795
104	743
720	975
472	910
618	964
375	977
631	674
796	970
433	918
763	793
606	846
740	809
74	985
246	274
270	631
182	289
659	857
318	564
623	934
185	937
23	875
56	823
694	814
900	919
382	993
784	973
641	695
687	811
819	967
282	991
879	981
97	945
481	827
314	421
506	591
165	298
626	693
805	924
906	976
20	883
670	699
837	876
224	649
311	537
803	999
286	480
689	870
73	601
413	935
936	976
592	937
688	874
256	951
435	953
242	824
591	941
911	919
429	650
594	717
354	476
739	812
909	994
427	725
922	933
867	997
985	989
214	846
43	964
813	882
904	1000
499	951
36	961
760	992
619	787
591	954
718	995
542	769
869	935
84	894
681	884
887	952
890	994
296	484
67	661
619	908
438	833
746	949
402	910
225	954
519	677
780	947
119	972
84	197
548	560
185	508
792	957
93	919
795	962
662	847
748	887
285	860
954	955
546	901
618	777
184	256
306	919
903	909
328	678
669	742
6	398
537	788
671	788
509	726
299	916
104	677
417	908
521	965
287	798
958	966
699	971
470	919
743	785
132	860
165	808
426	849
159	734
706	903
236	688
750	909
636	807
474	745
410	989
148	989
149	167
720	922
847	963
747	796
128	229
768	855
298	640
330	629
239	999
242	516
421	747
209	339
541	812
420	522
750	922
791	923
870	987
634	976
474	758
381	530
391	989
303	876
344	877
383	576
388	691
627	973
797	859
527	769
469	764
648	995
83	994
422	460
680	984
578	936
770	877
434	928
723	802
19	420
181	253
103	828
134	932
953	998
717	987
846	872
906	923
505	579
510	923
381	772
633	993
760	805
242	879
462	882
742	936
52	489
525	938
436	600
23	956
802	923
983	998
284	997
96	946
839	990
737	942
809	818
19	433
304	831
890	928
95	428
191	890
265	839
661	839
499	777
259	536
419	488
228	957
80	793
143	324
267	656
360	847
41	313
725	945
114	791
205	946
790	845
669	784
521	657
737	955
635	944
542	716
299	958
547	831
868	886
769	880
787	897
773	999
514	775
505	955
370	501
862	963
540	912
419	622
330	550
449	501
108	208
541	733
747	838
692	902
585	776
838	956
871	904
241	737
631	663
669	918
650	676
102	807
671	735
421	789
803	854
206	635
766	972
348	984
444	921
26	933
227	923
783	912
466	976
507	977
903	977
110	523
775	913
558	915
539	673
90	581
310	813
893	905
912	918
595	982
815	985
652	964
289	875
831	966
330	684
2	818
365	641
865	964
557	811
199	874
455	571
133	520
587	690
647	741
243	651
284	689
798	910
550	808
132	820
16	874
324	990
2	939
458	990
510	857
524	526
376	399
569	942
849	996
365	883
654	757
925	991
9	992
582	588
881	921
108	934
793	808
163	641
825	989
415	596
700	994
920	997
832	884
147	781
515	948
193	668
936	978
251	875
591	943
314	894
911	921
575	706
244	835
268	963
610	929
471	999
108	947
705	937
682	953
943	994
621	943
561	663
160	319
607	779
577	607
876	940
36	963
397	942
80	969
732	895
448	907
267	832
809	886
542	771
404	837
598	851
348	905
394	792
788	948
581	884
741	836
545	961
168	974
286	966
415	851
456	852
883	956
27	217
101	920
539	594
857	903
769	827
61	969
713	895
565	731
275	669
137	964
912	960
53	741
460	836
92	440
369	977
584	902
762	908
132	741
835	898
164	693
269	746
337	621
958	968
636	917
212	626
537	911
210	516
248	808
745	860
8	567
569	863
228	341
935	957
870	976
861	927
143	647
210	408
509	970
77	293
710	731
285	996
267	390
824	981
543	968
717	855
185	994
166	752
312	577
705	737
435	647
335	709
150	929
673	933
870	989
73	645
386	876
675	750
666	930
430	919
867	920
927	971
710	973
784	922
911	963
770	987
388	693
687	989
659	927
244	648
323	941
497	865
428	994
502	943
39	953
983	987
620	935
81	132
812	876
932	941
443	750
696	930
673	946
184	755
411	946
404	758
483	822
610	863
612	707
109	581
210	892
330	994
113	996
85	897
492	992
566	941
681	928
392	825
376	817
763	997
964	987
582	656
688	823
774	826
718	931
811	893
797	995
580	997
332	895
318	997
473	605
538	1000
660	697
786	836
739	761
959	993
871	880
389	648
466	831
447	589
204	831
719	782
168	908
484	656
681	941
901	944
813	831
147	970
307	959
802	938
602	998
299	960
187	261
281	798
126	924
46	901
215	444
523	560
588	955
68	919
393	487
885	949
150	500
217	261
246	962
213	785
306	976
743	950
676	960
109	849
577	917
477	979
571	614
309	385
119	224
826	840
35	984
227	925
400	853
264	992
312	740
859	909
944	953
830	851
412	863
95	927
544	753
34	917
650	920
529	630
675	684
592	915
826	853
872	969
56	117
632	987
659	861
566	633
791	980
345	930
638	923
136	941
175	869
309	869
818	975
529	872
703	759
620	990
515	708
545	816
913	983
663	808
9	55
351	987
731	979
786	878
191	705
737	878
33	533
816	942
902	982
225	703
483	998
87	998
156	603
307	772
876	929
894	983
452	601
484	819
929	940
552	953
772	993
500	534
596	996
725	881
2	257
394	781
383	888
484	940
517	888
28	431
281	611
415	840
547	996
621	945
693	821
15	906
885	991
17	952
347	827
672	883
176	716
778	784
454	660
822	827
552	966
398	499
329	665
31	971
549	668
287	668
328	440
686	902
639	827
658	840
341	904
234	778
965	997
3	91
299	907
822	948
13	550
445	961
674	784
371	783
500	668
183	961
841	961
436	912
447	778
87	206
831	889
251	314
60	746
836	967
808	905
16	676
711	972
912	962
26	869
623	859
590	682
232	974
130	963
787	967
369	979
133	214
685	956
410	751
201	843
616	856
456	867
671	792
275	563
743	897
877	897
560	961
7	977
764	956
375	915
323	459
548	806
345	743
754	911
437	975
418	733
127	520
443	497
481	752
734	969
453	690
269	869
370	921
912	975
669	988
185	875
422	559
854	970
243	587
743	910
435	757
844	962
486	988
90	988
599	865
81	939
777	908
284	746
182	698
316	927
657	991
440	993
178	993
195	408
566	809
772	914
612	696
455	978
488	926
183	290
804	866
928	932
969	970
779	809
416	757
710	975
223	591
283	642
56	185
272	749
543	983
529	819
782	999
23	947
193	604
839	981
176	637
603	704
556	629
915	976
274	650
223	833
806	925
794	807
582	887
463	707
718	933
300	945
709	884
184	999
492	886
874	951
18	966
577	664
482	841
480	997
727	874
387	954
24	902
468	650
10	967
827	997
151	448
438	892
364	677
195	905
778	960
561	962
352	559
412	610
260	970
246	843
755	949
787	901
639	774
551	890
418	546
850	957
196	204
239	803
509	664
706	949
128	972
664	952
884	955
460	893
424	970
840	885
859	898
363	960
385	978
151	811
132	569
896	965
752	957
226	847
567	911
336	978
611	917
740	802
430	613
690	981
25	564
104	857
632	976
269	924
442	852
361	927
483	624
249	457
722	906
83	919
840	898
14	819
379	917
324	981
162	165
893	909
409	796
502	987
488	860
138	976
532	866
243	763
614	676
330	688
58	229
28	57
33	401
150	986
747	976
552	700
342	927
478	522
865	968
483	637
156	242
274	463
735	858
205	629
265	643
564	976
663	689
682	702
47	191
79	409
180	986
837	990
441	990
367	812
804	813
735	979
532	879
788	805
297	753
383	756
154	933
691	872
913	985
715	1000
360	772
511	941
906	982
684	869
106	892
271	471
166	943
362	818
890	974
402	890
691	764
677	866
589	982
880	929
608	995
580	933
915	923
290	834
579	708
897	990
704	824
51	673
469	957
169	665
480	823
713	765
563	942
320	955
755	883
479	719
102	732
179	952
368	888
795	955
46	608
290	968
546	894
486	614
123	562
852	937
494	963
494	734
746	955
331	676
905	948
776	834
836	848
473	796
238	899
780	953
319	329
250	495
461	907
84	203
232	855
755	896
61	973
553	681
699	964
597	953
671	902
690	915
349	622
439	781
236	681
351	668
903	915
88	968
285	987
500	912
486	748
544	918
217	560
577	866
186	227
623	982
824	972
411	574
736	859
923	951
288	440
4	681
639	963
97	643
432	633
611	864
547	556
698	725
460	853
421	861
803	926
407	697
57	584
444	993
612	806
717	859
777	910
680	977
881	967
523	993
289	826
435	880
242	751
42	168
136	998
874	927
506	531
516	990
194	939
254	990
610	854
455	980
207	878
513	921
633	757
586	645
37	174
911	967
214	773
145	939
401	865
687	993
580	867
846	986
557	883
568	749
702	978
941	994
256	891
223	714
462	996
603	706
117	998
612	940
610	867
408	652
315	424
355	991
911	980
360	840
681	932
445	655
887	1000
964	991
169	491
683	712
644	720
360	961
695	951
547	824
896	941
607	838
712	891
486	548
910	997
247	424
885	940
945	954
752	825
986	992
53	787
609	776
292	840
820	959
947	1000
713	833
919	938
938	951
368	835
762	954
789	828
766	844
771	959
361	795
870	901
473	972
748	948
546	962
348	977
680	898
162	972
62	741
81	754
404	441
307	508
634	674
532	626
537	741
690	983
349	690
132	921
613	736
134	967
296	800
538	562
344	696
710	790
963	970
641	919
715	868
140	637
66	459
640	694
263	744
309	860
255	331
353	637
914	970
149	578
267	570
300	518
728	928
888	917
626	688
194	994
381	591
730	745
64	884
881	914
784	981
481	943
79	640
420	704
673	884
700	987
538	925
920	990
703	992
802	971
526	578
297	755
476	986
916	992
508	938
373	713
367	935
301	581
647	989
760	866
512	764
493	522
80	841
593	874
142	709
832	890
596	879
904	995
601	994
482	777
760	987
655	705
834	936
149	833
498	721
751	938
556	928
322	532
487	828
506	841
827	933
780	821
164	323
804	949
174	782
12	720
628	952
375	543
325	951
526	941
22	913
278	610
586	726
570	718
809	1000
643	708
822	939
475	831
977	998
240	439
680	711
878	955
52	913
181	798
822	831
412	667
348	911
604	837
544	557
86	911
203	264
824	840
361	850
667	893
877	888
555	837
173	506
82	913
104	672
646	726
899	906
278	973
726	840
509	842
197	984
425	619
208	850
708	907
9	677
96	565
743	901
729	966
316	568
94	226
453	802
361	984
326	963
923	953
553	925
694	864
735	902
532	802
900	969
550	627
71	858
374	630
398	987
935	963
631	966
736	982
675	743
694	756
105	627
14	997
148	997
578	810
523	874
886	926
742	918
439	917
444	995
222	882
483	923
397	856
481	998
696	923
392	926
698	969
120	992
211	356
441	818
69	946
48	69
886	939
806	916
930	982
230	985
263	933
524	937
818	926
804	991
702	980
922	983
36	890
163	702
283	996
880	986
517	934
25	997
677	923
214	896
102	426
827	867
128	829
104	243
876	988
774	940
232	657
451	701
570	652
64	965
72	789
466	945
226	475
355	885
878	889
465	491
778	951
519	956
426	536
505	829
752	935
306	848
540	786
438	775
454	719
170	960
373	794
500	835
643	655
315	789
493	832
474	553
639	886
859	889
243	391
35	856
558	668
618	719
711	910
423	443
218	977
768	892
297	489
416	440
398	800
824	908
306	982
617	844
106	399
694	798
298	569
105	440
738	841
201	902
261	687
618	961
525	733
425	795
24	222
636	749
1	238
4	738
449	859
624	860
715	978
742	852
632	980
62	864
406	637
142	564
909	965
928	978
279	569
798	905
94	523
541	983
701	972
854	921
955	973
592	921
210	590
108	808
624	873
715	991
828	868
869	906
580	803
948	970
208	931
590	996
791	986
529	986
661	876
504	929
779	868
278	586
111	180
300	870
811	820
816	935
57	883
184	924
84	986
607	761
615	881
367	816
628	820
619	1000
22	781
402	773
572	696
429	876
635	981
103	891
32	422
679	758
614	814
237	827
746	933
61	830
346	999
635	873
24	948
423	953
505	763
684	994
183	712
343	701
515	956
853	951
980	992
746	825
176	938
107	838
115	958
101	794
973	989
568	940
683	890
461	548
366	954
273	726
223	905
746	946
28	666
630	1000
396	833
17	19
660	879
445	725
794	879
558	602
7	499
815	901
405	774
264	798
498	736
261	500
789	885
486	847
324	785
4	322
759	898
504	608
762	903
445	967
780	957
81	919
141	970
617	670
171	849
726	842
456	981
817	960
58	154
349	626
951	960
137	972
266	857
122	583
469	627
240	804
400	793
243	809
187	914
228	457
627	957
219	866
687	971
310	984
446	801
377	930
721	740
707	805
294	932
27	817
605	794
729	860
591	630
233	922
641	976
511	866
497	968
708	922
490	928
526	622
738	801
712	748
124	992
91	586
485	742
118	948
816	990
621	751
716	759
788	864
196	989
793	979
430	927
848	915
80	777
971	985
214	777
594	769
332	998
249	1000
885	918
224	943
821	933
839	987
171	528
644	711
621	764
63	473
395	946
670	885
91	949
172	608
834	993
254	418
355	995
792	996
24	895
492	1000
1	911
269	662
232	780
433	770
875	886
625	711
47	734
685	762
107	785
181	734
676	942
781	995
173	321
216	957
431	845
546	832
431	616
701	706
637	950
752	937
475	888
771	950
347	888
889	942
161	203
713	945
410	678
592	655
426	888
863	889
646	891
563	893
329	726
733	779
810	999
306	971
565	673
229	724
817	894
299	968
425	784
819	940
604	786
53	683
502	509
135	981
83	791
826	835
151	925
150	966
847	894
318	550
53	804
928	967
248	979
701	961
775	910
613	848
687	797
458	974
893	902
552	572
617	967
694	921
768	907
334	386
279	450
236	982
112	458
731	961
483	859
823	964
501	913
358	864
723	733
539	912
222	939
198	353
483	980
138	982
155	397
298	934
501	805
738	977
757	990
696	980
25	812
448	878
374	700
453	993
88	343
809	857
728	932
654	754
874	986
505	631
615	991
362	582
749	991
909	980
642	865
807	932
301	343
339	598
485	918
237	816
292	523
779	870
484	693
369	477
363	403
681	978
404	929
455	931
904	986
78	944
661	999
105	818
554	644
686	763
37	354
897	983
916	996
175	998
113	120
505	873
271	706
519	771
178	249
183	593
540	601
149	945
517	883
718	873
231	489
649	773
776	814
588	763
684	996
279	947
917	938
769	811
227	491
595	658
672	878
176	940
429	891
795	948
387	894
332	958
855	999
155	773
609	943
889	997
240	551
369	961
382	900
882	957
926	1000
174	907
595	900
456	970
179	958
776	948
877	1000
729	836
720	787
7	851
315	967
631	715
254	728
88	961
284	607
905	954
449	674
528	967
294	800
564	661
261	623
136	628
208	733
562	965
782	968
192	910
402	454
486	862
742	788
145	569
370	916
733	739
428	857
636	806
606	900
735	785
625	913
298	518
57	806
659	911
207	521
446	803
721	971
504	973
872	911
346	801
687	865
492	855
392	688
34	980
786	807
846	858
698	731
376	680
749	925
422	567
293	645
259	280
605	688
350	398
90	996
828	925
594	758
781	850
800	863
802	909
790	818
380	691
707	820
839	976
154	873
714	981
146	460
566	817
767	807
161	997
846	871
431	592
978	990
128	591
482	823
807	879
709	987
869	976
629	994
804	995
771	818
193	841
549	705
587	997
540	656
575	879
561	944
192	589
118	374
596	938
852	864
752	926
103	251
170	951
304	951
651	995
477	842
871	998
310	436
856	875
144	669
685	993
864	995
542	715
98	967
835	937
898	993
530	597
282	495
292	954
366	903
856	996
474	665
116	957
512	957
892	949
528	901
431	968
537	842
74	852
305	492
599	673
53	914
782	794
50	616
251	377
545	558
495	966
605	609
844	891
352	917
117	791
328	974
884	963
648	686
606	955
826	958
215	804
449	742
283	450
536	630
819	955
198	342
893	904
263	737
516	917
502	753
851	907
620	974
100	221
358	745
913	967
710	904
291	691
681	846
731	963
590	987
689	966
100	571
702	905
293	471
735	853
224	637
605	972
619	641
355	568
525	979
717	920
235	880
400	984
703	756
601	974
661	988
633	926
573	646
707	875
605	864
99	992
575	692
244	821
832	991
422	864
804	929
950	983
110	777
242	933
11	1000
84	990
901	983
233	295
436	883
422	985
790	886
862	991
198	947
695	999
46	590
459	759
610	928
207	952
871	932
950	996
554	767
461	539
727	924
144	603
452	719
383	885
672	988
760	872
806	988
676	878
454	765
795	829
901	996
664	760
177	901
125	711
686	778
658	945
494	958
623	843
72	740
507	668
419	784
446	658
685	940
281	850
523	612
426	945
211	791
131	502
255	834
766	784
141	961
590	787
623	735
34	606
570	845
211	912
954	956
217	663
52	101
444	854
153	907
39	805
142	260
56	974
735	774
157	797
148	977
303	622
456	864
388	666
555	843
123	920
659	900
626	723
359	904
340	625
856	956
534	905
721	731
872	900
476	900
44	977
733	970
516	972
268	870
328	921
851	962
1	526
782	862
501	849
647	903
545	626
624	919
300	795
527	757
406	696
203	633
939	967
837	919
601	908
212	867
157	931
418	972
347	503
435	875
113	861
913	914
723	790
2	993
733	983
474	988
694	991
380	801
930	975
423	878
610	970
758	868
730	806
642	922
284	985
7	182
504	988
719	876
622	980
897	919
112	878
915	973
978	992
615	940
730	927
716	992
389	634
482	825
889	920
369	884
649	709
201	290
813	817
670	768
310	425
64	958
141	653
279	883
325	999
359	583
493	812
300	942
470	828
187	476
142	999
394	725
889	933
834	997
634	643
746	884
658	1000
691	948
873	925
465	605
211	725
390	956
288	945
21	830
664	936
989	992
905	998
896	949
574	898
247	540
808	836
539	648
747	826
637	954
565	785
465	618
234	951
430	597
850	954
762	841
407	613
49	905
577	795
764	887
447	951
101	277
359	838
215	564
817	898
641	901
701	952
558	903
838	957
284	785
349	914
564	839
803	855
401	552
673	745
610	662
636	863
147	406
842	968
687	801
731	844
717	909
78	922
854	914
231	935
149	573
677	729
346	858
645	925
538	799
428	927
906	966
629	917
925	979
804	918
928	984
119	586
375	512
289	997
886	987
187	986
536	874
145	989
281	584
640	931
459	627
758	923
670	810
4	986
138	986
408	810
876	915
399	990
955	979
811	934
167	869
519	533
469	941
610	917
642	869
554	756
447	630
614	807
345	353
162	646
112	825
901	985
307	1000
496	936
642	990
582	710
716	939
977	980
894	982
47	551
334	995
475	705
683	883
829	937
669	719
653	711
806	990
56	492
479	595
107	952
294	778
665	950
123	667
21	885
100	949
263	418
48	264
774	893
75	892
166	485
457	957
166	256
295	895
586	842
859	937
919	988
454	659
384	600
342	603
873	993
704	955
905	945
159	603
250	721
563	952
134	775
203	380
400	665
171	842
875	958
61	970
699	961
849	905
714	717
315	971
763	838
754	789
17	267
8	676
338	847
30	694
687	964
47	109
208	966
502	918
620	910
413	617
900	964
311	569
729	853
126	523
313	386
411	921
428	861
328	923
557	746
702	841
536	808
522	910
467	974
641	861
930	964
396	505
816	862
709	736
629	972
1	649
326	971
400	920
243	936
526	736
638	977
42	394
506	757
337	985
277	705
953	988
247	274
474	990
435	998
462	872
589	913
489	975
112	759
929	981
189	942
712	983
827	970
901	919
87	931
629	985
983	988
69	244
406	832
693	862
271	873
390	824
978	994
427	891
848	921
457	999
746	873
691	937
487	649
662	879
693	983
560	868
887	997
670	999
582	886
375	593
493	814
438	878
801	930
672	816
616	655
321	478
753	889
233	365
546	825
439	470
618	701
697	994
134	588
31	904
917	997
759	825
542	827
671	712
850	943
734	997
986	989
342	658
903	954
543	648
639	881
192	835
472	889
255	891
852	881
570	902
486	908
511	672
631	774
361	913
414	776
264	980
372	779
47	982
191	438
657	911
608	726
796	962
620	965
671	967
402	513
453	973
538	788
400	854
680	908
821	847
532	744
592	795
289	986
522	965
536	634
145	978
816	917
921	970
833	857
240	986
837	976
596	621
620	978
895	917
793	906
633	688
894	958
932	984
374	922
916	976
186	642
327	581
351	975
478	750
846	917
328	991
307	868
152	765
513	973
642	858
581	619
490	760
219	940
654	868
382	409
640	704
395	873
642	979
936	968
316	994
429	871
489	922
874	992
846	930
393	396
684	868
287	643
466	874
479	584
864	920
514	578
373	602
579	936
216	884
560	694
799	939
18	899
150	301
862	995
163	994
779	997
999	1000
676	990
850	877
767	879
192	648
744	895
348	895
931	987
292	1000
567	939
93	790
924	947
182	310
588	769
968	990
426	707
458	888
766	775
534	654
699	721
74	898
701	767
521	836
829	952
455	482
4	546
787	955
410	968
826	883
129	726
36	498
468	946
597	831
882	963
486	963
780	952
269	736
62	672
736	845
259	957
699	963
652	888
69	567
354	965
836	968
421	726
622	716
849	907
525	783
659	783
129	968
266	973
252	809
646	965
398	863
365	686
409	729
736	858
166	742
193	579
418	963
200	740
379	971
508	856
814	899
580	732
370	922
953	977
221	799
474	979
381	751
226	914
648	866
430	909
525	917
258	802
65	407
698	845
772	794
386	987
45	694
190	294
369	525
76	946
304	810
371	571
937	982
491	636
110	944
655	744
806	913
770	990
971	980
723	915
291	992
560	628
598	883
412	464
188	985
904	926
59	871
348	708
466	700
779	931
603	705
737	934
855	926
915	977
478	939
49	533
832	942
730	931
17	995
471	936
507	593
503	888
602	867
10	955
1	906
238	590
799	886
577	773
609	991
535	813
359	587
452	778
584	934
262	654
704	999
377	604
660	929
794	929
940	983
477	956
783	999
898	986
521	999
581	821
815	951
639	991
133	136
570	891
52	965
333	655
241	837
623	902
865	930
650	776
796	830
551	999
685	999
437	668
321	722
522	712
357	904
636	962
617	720
768	889
193	392
611	905
305	835
67	963
562	905
245	969
288	373
312	730
284	897
826	951
248	974
279	324
135	279
296	907
153	858
10	284
231	926
353	623
158	384
757	972
335	983
187	856
173	692
641	797
412	974
830	962
217	964
511	916
450	677
548	983
298	808
229	974
430	964
867	965
27	988
490	749
302	698
541	980
38	854
324	982
439	969
902	959
728	806
612	860
557	924
309	859
703	978
513	854
535	613
614	677
397	679
531	908
335	996
550	921
118	998
176	451
814	967
332	698
404	574
684	857
133	983
656	795
568	911
427	935
301	338
399	873
677	854
809	973
371	747
920	989
469	824
651	801
876	919
554	868
241	408
484	809
897	978
415	938
10	889
376	983
510	983
493	750
438	814
880	930
704	933
304	999
343	927
582	943
711	828
554	881
669	831
567	820
980	989
556	927
96	417
528	828
68	843
632	656
799	833
535	989
975	995
892	997
625	882
267	945
327	959
146	884
690	782
984	1000
228	428
574	836
68	964
458	890
618	879
535	881
664	766
540	959
801	1000
872	880
891	893
491	959
274	961
29	605
172	913
488	890
364	854
410	970
105	371
148	970
845	898
844	939
121	315
453	788
761	904
384	954
819	882
227	970
538	603
106	680
180	666
42	961
638	955
220	967
32	916
632	911
356	976
865	890
736	968
543	839
782	855
95	154
28	918
523	860
77	514
266	975
305	903
250	967
728	740
115	742
395	796
749	799
754	914
201	967
261	981
751	845
154	626
102	170
709	848
33	336
654	683
337	976
698	955
395	688
689	906
730	907
496	740
890	896
348	576
592	973
721	858
139	173
72	183
283	861
346	917
248	345
258	575
499	866
922	969
237	866
341	694
654	925
340	994
978	985
403	525
394	705
573	936
366	872
614	745
603	815
770	992
489	979
709	982
346	930
542	576
492	984
841	872
343	861
73	1000
725	926
755	805
600	931
773	859
83	412
276	992
899	934
651	869
255	869
871	872
716	998
311	949
92	353
873	918
892	931
952	982
519	834
362	887
852	980
697	877
86	952
788	995
172	726
741	883
667	705
820	947
644	950
745	773
776	877
368	823
734	880
755	939
433	888
144	785
226	595
776	998
68	911
665	901
309	714
840	875
251	480
354	901
197	917
981	999
315	909
120	670
736	902
708	840
207	558
317	955
745	907
729	899
51	984
178	796
608	609
539	775
235	512
436	502
680	899
754	848
821	838
740	913
363	963
437	912
123	981
258	617
879	964
791	851
235	633
6	810
469	571
513	843
14	930
270	856
3	512
311	628
495	974
443	784
517	733
233	974
310	928
772	959
15	751
469	921
689	961
928	977
499	800
108	915
677	843
195	574
682	692
902	961
115	810
15	872
703	980
312	866
895	921
936	959
793	910
600	744
531	910
737	978
429	633
649	865
612	983
32	179
353	988
702	913
647	977
843	852
848	967
121	867
547	746
445	698
703	993
307	993
802	972
661	996
862	986
394	652
3	996
163	985
438	924
471	872
149	821
635	980
101	780
450	934
973	975
238	526
389	695
494	711
471	993
806	983
23	308
759	871
454	531
882	941
385	660
63	646
734	814
835	866
799	943
904	996
114	840
100	942
637	881
898	922
86	778
875	938
75	885
33	888
671	879
896	997
472	935
183	832
172	902
366	953
727	932
630	999
303	604
36	260
789	992
863	941
63	888
720	892
164	674
632	779
733	831
19	27
530	768
447	999
722	938
856	938
452	848
639	940
578	664
393	884
423	497
180	776
653	959
768	946
331	908
528	964
5	923
335	569
388	432
720	905
444	970
626	718
805	949
634	838
446	787
702	713
418	954
143	749
532	561
858	960
75	322
356	749
505	549
235	688
823	895
735	782
427	629
721	847
812	965
127	633
85	636
38	790
888	960
654	793
544	921
645	973
524	683
166	975
326	964
124	978
485	957
707	804
476	908
536	922
453	924
313	621
189	814
786	804
717	970
629	857
16	105
386	870
251	911
287	339
306	352
27	937
751	968
594	984
630	678
929	974
693	734
610	965
6	999
427	992
397	857
880	974
462	986
314	822
319	937
487	750
63	688
598	995
381	768
463	807
100	755
119	768
513	924
792	982
718	804
663	868
910	974
115	999
373	769
390	938
188	989
150	468
246	930
191	994
843	920
554	817
325	994
619	946
801	923
264	718
966	990
363	697
387	825
855	930
582	1000
348	833
246	822
631	633
595	710
774	941
512	941
892	933
951	988
482	954
26	674
843	933
820	949
658	887
74	836
468	992
354	890
822	995
896	944
794	933
780	998
527	552
40	959
563	1000
618	936
359	941
708	829
993	998
308	895
789	939
627	877
935	993
852	995
764	882
170	372
423	552
884	947
259	895
842	950
735	824
262	900
644	965
382	965
523	675
239	916
462	665
921	950
442	952
511	557
872	950
674	965
789	952
830	953
305	839
453	737
138	847
647	953
666	966
77	571
622	896
281	337
419	981
895	910
96	742
335	987
66	799
195	684
434	966
916	969
621	792
492	678
101	756
703	861
386	925
513	966
821	853
413	799
503	692
451	502
148	464
781	902
276	686
804	805
642	743
663	802
286	815
478	985
772	974
323	882
510	974
684	861
615	990
40	759
155	746
890	966
320	813
628	929
58	813
240	295
503	934
126	947
396	579
327	708
542	633
294	302
901	980
579	929
18	892
496	931
697	921
114	600
265	998
177	885
3	998
779	990
894	977
811	942
957	996
561	767
743	744
376	987
246	877
667	870
686	883
429	998
588	991
371	993
405	762
372	585
919	983
776	934
794	988
618	991
199	778
975	999
340	488
193	209
99	547
720	894
847	935
747	997
530	999
315	845
898	937
856	940
601	650
413	599
625	778
726	830
734	950
766	902
342	840
309	663
331	910
826	889
196	722
845	902
624	903
643	953
863	956
990	997
948	1000
736	851
513	550
793	833
31	281
605	782
849	913
2	977
76	697
689	897
97	985
587	849
193	464
196	964
779	790
569	980
828	911
520	566
291	743
728	744
907	975
478	798
249	975
538	849
693	723
598	634
207	749
224	918
124	980
485	959
96	918
300	913
167	798
723	787
117	977
304	803
390	577
702	849
559	800
311	927
378	459
228	929
479	511
102	295
112	983
294	465
318	859
170	695
827	965
579	863
804	981
716	868
790	817
820	925
32	357
288	808
381	999
582	989
978	989
119	999
150	349
31	886
139	419
834	981
586	879
116	701
195	994
806	919
415	997
556	744
547	924
607	938
822	863
868	979
371	698
68	660
692	753
480	870
29	180
516	527
862	935
70	706
130	757
704	992
336	596
415	889
198	891
60	661
896	933
706	809
236	594
771	938
375	938
554	940
755	930
177	953
39	494
6	317
878	1000
303	540
266	887
527	662
549	946
843	935
262	889
504	651
385	959
896	946
899	951
838	941
461	954
185	561
787	895
212	664
914	936
625	833
993	1000
592	656
335	734
789	941
522	826
30	623
411	500
629	659
578	842
775	898
346	492
631	890
870	906
923	998
754	960
592	898
624	850
156	223
465	978
353	508
900	906
270	739
41	916
85	693
41	98
106	981
211	280
955	963
380	732
485	785
779	966
853	915
932	979
333	916
673	984
277	984
48	932
225	565
656	788
205	852
339	815
867	971
158	511
388	973
66	922
797	912
883	915
131	822
962	979
920	982
598	931
491	576
172	530
957	985
635	971
258	984
748	848
670	928
615	992
463	864
931	969
158	524
278	818
157	528
602	915
43	951
294	533
662	700
786	995
151	484
216	879
563	694
661	1000
232	823
172	543
194	302
457	941
658	931
878	934
5	551
354	705
82	1000
54	938
147	900
131	367
678	765
153	651
829	934
58	828
89	895
741	821
892	990
924	942
574	829
197	842
472	818
458	883
112	246
328	544
961	982
69	549
690	896
743	988
514	936
409	590
452	960
532	660
129	721
297	534
706	998
200	372
497	595
53	847
939	940
125	952
639	944
397	593
817	950
591	607
613	891
30	570
819	996
62	788
189	563
356	740
128	324
798	829
27	686
486	971
107	386
448	450
847	950
800	838
221	902
942	958
303	971
31	512
160	922
481	977
263	791
786	795
953	972
612	679
543	845
656	722
867	905
457	512
723	897
425	974
695	798
208	976
901	903
596	792
804	970
740	985
319	928
489	851
575	854
14	63
693	846
758	975
918	964
307	810
274	633
716	749
702	851
908	919
853	983
218	472
672	679
603	808
448	934
429	692
570	631
272	974
79	808
51	480
684	918
579	636
744	932
197	305
964	972
765	991
396	865
682	993
387	816
423	998
598	999
769	854
144	536
572	983
135	945
952	975
415	999
809	926
542	811
220	531
65	657
230	990
753	994
725	932
799	881
871	986
291	411
12	996
394	832
829	989
903	938
77	896
218	606
567	760
690	830
384	760
571	586
509	647
454	711
385	840
882	892
21	829
912	1000
530	706
810	989
576	822
213	770
194	491
551	994
201	881
472	886
216	371
942	1000
854	887
933	951
740	785
219	790
747	946
384	894
444	908
276	543
405	953
133	494
620	841
157	851
372	776
845	959
583	959
407	962
796	959
923	1000
537	964
932	968
830	957
38	728
635	718
948	949
906	952
758	788
381	801
601	841
886	973
779	847
206	985
44	923
291	800
700	968
180	969
515	922
694	924
955	965
182	978
779	968
99	980
405	498
635	960
869	898
422	852
367	916
848	960
265	639
908	974
311	755
471	744
723	965
739	909
758	922
436	871
59	921
760	968
292	634
727	791
278	699
37	344
677	970
272	921
683	869
366	933
586	936
547	981
662	931
607	995
748	971
390	997
142	932
780	923
546	756
904	989
158	876
213	583
655	928
20	417
961	971
820	995
713	869
658	933
396	933
64	194
363	756
93	666
215	363
693	927
679	992
412	648
155	992
931	984
43	256
378	1000
130	935
378	771
639	812
336	774
644	890
234	992
487	943
602	930
984	995
646	936
99	309
752	874
857	890
801	995
658	946
878	949
275	885
676	1000
280	1000
132	836
617	770
31	151
160	790
816	835
764	941
824	955
837	894
689	767
460	944
942	947
462	724
756	942
849	904
613	893
558	957
666	904
784	896
729	960
803	909
930	950
442	903
648	971
721	961
532	796
36	629
160	924
173	863
162	216
98	689
46	270
736	976
648	863
668	963
401	848
561	571
695	800
800	853
607	687
645	979
846	969
612	802
59	855
578	925
600	684
839	966
883	972
533	859
681	794
202	759
978	980
577	636
769	843
429	923
971	977
690	698
371	689
216	815
351	451
516	518
499	874
366	988
3	936
820	929
402	941
503	993
864	972
73	887
697	980
669	881
834	985
102	541
167	936
468	864
850	929
354	762
734	983
486	652
530	695
664	924
769	977
342	644
567	991
223	952
861	943
534	585
262	880
570	996
238	937
796	935
729	881
440	778
734	996
21	831
766	948
26	909
810	991
884	940
562	889
903	953
185	902
947	996
174	255
212	547
303	894
762	950
30	735
856	999
187	840
247	891
844	881
162	258
497	773
142	545
656	766
881	884
316	846
751	774
439	953
525	956
179	319
376	604
215	915
407	856
682	795
184	555
786	852
925	967
886	975
8	972
682	916
117	915
282	982
717	910
832	860
81	403
793	905
894	957
476	969
572	906
765	806
806	844
770	921
828	862
258	975
712	916
612	978
249	926
813	968
684	854
427	932
807	924
378	518
825	978
811	814
679	860
334	862
755	855
300	985
382	529
330	339
459	978
607	876
813	981
596	983
806	978
589	980
373	830
968	976
739	924
725	989
250	467
581	981
428	473
130	816
254	357
787	820
792	935
93	897
753	943
835	982
463	881
428	594
956	979
405	876
312	648
861	890
873	981
165	894
674	1000
882	949
701	874
475	827
731	753
409	473
815	895
276	358
611	836
812	826
963	995
335	672
789	879
548	901
548	672
413	484
14	738
946	947
757	782
528	959
657	844
743	884
316	551
291	723
599	839
318	597
645	726
312	782
441	667
160	913
421	954
715	906
756	944
140	446
599	960
761	793
833	898
731	887
276	721
133	672
515	737
749	904
413	726
611	970
779	783
355	721
520	559
244	624
758	845
598	627
721	963
224	682
518	900
702	721
232	506
816	971
272	844
411	922
717	965
758	966
496	737
749	917
895	971
568	613
867	909
908	910
374	976
781	842
103	927
192	218
904	912
491	514
441	922
554	799
941	979
880	969
663	971
271	861
450	863
436	928
785	853
582	753
17	981
163	806
341	812
112	989
910	969
146	573
753	985
868	972
31	1000
359	573
603	933
140	943
704	985
753	877
766	816
978	995
857	934
801	810
572	987
773	977
410	888
652	687
354	764
574	767
481	539
431	947
519	831
954	988
766	937
2	541
389	987
408	1000
609	990
246	938
447	928
328	711
875	880
331	716
498	893
840	859
704	998
864	987
418	641
454	823
301	995
70	833
787	888
270	598
308	890
817	996
490	601
200	539
201	885
844	991
32	847
385	965
233	837
517	596
123	965
131	560
516	896
199	960
548	848
207	555
188	313
231	912
509	893
724	781
13	955
9	18
351	950
791	956
139	801
91	730
432	794
330	783
113	785
677	827
388	724
536	622
217	842
198	563
258	614
469	797
895	905
377	979
416	907
529	969
136	220
609	669
707	975
779	851
407	979
9	152
145	979
962	972
103	982
82	630
684	735
49	224
821	969
86	520
213	561
793	907
572	679
811	924
663	797
635	964
360	759
308	340
445	803
188	918
439	500
105	920
270	987
283	926
765	929
704	919
575	805
186	993
98	880
304	985
87	987
725	978
324	405
90	238
843	970
122	190
586	819
878	927
811	937
575	926
616	927
148	593
299	991
459	980
748	854
794	970
637	986
370	642
158	988
628	937
567	927
273	480
364	827
691	993
162	878
652	742
41	588
387	996
561	883
662	935
748	975
808	989
987	991
835	863
301	929
683	994
815	884
708	758
718	988
759	989
229	531
44	485
95	945
171	940
405	878
138	763
565	830
644	894
891	1000
5	907
242	591
844	925
701	876
291	712
926	994
530	994
664	994
824	946
823	987
565	722
416	599
495	892
525	771
750	889
483	545
166	609
372	943
854	946
914	997
410	969
872	1000
729	951
84	661
392	777
222	625
722	948
293	505
298	849
50	784
513	545
587	723
237	610
89	446
292	317
550	841
131	628
833	900
934	952
414	953
543	838
202	508
854	959
325	615
209	669
770	965
825	901
365	916
700	906
478	793
59	846
466	675
760	893
779	906
839	957
457	626
481	983
797	960
704	732
654	911
420	744
266	277
670	855
255	613
334	906
191	857
661	806
707	922
806	901
888	970
338	503
95	516
403	632
427	989
441	924
727	729
283	981
452	524
841	979
582	984
114	650
834	976
908	925
589	916
382	815
65	879
406	943
799	874
389	976
306	712
562	638
653	756
424	933
966	987
33	819
808	815
563	984
475	871
783	987
139	656
378	938
171	645
465	826
358	471
179	994
690	944
41	535
523	538
803	821
321	589
808	936
954	990
178	540
665	887
618	812
604	877
301	876
433	766
378	830
768	985
565	656
165	951
528	774
385	954
574	890
352	777
780	995
866	998
981	985
79	130
304	477
736	888
851	875
768	877
933	944
248	841
234	943
537	715
798	985
743	820
352	898
641	772
49	897
472	1000
29	659
884	944
488	944
823	934
928	950
50	718
363	949
710	764
305	715
981	998
442	949
923	993
689	826
620	955
157	965
825	835
622	772
589	595
28	33
814	942
194	968
312	960
432	796
344	912
449	965
886	966
619	622
605	724
264	394
219	917
392	845
497	898
323	974
698	888
20	973
876	894
245	273
71	911
503	568
709	902
277	979
621	789
44	219
651	668
207	920
818	845
719	802
70	393
11	981
286	920
580	909
392	858
15	871
87	976
904	969
362	686
403	458
475	563
586	808
168	820
295	861
597	674
387	864
695	980
552	931
712	920
519	754
568	912
790	988
172	646
650	685
213	455
619	877
575	807
346	984
767	977
555	569
173	238
54	812
744	993
7	471
493	859
961	964
658	926
382	762
795	931
877	970
660	972
794	972
334	987
931	977
475	697
320	823
590	647
268	367
655	813
686	880
47	893
602	923
984	988
65	947
555	811
439	636
40	890
752	867
521	934
419	886
620	647
143	722
878	942
919	980
456	953
743	983
338	934
114	960
810	929
409	585
956	983
975	996
787	945
129	945
652	757
127	606
206	899
863	940
585	703
879	884
521	947
455	593
367	709
317	888
743	996
159	945
775	948
902	989
819	991
511	838
323	558
273	966
376	421
226	891
391	958
432	959
380	540
526	594
583	899
177	211
25	837
457	494
522	889
715	789
16	788
659	894
511	730
282	907
805	948
824	961
460	950
721	954
941	957
127	969
295	553
503	731
756	948
379	961
816	962
19	160
851	956
744	793
675	959
97	982
78	740
339	744
55	985
39	223
503	623
566	908
220	271
122	931
45	913
771	788
163	905
8	802
691	795
195	857
135	577
148	287
120	979
59	969
45	805
746	852
765	865
608	918
126	878
286	867
322	561
556	728
387	919
349	398
189	934
841	860
560	847
725	914
463	914
804	978
568	967
158	574
22	942
237	867
168	996
283	983
966	976
93	593
896	917
651	857
16	346
320	986
876	975
12	641
829	863
875	979
161	175
350	865
314	942
792	981
811	994
690	933
109	924
665	876
128	937
191	993
567	984
345	642
713	809
924	992
583	699
165	711
679	932
141	997
750	812
741	992
856	979
870	877
470	943
368	932
220	768
729	874
789	925
472	989
241	827
824	882
903	946
89	958
815	833
842	936
988	990
416	535
467	766
678	949
650	887
763	764
653	892
372	650
859	997
900	998
597	997
412	951
236	725
161	551
111	959
400	833
708	949
909	939
675	772
325	659
55	798
416	777
784	944
321	954
710	766
541	957
448	729
687	782
54	546
288	484
840	997
143	803
237	667
710	887
57	736
695	727
464	831
290	678
496	783
205	836
331	975
628	673
696	844
164	983
654	847
814	836
714	898
505	724
106	978
904	958
152	865
769	770
559	960
707	858
894	950
438	670
245	275
916	968
167	850
520	968
129	329
387	624
786	858
450	909
376	731
408	912
716	799
110	989
691	971
682	922
65	694
533	799
700	976
426	673
615	868
771	856
686	748
402	989
264	759
262	457
382	522
406	879
101	997
785	912
334	976
931	966
122	302
774	982
880	920
322	858
336	527
841	928
706	969
431	764
799	931
945	985
320	933
875	926
75	873
383	989
565	700
644	993
437	700
421	692
607	882
899	990
213	928
230	343
713	985
245	651
157	767
933	988
613	754
169	777
463	995
370	767
199	885
111	772
842	991
358	649
137	946
219	490
475	941
650	942
755	995
422	526
606	872
754	770
666	886
578	773
738	762
99	775
393	993
775	829
219	611
764	936
805	937
636	899
37	836
152	557
289	791
638	945
784	999
555	947
443	477
434	657
200	490
814	878
370	901
356	966
731	880
464	765
777	996
937	948
391	960
58	491
946	953
710	942
228	673
990	996
176	254
365	907
599	845
406	679
846	951
735	891
293	509
41	968
311	563
130	488
209	781
462	961
195	617
379	963
594	622
714	953
681	776
