582	733
490	915
94	915
603	792
723	894
322	550
406	921
392	794
786	913
230	732
698	837
390	684
124	979
77	867
200	974
649	800
594	864
506	751
473	574
496	972
656	961
730	910
790	924
119	756
531	966
198	985
795	975
762	798
266	631
524	926
3	931
378	579
686	695
369	988
302	998
880	975
267	977
676	916
781	969
560	741
486	526
305	451
655	978
419	701
498	994
713	919
460	510
952	972
102	536
745	871
271	988
558	752
670	993
425	637
461	590
526	985
586	999
553	822
625	927
465	709
267	990
146	700
63	931
343	985
384	986
458	935
439	693
315	886
530	811
497	634
437	768
776	988
509	873
775	992
849	941
824	884
925	936
667	937
130	998
768	989
23	835
861	951
699	889
418	647
817	881
762	945
44	894
921	938
62	948
544	951
805	992
838	940
37	891
6	558
680	997
620	717
754	946
900	1000
932	952
192	950
150	953
673	728
444	905
791	949
865	935
483	604
529	949
925	949
45	378
12	430
666	954
839	882
603	605
682	898
313	314
10	505
777	943
754	959
482	500
696	954
809	831
833	959
115	679
596	723
307	620
386	913
513	954
105	900
716	788
802	828
320	559
301	317
807	906
75	728
402	857
542	608
98	860
525	964
560	662
235	865
610	779
771	845
402	978
704	791
112	916
57	980
728	919
607	858
767	847
651	901
307	862
31	698
628	688
908	971
545	919
470	745
286	924
322	618
43	937
65	696
423	929
593	852
142	916
623	694
774	863
350	801
214	940
556	906
878	920
181	763
919	958
593	973
376	975
54	924
259	804
861	872
892	976
157	527
644	874
611	697
229	403
558	578
442	632
56	596
551	804
143	484
561	997
550	579
835	977
458	761
375	992
337	471
991	995
650	702
870	934
221	525
377	772
850	992
113	470
193	318
148	841
657	947
154	592
51	908
104	1000
137	948
660	989
200	479
912	944
612	652
562	831
689	872
345	833
652	990
528	954
550	713
321	890
847	936
272	705
733	834
342	949
515	611
17	600
143	739
440	962
555	949
777	998
436	439
568	595
633	724
85	855
503	614
668	947
346	896
626	950
51	224
596	778
670	727
804	956
77	627
572	835
162	442
112	850
594	853
552	856
390	794
579	730
496	961
133	909
367	847
265	799
232	622
770	971
176	498
288	675
380	907
691	799
797	966
883	969
404	971
478	920
662	741
211	576
758	974
293	874
438	969
89	586
195	982
355	971
952	961
198	987
401	858
454	684
868	967
290	990
104	342
744	931
752	792
394	818
503	990
759	916
704	980
896	921
882	986
555	628
174	936
563	748
177	941
292	928
493	918
741	754
340	410
873	910
484	869
451	692
910	977
228	354
494	998
347	985
414	746
433	759
801	926
787	991
424	939
840	854
704	993
905	983
201	867
660	923
315	888
604	762
958	994
328	827
870	881
875	996
231	894
396	998
234	936
412	942
627	867
329	944
590	948
249	655
851	989
340	773
83	888
611	778
66	426
720	950
217	595
511	776
805	994
273	904
923	986
166	778
587	771
391	896
513	593
798	991
217	945
632	958
497	770
505	594
548	964
909	943
969	994
83	901
110	738
215	791
435	794
85	910
118	858
374	784
324	963
709	774
179	545
602	648
271	548
818	946
629	781
837	959
964	1000
243	974
895	900
251	606
430	837
779	954
99	966
145	853
346	843
112	676
874	962
464	835
749	967
389	661
193	749
224	853
427	687
702	892
17	789
135	515
65	456
216	854
904	962
114	577
771	847
399	975
619	978
672	841
404	797
82	746
688	970
245	400
295	746
663	913
792	798
33	746
52	759
883	916
189	993
285	701
546	742
651	795
692	796
711	809
81	642
898	901
535	849
134	505
499	926
232	811
655	914
774	865
584	970
88	803
938	973
695	986
734	914
780	801
425	573
554	983
628	932
810	909
378	986
567	922
727	911
639	798
630	978
690	992
602	916
643	917
321	637
285	714
613	745
202	945
40	883
255	808
549	989
61	942
121	993
743	976
165	999
220	706
385	773
527	597
375	994
972	984
213	932
433	935
144	832
567	935
166	591
850	994
132	943
164	895
847	925
659	874
764	927
227	951
782	944
634	817
312	766
303	717
456	959
757	887
294	897
168	492
622	699
921	995
497	933
571	882
576	997
648	836
721	826
812	944
96	774
844	933
121	538
369	374
467	946
200	602
539	822
107	145
673	785
310	733
626	710
717	828
469	726
450	484
620	895
721	947
740	960
380	654
531	823
443	710
102	151
409	833
557	731
689	887
634	951
95	148
633	955
77	737
589	885
140	793
481	857
145	908
800	839
10	683
222	862
519	560
598	853
224	908
298	857
344	973
707	796
302	976
66	736
682	968
360	917
874	909
82	451
725	786
670	850
744	799
937	965
702	839
793	957
603	796
401	847
313	734
249	978
290	979
560	840
799	856
563	616
587	973
58	858
286	981
468	729
24	981
179	626
234	562
621	971
766	800
174	925
279	978
535	904
153	573
727	845
322	796
179	976
74	465
178	522
255	742
637	807
664	910
77	884
727	966
162	928
570	753
864	971
822	974
495	579
417	925
899	928
595	931
245	818
873	912
195	997
644	823
234	925
206	826
354	761
692	985
549	936
678	821
810	977
361	885
306	949
364	890
551	982
451	815
539	635
172	841
199	944
796	934
856	985
9	820
262	1000
840	977
243	721
914	926
597	990
46	887
476	700
495	942
283	534
495	713
66	536
374	652
305	818
558	998
687	883
613	705
370	947
678	834
282	834
483	595
111	952
23	839
647	703
206	960
237	310
104	949
481	670
847	993
599	891
392	827
610	757
757	955
705	765
256	673
335	966
872	942
696	945
393	944
696	716
976	999
131	907
76	971
731	939
805	888
684	827
386	904
911	991
102	327
797	889
525	955
557	907
194	855
371	488
240	971
18	858
17	899
196	901
834	892
237	673
335	979
591	905
424	499
649	846
828	848
874	964
175	963
791	966
887	903
389	663
265	856
394	512
490	974
570	674
459	843
114	579
394	862
172	520
383	969
691	856
639	666
732	857
855	964
445	800
147	877
403	803
274	689
950	972
31	931
688	972
311	985
163	858
806	964
341	864
415	813
850	970
253	751
506	931
304	982
519	870
544	634
686	983
245	752
603	985
410	819
575	923
588	862
269	816
651	918
521	808
400	518
264	886
933	981
570	929
336	762
759	865
845	868
19	826
748	972
435	475
390	998
379	580
764	916
315	824
287	991
190	829
620	642
212	588
657	938
354	937
486	827
678	997
750	873
975	991
567	937
381	481
845	881
611	714
201	816
528	945
674	999
863	935
333	706
808	999
217	760
866	940
425	709
617	879
259	942
364	958
55	617
13	886
641	943
756	930
302	494
112	599
599	946
120	948
736	951
395	658
212	951
18	442
608	658
714	825
566	661
142	599
390	435
515	844
881	938
504	951
55	859
941	952
476	889
47	217
272	830
98	677
120	961
455	951
496	723
441	787
494	613
554	664
619	793
765	847
751	949
122	926
381	857
804	960
269	387
501	959
554	785
774	788
811	855
319	918
561	680
640	973
593	898
598	976
774	909
3	803
295	911
78	159
186	924
869	954
73	983
436	806
477	807
904	911
807	978
144	634
685	729
38	918
877	899
90	519
651	852
771	917
438	973
686	809
190	642
396	976
382	812
910	968
500	804
665	871
366	989
540	876
741	866
787	982
639	855
817	861
646	979
362	991
155	927
764	971
838	920
375	930
576	920
130	870
556	978
817	982
657	764
866	874
291	643
664	925
53	1000
810	979
576	812
947	984
465	944
303	882
745	998
187	707
321	936
393	812
286	420
525	702
741	1000
279	417
339	431
191	304
504	764
812	880
454	943
715	947
613	936
164	844
71	653
632	949
525	823
76	731
842	944
551	997
224	602
740	896
726	998
826	936
347	413
149	428
656	875
496	657
587	775
432	901
812	893
256	675
476	944
728	899
571	952
87	839
290	444
152	968
441	842
446	957
69	970
325	667
443	888
837	963
152	860
793	893
8	852
658	668
387	848
464	839
744	856
193	982
370	386
22	871
457	799
264	633
723	955
38	852
542	614
354	563
552	807
389	786
802	955
306	751
168	817
56	347
387	861
618	730
667	851
262	802
410	700
662	921
643	679
555	795
748	961
114	823
370	749
815	870
144	702
223	995
801	972
713	859
878	926
662	813
329	869
618	743
230	338
741	813
732	993
905	921
177	182
641	811
968	977
780	926
678	878
865	970
483	639
796	870
340	590
694	822
352	829
701	754
921	986
687	819
458	996
95	944
692	934
544	770
678	999
10	311
768	929
413	701
303	829
113	934
844	924
833	994
284	937
798	929
393	880
195	370
902	986
654	884
282	783
593	645
805	824
78	953
129	955
25	834
949	953
30	912
626	943
397	827
517	892
589	768
314	563
38	894
943	1000
497	950
175	899
288	776
937	956
515	967
279	956
31	625
378	440
737	787
929	957
332	738
681	892
767	895
106	920
367	961
427	746
721	964
862	903
663	959
520	910
855	900
514	607
758	967
18	928
307	802
889	898
727	836
853	975
66	861
79	800
368	674
910	957
753	973
450	972
887	973
257	806
191	977
380	913
366	978
600	916
410	755
759	909
630	795
704	744
588	798
813	916
381	993
766	804
320	983
889	911
438	975
727	849
873	903
460	505
690	930
313	980
674	922
431	935
651	975
475	978
609	978
810	968
669	992
595	814
204	929
877	914
646	981
218	948
96	699
844	858
211	945
90	884
613	925
219	540
2	771
544	825
824	879
810	981
428	650
293	425
308	999
905	989
638	874
541	712
720	943
439	930
736	887
881	982
738	933
96	712
932	947
641	1000
379	1000
319	720
9	945
127	900
839	877
858	890
223	379
608	715
455	887
400	951
109	250
205	712
559	944
366	549
13	956
30	859
33	605
556	646
809	826
492	661
918	998
610	653
804	896
890	936
802	823
848	939
886	965
705	890
163	607
378	495
737	842
723	944
219	916
869	998
84	957
24	677
841	899
786	963
612	847
802	944
256	919
108	792
913	960
536	973
140	744
258	965
552	917
13	380
868	894
848	952
75	736
308	678
225	680
404	911
216	860
744	979
904	968
619	984
493	616
98	989
8	278
767	855
178	460
293	935
193	997
609	912
650	684
292	976
889	966
801	853
405	853
873	958
584	855
93	995
882	926
646	915
68	938
632	751
95	812
945	982
260	879
241	637
856	910
317	861
410	823
836	931
753	933
439	743
810	915
20	759
452	941
975	982
842	867
685	920
46	933
968	979
720	877
665	941
750	985
562	934
460	923
845	993
113	815
490	536
63	994
622	692
412	882
577	949
893	926
626	811
700	760
731	864
548	891
601	754
735	983
854	934
14	957
397	466
729	939
696	762
333	710
467	939
538	590
101	323
638	942
130	472
89	205
369	488
851	942
422	765
821	999
413	716
614	706
291	955
208	957
175	780
802	878
369	730
663	719
186	794
654	899
781	940
934	953
290	851
1	748
524	789
188	840
515	969
675	958
102	278
869	945
450	961
276	845
114	746
40	568
556	606
520	912
24	974
184	963
456	631
165	684
445	738
381	982
568	845
876	961
356	400
295	915
64	228
709	969
808	911
579	859
250	620
725	913
31	990
191	979
628	980
683	916
479	857
331	464
704	975
470	808
690	811
762	916
225	977
385	929
660	905
519	929
940	959
486	523
100	982
838	911
771	921
277	349
227	757
53	641
686	813
457	990
135	939
644	816
179	982
198	995
951	973
373	996
338	746
357	759
296	749
310	418
623	878
669	994
171	983
248	937
704	988
657	876
643	978
233	814
665	996
384	983
269	767
692	870
461	937
37	646
740	766
831	921
5	842
476	693
412	937
39	840
529	704
578	825
393	816
761	946
384	996
733	884
34	883
837	941
455	647
97	902
900	997
316	717
830	938
85	784
723	812
346	825
846	882
221	830
890	925
909	938
284	886
430	940
578	838
187	953
784	943
365	959
814	822
585	999
277	846
626	1000
120	899
502	964
964	995
881	997
499	666
55	918
793	884
600	718
839	1000
673	967
786	844
546	603
45	617
568	658
994	995
242	902
691	957
364	562
952	998
589	946
43	921
901	952
612	849
560	659
183	672
790	855
3	741
853	911
57	977
258	967
406	865
533	906
874	970
615	975
573	978
239	809
406	986
695	860
748	952
841	914
202	927
315	804
477	637
650	794
769	782
875	912
185	465
630	852
528	804
238	742
539	670
563	798
549	863
98	173
231	473
52	996
759	858
643	683
32	758
173	468
701	853
477	879
585	678
783	922
857	871
856	912
171	809
653	812
768	799
27	535
238	984
357	935
250	809
296	925
912	928
516	699
72	951
763	805
240	535
231	944
745	936
872	977
99	532
282	882
824	936
70	999
142	350
680	928
587	700
606	750
740	942
564	753
435	831
657	944
784	985
94	538
963	987
352	833
508	821
720	1000
613	874
76	898
747	874
659	990
659	761
189	546
538	700
650	941
73	371
914	987
647	872
485	810
380	528
591	711
173	723
700	883
717	823
180	884
629	939
823	990
64	672
508	834
556	582
131	847
117	949
506	724
714	939
700	775
772	880
13	74
832	894
911	931
677	764
897	996
448	904
930	944
409	949
22	917
517	896
855	891
233	319
656	947
269	272
287	555
154	965
591	966
594	971
492	960
929	961
137	732
304	909
560	606
431	684
469	976
362	850
408	737
191	968
663	963
126	758
184	965
598	982
799	972
496	971
43	171
810	838
889	902
875	967
649	920
198	984
79	804
822	848
244	871
577	751
191	981
232	982
567	972
727	961
116	807
537	800
602	966
225	979
459	917
495	574
882	983
426	740
775	857
764	964
623	988
604	746
409	507
787	867
399	462
588	923
753	990
458	813
53	764
736	757
777	795
565	646
206	942
558	872
260	949
824	991
722	980
479	993
694	881
437	996
270	590
784	811
555	988
467	875
508	647
169	952
714	752
34	993
750	934
111	947
248	952
330	762
863	996
668	986
80	321
608	706
805	991
510	814
763	994
923	983
331	842
666	832
793	873
275	947
624	835
424	481
756	991
448	838
742	827
525	829
786	833
631	996
194	958
483	832
441	835
504	891
886	956
696	832
164	971
920	954
276	889
758	892
119	905
513	832
779	951
658	661
825	838
140	735
85	799
404	781
285	564
1	805
524	846
164	274
950	954
494	674
260	507
532	966
8	966
144	332
602	658
547	722
65	682
54	789
563	666
719	913
792	903
575	905
165	741
896	960
478	972
54	910
159	209
651	900
609	903
191	915
774	970
746	908
171	677
773	782
368	733
676	849
835	842
706	728
365	398
320	921
447	962
34	564
512	862
102	698
181	991
162	749
938	970
229	510
695	983
835	963
868	911
637	978
389	913
764	790
361	814
956	960
39	534
630	975
564	621
335	532
118	763
285	940
371	980
560	916
374	460
968	970
549	986
318	336
125	924
801	978
653	814
601	624
377	879
440	935
443	452
747	863
155	988
337	699
375	991
254	930
207	360
565	822
14	948
826	863
75	177
118	776
632	997
866	935
907	936
370	997
585	922
764	924
345	940
611	830
300	645
654	877
879	995
106	779
446	884
427	605
237	710
490	661
649	654
654	769
617	887
156	263
274	484
212	838
705	936
256	615
784	1000
985	990
503	721
319	900
92	894
615	898
35	323
691	893
223	559
244	847
450	952
703	903
422	890
182	908
292	551
462	962
420	965
387	788
59	959
334	898
716	963
876	952
600	788
892	896
589	895
487	847
524	914
389	955
246	906
788	960
180	552
686	912
801	899
584	901
126	989
883	968
93	812
129	506
225	968
753	858
49	742
11	221
90	514
436	922
665	745
766	797
959	963
499	978
177	927
875	969
364	753
231	638
385	812
868	966
491	979
665	866
623	869
664	907
884	910
115	170
755	796
88	976
570	979
107	989
201	624
225	981
8	229
519	933
646	974
214	297
26	1000
678	926
783	979
320	989
958	980
414	853
653	869
854	859
88	868
7	879
34	753
213	984
232	997
810	974
567	987
446	926
754	813
845	931
437	877
583	931
523	651
261	880
247	982
949	988
429	464
508	757
866	990
659	926
81	949
442	928
879	929
837	932
83	995
735	921
14	895
495	939
775	993
935	982
700	819
423	770
629	875
548	950
666	942
251	700
946	996
714	875
442	941
92	828
689	818
582	655
339	668
196	885
592	885
201	1000
416	659
388	826
33	598
453	955
401	765
809	819
635	703
800	999
134	946
730	940
155	480
587	891
31	673
779	832
825	948
737	835
797	886
365	963
216	840
64	971
702	999
862	951
350	547
57	968
277	971
473	617
552	910
366	905
378	730
603	848
262	555
126	923
470	733
864	889
602	889
82	853
679	843
142	904
288	958
725	959
664	720
516	556
769	773
182	976
875	903
625	728
878	908
93	867
533	910
519	746
887	913
486	569
188	912
769	894
56	692
387	977
547	966
10	990
767	969
255	794
21	627
945	975
623	924
394	872
306	988
903	978
493	851
759	970
74	867
564	731
627	787
835	965
472	913
197	708
370	865
292	982
543	564
956	962
92	399
377	531
27	647
803	868
305	628
618	859
714	796
562	927
782	930
6	480
644	996
165	998
316	642
233	873
715	876
357	939
35	888
747	865
599	701
645	817
750	870
180	983
268	830
323	537
870	935
446	873
391	937
298	709
740	825
812	930
349	940
289	660
523	827
710	919
738	752
149	357
849	997
489	691
219	601
62	883
700	874
103	655
805	927
925	992
763	930
909	984
928	997
606	983
102	955
110	779
325	704
666	768
622	927
742	992
902	981
136	953
340	948
307	771
312	886
735	989
532	889
71	945
11	665
47	322
687	948
84	884
208	950
645	951
772	992
992	995
166	953
22	679
839	938
443	938
682	954
115	843
299	435
59	719
716	952
802	992
876	941
408	607
614	712
869	938
781	825
767	890
255	486
124	969
394	564
116	556
429	787
308	726
184	956
82	908
156	628
577	621
255	607
917	955
292	903
655	726
283	854
295	908
33	908
778	796
597	721
709	962
308	618
650	732
586	976
171	734
283	975
606	662
924	971
597	613
137	857
899	914
150	796
362	975
582	978
260	927
792	973
41	516
657	748
533	978
627	842
541	573
348	932
375	806
884	912
366	986
433	747
801	914
584	916
840	842
542	919
877	909
530	801
939	969
958	982
125	981
636	931
669	879
648	756
616	989
5	835
624	813
863	866
159	750
472	981
787	992
583	933
710	974
743	922
844	974
481	885
467	758
384	989
544	941
241	940
442	930
824	995
772	805
543	753
837	934
419	946
152	831
735	923
699	1000
537	938
578	939
614	633
858	993
393	930
252	954
833	936
296	997
208	884
254	1000
279	764
50	712
210	664
559	818
564	933
297	818
397	527
517	821
858	885
374	772
608	710
742	939
511	777
805	995
409	995
543	995
615	834
532	836
578	952
300	944
38	944
976	998
401	767
131	906
511	898
786	837
612	721
802	818
821	831
927	998
517	834
828	955
662	663
189	739
739	883
121	726
998	999
258	960
855	950
552	912
151	568
390	850
868	889
739	775
688	958
140	860
360	863
799	910
384	668
265	976
158	850
474	561
190	802
773	894
498	689
341	971
266	797
266	568
357	915
40	979
852	894
752	956
871	907
29	332
387	979
294	751
348	987
507	980
634	792
534	854
553	867
861	983
176	917
840	897
162	982
181	995
778	985
960	962
757	862
220	923
242	453
260	995
356	703
576	972
328	870
433	923
956	964
345	810
451	977
671	980
905	918
440	818
481	819
546	985
150	985
539	797
632	988
76	770
525	633
141	936
409	687
268	711
488	980
465	996
248	998
900	924
979	988
237	351
421	926
66	469
921	983
62	993
170	526
590	883
650	934
703	760
689	862
482	532
518	980
721	814
666	878
674	998
715	999
539	810
668	695
483	878
543	929
925	994
92	993
216	534
207	714
696	878
407	775
663	701
902	983
392	881
860	986
459	642
120	947
717	937
309	883
851	937
749	889
259	473
677	986
107	604
464	878
772	994
992	997
412	422
950	1000
587	948
325	719
397	824
792	828
682	956
420	956
19	612
192	540
656	940
554	892
719	959
47	566
262	491
616	723
24	848
547	889
566	902
329	666
604	605
265	910
287	669
807	964
223	913
672	776
132	502
538	961
59	963
554	905
719	972
311	918
405	782
42	730
691	910
584	784
138	209
671	672
743	777
514	954
588	903
808	906
389	959
246	910
600	913
414	494
149	977
236	572
752	903
551	849
47	821
456	989
762	803
192	916
51	940
808	919
169	932
852	962
764	849
301	859
576	798
248	932
509	744
416	516
71	747
183	988
257	937
627	736
866	981
139	652
166	755
840	965
124	758
592	863
432	645
657	992
435	650
137	993
756	971
357	996
181	245
291	642
530	924
208	873
271	404
823	917
331	943
132	999
247	986
608	699
566	702
645	995
502	946
777	922
235	602
92	819
331	835
372	873
721	990
476	930
622	984
775	997
453	946
365	833
387	592
846	877
763	879
513	933
854	997
969	984
825	939
888	995
561	600
781	869
800	882
65	433
240	959
422	936
923	989
21	363
443	995
402	728
264	498
770	895
797	998
194	964
505	597
67	600
707	960
300	838
401	890
695	842
693	769
711	786
683	724
894	944
776	888
795	901
679	955
45	854
301	780
765	914
74	737
387	968
748	947
780	899
725	963
582	914
843	955
667	729
383	970
419	627
28	742
165	976
638	671
335	404
553	977
551	904
933	969
644	866
387	981
528	920
495	514
665	925
169	987
544	635
141	925
246	978
336	871
69	756
248	987
344	466
95	930
893	910
796	977
562	810
636	759
551	917
303	815
41	815
261	818
756	797
360	531
590	993
287	992
464	625
139	828
97	831
386	705
740	937
363	987
817	928
75	291
902	972
21	994
678	998
590	885
317	992
432	942
316	767
286	595
230	700
309	993
698	805
879	880
6	955
455	818
826	990
270	772
779	878
209	762
691	765
682	945
756	931
511	834
640	719
758	940
109	531
937	942
697	701
876	932
661	778
955	996
380	765
153	308
215	957
811	951
406	902
693	703
739	819
510	996
992	999
491	717
367	947
306	671
397	826
724	955
97	268
883	948
313	832
681	999
915	937
376	888
362	724
119	966
427	853
774	897
526	832
479	491
792	951
811	964
744	910
804	961
45	909
427	974
265	912
526	953
443	955
880	956
561	910
330	489
184	960
574	849
780	954
80	987
487	853
387	915
274	974
609	964
172	926
755	789
259	851
149	979
565	628
46	972
817	849
225	974
261	631
242	389
643	733
660	902
385	697
252	582
431	813
866	970
208	741
461	921
623	754
540	985
570	864
19	990
5	826
729	857
935	962
954	975
558	975
577	988
351	682
669	991
452	993
92	687
529	688
861	932
680	857
947	972
41	870
206	937
541	927
168	187
701	916
30	711
16	813
599	639
571	806
557	642
562	986
636	935
648	760
56	885
529	580
440	996
784	806
252	945
668	860
2	770
304	583
455	752
548	943
689	690
694	997
928	935
647	922
638	873
949	994
66	647
277	830
309	819
791	822
419	950
633	879
619	715
25	996
830	935
709	874
915	979
230	876
65	314
483	827
469	892
909	935
854	999
633	771
710	991
228	951
765	890
839	876
654	830
695	831
239	322
1	679
703	951
238	363
904	941
675	889
821	943
325	776
719	895
295	604
33	604
286	784
217	950
411	964
15	964
524	841
207	905
427	908
688	949
42	545
448	967
396	777
167	954
346	956
660	823
827	1000
408	787
475	548
212	323
635	951
662	788
18	982
790	973
394	973
191	910
442	492
494	682
801	839
864	895
743	834
406	983
725	965
558	559
521	906
655	906
658	911
391	796
162	973
143	465
817	904
850	852
852	898
585	783
184	210
664	847
29	336
829	914
218	989
870	915
221	506
116	978
553	979
873	957
465	866
933	971
726	907
382	868
588	973
674	976
715	748
123	873
780	914
967	969
370	750
461	868
447	970
595	868
686	986
900	915
146	978
16	868
439	971
893	912
275	984
710	912
803	874
789	976
263	637
287	994
328	995
460	922
55	836
13	876
696	869
539	922
613	871
76	895
860	977
893	925
474	941
317	994
614	692
471	643
724	823
302	834
825	875
87	882
240	895
881	928
320	366
283	713
85	957
43	960
566	772
717	941
78	954
193	904
279	944
821	998
895	947
267	826
267	597
167	659
382	547
29	954
423	844
450	947
334	772
399	901
755	765
922	942
402	906
880	945
985	998
663	947
420	960
580	949
781	939
918	944
238	431
876	947
36	970
339	742
361	501
488	542
77	742
507	555
719	963
806	888
364	506
253	904
349	383
271	958
574	730
720	784
632	671
744	912
236	442
222	278
265	914
347	953
755	778
149	968
438	842
759	897
470	794
924	964
368	783
795	850
151	748
329	791
769	834
815	913
116	912
135	925
658	966
281	750
468	842
776	958
674	681
389	963
590	687
631	725
669	980
149	981
307	335
460	614
947	961
157	576
542	912
729	738
338	853
525	679
810	848
502	695
139	643
359	912
419	697
754	916
64	240
358	458
449	805
514	971
555	972
324	810
103	582
805	854
185	880
226	918
9	920
46	987
349	759
622	625
200	636
150	815
580	628
860	911
805	975
958	988
326	977
529	811
763	978
923	967
128	238
212	875
680	980
353	585
143	775
196	867
638	983
159	985
641	988
319	708
90	885
594	647
161	765
684	806
288	577
400	818
653	998
749	935
823	921
138	818
303	885
418	872
421	877
668	983
902	921
502	950
271	529
763	991
703	711
688	817
941	997
447	462
526	755
228	832
677	695
319	950
663	760
365	837
915	981
511	891
786	830
464	816
524	830
156	434
739	755
832	946
876	989
909	937
232	429
70	367
294	489
332	781
700	948
371	709
376	824
610	762
109	480
202	671
521	653
600	946
591	897
792	887
429	835
811	900
253	609
855	943
98	735
753	895
813	946
686	841
424	841
61	789
228	966
952	997
448	969
52	969
864	884
616	782
46	437
693	773
101	861
305	368
274	789
482	967
619	972
181	975
473	854
982	997
693	894
701	718
183	792
852	887
711	911
241	733
246	848
595	965
801	841
639	779
570	908
17	207
528	682
435	454
882	914
49	684
329	738
903	973
199	857
534	618
584	964
437	914
657	688
44	690
678	976
444	809
158	977
359	967
553	981
842	855
606	844
826	847
850	975
743	849
132	924
440	811
808	978
618	854
549	983
222	588
750	973
218	883
460	911
565	927
840	903
382	991
979	981
63	982
150	870
315	937
386	817
152	650
372	919
812	925
206	886
818	861
288	403
127	943
27	776
803	997
858	933
219	946
921	989
459	635
735	984
172	312
110	666
710	927
869	920
225	589
268	959
703	887
598	605
504	943
633	828
182	892
116	538
457	602
591	831
401	936
280	417
934	941
376	879
790	896
413	946
702	820
438	710
498	724
86	672
380	890
130	715
396	605
341	669
148	503
244	965
352	498
385	446
54	841
785	831
408	844
549	554
129	611
285	629
887	963
178	503
338	492
769	944
540	855
667	896
6	167
126	986
579	968
764	950
282	681
917	963
553	915
4	444
873	893
532	563
743	783
550	617
588	909
789	899
604	853
461	804
488	907
115	167
56	755
759	912
308	976
327	989
289	468
440	866
209	445
385	930
30	473
112	283
623	987
81	704
345	979
601	676
160	933
485	501
27	818
472	976
35	938
761	813
337	751
669	995
488	920
125	868
870	985
803	931
443	625
627	971
486	995
921	923
673	821
566	695
332	528
717	864
610	738
722	979
326	979
83	992
680	982
531	859
435	885
830	926
539	979
645	880
557	767
290	652
937	988
381	770
91	708
499	533
760	803
886	942
85	893
902	923
594	770
43	667
376	813
395	826
240	952
45	713
301	410
485	985
154	885
129	303
258	942
676	701
828	829
450	883
235	729
417	706
707	953
880	881
4	15
737	832
649	948
415	781
272	998
360	845
299	606
827	991
307	955
790	843
339	907
922	999
619	961
259	655
603	953
806	824
864	994
477	733
931	940
351	365
790	964
801	830
765	907
160	504
882	903
744	969
986	997
482	969
771	843
686	964
836	908
256	333
877	946
660	948
66	209
577	913
40	974
95	681
548	626
672	958
768	895
713	730
231	690
107	920
523	569
500	851
302	341
343	904
384	905
463	969
604	908
475	794
581	961
617	618
395	505
616	918
561	982
789	846
211	869
393	846
197	934
81	988
310	582
838	967
158	979
755	969
359	969
218	993
37	918
493	969
933	975
421	800
285	939
252	762
88	102
90	700
747	970
26	944
865	962
70	987
507	988
617	631
138	862
358	865
12	228
564	970
160	880
657	932
32	880
641	924
608	747
164	999
379	924
723	734
341	403
681	737
684	742
763	806
614	683
209	634
247	926
552	707
488	988
39	896
515	825
124	940
55	840
707	766
944	975
402	655
481	948
159	934
280	406
497	929
879	994
194	891
395	652
518	988
955	989
297	989
382	538
327	602
781	809
98	550
846	938
87	886
469	951
629	940
128	658
719	833
691	1000
901	995
49	486
785	820
298	961
642	771
769	812
719	725
273	379
438	712
429	892
855	1000
27	323
147	913
568	943
105	953
788	946
658	836
718	887
286	964
690	788
24	964
184	953
822	944
389	833
480	951
375	669
917	952
232	849
447	774
787	842
773	944
47	803
470	906
22	221
607	911
609	957
493	782
947	952
584	900
336	798
284	608
456	863
537	559
643	955
299	916
373	865
385	690
68	983
310	516
301	962
631	837
259	965
308	857
611	629
60	755
239	986
156	988
233	683
67	916
650	742
42	859
3	342
756	845
411	581
521	978
185	992
782	982
592	858
798	963
657	987
294	935
756	966
789	914
849	928
453	928
539	968
497	971
356	995
953	985
865	909
736	987
273	997
708	925
171	986
207	643
95	173
64	594
12	404
132	994
154	753
844	971
930	974
673	823
222	887
824	992
326	981
386	995
358	933
702	743
881	974
539	981
131	890
351	930
934	985
194	946
483	820
285	310
548	949
854	992
895	993
210	890
413	761
270	941
316	828
508	998
470	477
404	648
445	649
557	890
758	880
763	995
362	651
513	820
17	882
325	998
380	705
504	1000
72	323
880	991
792	878
811	891
487	767
299	716
478	947
744	837
293	901
100	772
642	826
397	995
314	960
864	875
616	773
693	993
684	944
494	783
702	998
223	963
534	596
364	444
314	852
451	598
520	957
676	716
588	832
82	960
651	888
408	901
353	965
366	904
644	848
665	907
21	842
183	675
141	907
444	679
482	971
194	504
713	840
685	778
734	899
720	964
252	630
436	976
631	663
534	730
449	622
891	967
168	343
747	959
348	984
444	921
263	617
301	909
172	758
70	976
185	697
262	917
859	907
451	853
181	992
845	972
495	859
145	746
286	456
351	622
838	969
134	624
158	981
254	918
815	985
18	412
666	862
745	926
292	392
583	864
481	587
379	805
263	859
425	692
733	808
120	810
326	915
842	980
358	867
545	693
435	821
132	820
539	915
833	867
296	928
277	649
442	982
328	880
376	628
6	829
636	996
796	985
298	708
710	918
932	994
176	459
814	975
906	978
823	980
661	881
545	706
860	983
115	829
601	988
114	604
614	927
848	865
894	981
677	983
682	832
709	935
827	927
459	531
376	991
268	963
992	994
703	891
348	663
909	996
86	663
369	722
281	609
184	942
598	959
279	950
408	835
790	900
177	673
894	994
283	840
214	969
685	820
198	961
588	887
748	876
271	722
610	942
325	958
461	553
493	771
484	951
603	902
74	787
924	957
877	882
739	948
128	794
305	427
752	887
530	774
898	941
405	779
572	956
873	884
410	857
745	847
468	835
96	438
509	607
720	790
780	841
263	322
884	898
345	849
149	974
157	798
754	788
685	954
248	687
60	865
500	908
734	846
356	634
856	957
942	960
768	844
451	908
831	900
817	965
338	967
173	405
374	395
269	867
852	959
497	731
213	972
557	745
763	850
634	736
243	814
224	572
449	919
476	793
720	924
319	580
558	862
525	685
203	634
282	927
290	522
419	932
193	589
661	694
418	973
522	801
723	791
935	970
351	919
474	989
749	928
601	801
606	916
50	927
119	532
432	992
565	878
946	984
569	997
457	527
824	994
502	943
386	997
157	945
358	935
251	809
941	990
289	835
242	989
724	992
839	979
154	647
300	930
424	471
915	974
373	425
51	145
937	992
109	352
367	876
749	941
705	871
677	809
407	948
630	697
668	989
888	992
122	964
304	941
813	818
288	704
380	936
834	877
125	417
853	890
916	946
155	710
642	828
177	728
834	998
586	896
383	833
364	554
231	439
52	962
487	890
681	941
128	957
598	906
683	721
792	893
795	898
528	783
60	449
373	909
852	880
274	903
549	842
609	893
378	731
672	949
418	544
822	893
660	831
541	614
431	742
62	616
26	693
144	914
534	840
166	444
584	957
356	689
20	740
708	848
512	973
350	911
644	863
256	458
333	449
775	794
169	984
766	974
544	861
631	786
782	918
418	907
638	910
757	861
963	966
321	745
674	863
324	979
359	973
474	694
248	876
812	918
729	920
117	807
791	980
254	812
648	931
111	992
395	522
823	969
28	994
587	692
363	984
242	923
677	851
481	939
272	802
527	826
731	858
192	284
895	929
936	967
215	941
784	869
489	921
668	923
654	988
392	759
846	929
367	931
344	947
839	926
388	990
190	480
522	990
420	942
943	983
962	996
561	652
492	818
299	652
607	768
901	986
175	882
469	834
40	657
769	803
182	777
737	770
470	655
814	990
552	953
478	775
813	994
73	955
163	885
520	893
602	932
679	886
651	824
496	950
656	939
716	953
452	614
374	960
676	773
280	773
579	840
780	830
711	959
862	899
686	902
37	493
765	966
861	903
24	968
662	959
440	617
720	900
315	851
664	776
356	394
829	843
493	894
245	792
88	845
597	951
220	735
467	612
546	905
747	895
852	948
269	627
213	961
516	733
70	912
543	607
377	574
454	794
803	911
863	962
574	859
756	836
243	466
798	954
872	903
784	790
622	728
935	959
687	857
549	923
851	965
1	529
689	903
870	978
419	813
675	739
410	993
845	921
745	983
569	986
522	911
407	695
646	977
654	801
425	978
365	698
659	916
678	929
318	623
342	980
824	983
777	908
78	870
534	921
900	978
537	926
638	978
349	875
261	991
550	865
32	939
555	980
715	932
393	918
103	819
469	876
6	886
610	623
185	888
615	701
694	994
854	983
661	817
432	994
229	931
344	881
330	983
113	985
624	935
333	988
457	529
608	927
888	981
645	994
860	919
772	806
276	868
782	999
255	516
389	516
702	976
578	940
717	991
458	471
876	984
94	948
75	706
223	833
586	656
80	784
489	989
676	815
888	994
239	548
318	878
299	599
841	882
323	956
483	945
679	820
739	871
147	959
463	707
535	583
521	648
894	930
880	995
171	306
897	935
809	822
832	954
697	995
291	307
353	956
513	945
91	956
210	907
158	717
573	959
186	964
671	713
786	959
598	908
197	564
619	967
718	946
257	965
68	800
563	779
774	962
116	733
570	903
551	661
302	334
333	438
581	954
856	893
278	916
875	906
312	500
41	680
528	798
896	965
500	965
263	500
470	978
671	968
93	991
253	980
789	960
863	909
101	293
782	920
441	627
372	793
638	912
421	914
443	673
641	917
104	978
123	991
720	981
324	981
761	982
687	804
714	907
309	858
956	965
133	632
782	812
377	992
289	879
330	688
715	987
682	810
608	632
2	822
948	966
29	696
441	869
288	398
474	817
793	799
330	809
388	979
624	761
267	460
544	997
277	882
557	936
502	1000
474	938
694	941
124	825
476	984
154	933
319	1000
295	414
489	923
492	928
610	920
161	828
596	756
59	817
848	977
922	926
672	751
797	931
487	705
904	993
577	598
716	942
790	891
540	716
311	893
416	946
980	988
517	998
811	950
198	952
492	941
772	995
376	995
711	719
251	1000
466	888
801	878
61	839
514	821
681	998
505	772
496	952
664	765
573	906
581	767
144	729
61	960
572	947
787	835
299	788
693	944
188	957
403	845
3	911
308	958
354	845
896	899
183	963
250	724
940	942
249	499
479	961
551	837
753	971
747	897
241	796
34	732
189	340
532	679
570	971
946	962
63	911
324	915
761	916
645	741
631	843
958	972
328	805
345	974
565	977
397	612
201	737
550	854
8	571
847	848
136	985
833	913
318	733
172	938
698	725
414	966
180	799
870	980
413	741
886	924
523	872
113	974
46	984
624	924
462	862
844	964
902	905
772	795
562	985
166	985
326	974
763	975
592	864
196	864
537	928
476	918
539	974
580	746
695	696
571	926
395	929
340	993
137	176
510	916
689	918
441	816
633	986
886	937
490	708
37	174
25	874
448	940
682	878
262	292
687	993
860	921
593	806
612	819
469	999
501	988
554	814
12	531
457	652
462	996
649	822
580	988
258	937
511	888
411	950
15	950
390	827
505	814
510	929
202	776
54	649
785	868
567	645
825	940
589	929
470	712
547	932
261	309
901	935
276	883
491	771
785	989
334	824
628	776
48	201
58	660
254	306
695	951
354	658
417	943
563	768
582	781
609	884
350	889
424	838
264	620
270	371
473	730
514	768
21	835
945	954
62	607
3	966
644	962
181	972
518	594
762	954
201	429
729	777
868	892
384	779
203	209
359	722
498	800
583	844
5	867
844	885
49	910
847	890
766	965
659	839
117	556
838	841
442	841
447	956
306	980
884	957
326	666
405	959
861	973
759	962
330	785
5	988
280	964
63	966
145	739
458	970
95	918
158	974
428	569
634	903
754	968
465	865
666	855
740	804
757	973
330	677
71	682
106	639
515	578
446	744
960	965
172	175
402	637
104	980
252	878
816	920
557	925
675	688
592	919
738	973
872	973
294	996
605	858
187	870
913	974
696	976
932	987
38	747
341	519
379	811
814	968
907	930
800	804
328	994
629	922
689	973
928	989
793	801
545	699
435	827
335	889
622	919
453	881
282	999
615	879
661	995
895	933
191	817
568	575
270	881
383	758
536	1000
649	877
106	894
188	933
422	871
950	990
848	979
397	814
792	818
556	807
520	884
239	605
800	938
918	930
651	815
35	317
174	890
917	934
480	704
677	989
185	261
718	761
850	880
165	777
693	933
552	957
739	820
334	1000
136	490
727	931
586	726
806	995
892	998
732	780
140	905
341	895
924	950
354	834
660	877
1	975
343	941
664	767
337	372
461	667
553	670
88	836
253	903
313	954
349	611
643	829
137	957
123	793
539	708
711	963
463	898
213	952
48	390
829	955
395	434
653	729
639	831
644	909
344	388
32	796
211	798
734	839
541	673
613	778
632	791
819	883
241	906
320	970
53	855
669	858
796	899
372	608
396	965
555	958
316	447
252	920
530	901
249	622
190	981
73	167
694	743
220	860
440	863
646	968
117	853
34	855
750	796
736	861
837	913
364	989
565	979
188	275
735	902
518	675
335	931
453	694
847	850
953	980
629	856
474	982
768	971
391	984
485	848
270	694
583	925
421	863
321	925
443	622
803	928
467	979
858	864
816	867
7	994
203	640
208	984
464	681
502	936
455	861
515	875
515	646
535	561
793	856
738	920
261	995
421	984
932	934
448	592
654	926
404	751
188	638
119	767
886	939
751	980
176	520
737	816
723	918
809	921
360	829
318	869
621	641
860	923
161	885
629	990
587	993
301	636
475	523
22	955
484	757
635	926
538	993
739	983
610	869
596	934
670	883
730	934
587	885
397	990
223	837
709	996
610	990
684	939
147	963
885	929
384	418
72	789
581	932
317	593
919	927
795	891
473	840
706	819
188	893
871	886
293	909
122	502
91	960
58	783
126	917
253	958
50	141
778	843
864	883
852	994
463	953
296	547
727	999
856	884
732	848
281	912
456	913
220	902
676	953
896	956
500	956
789	830
755	953
722	776
823	828
391	676
169	977
384	902
618	840
783	907
865	946
180	843
667	961
89	984
204	971
372	784
859	902
757	854
495	854
398	921
618	961
84	502
171	915
694	919
331	867
933	972
275	972
509	910
710	900
622	787
907	919
562	921
601	849
909	965
437	926
707	750
522	970
407	754
145	983
663	680
136	934
593	621
631	913
101	647
648	816
592	921
578	986
339	475
430	859
318	803
122	891
791	986
166	934
928	991
848	968
707	992
44	944
575	809
681	976
478	876
205	983
749	881
661	997
358	996
182	999
297	986
897	981
547	868
929	933
588	640
767	871
175	996
304	881
87	883
156	488
524	884
725	874
848	981
462	945
809	989
258	886
640	951
901	992
794	866
491	828
436	892
904	997
977	987
512	887
503	838
630	879
274	951
403	836
637	774
785	938
141	836
697	825
769	930
535	763
452	728
746	946
801	882
639	820
685	707
454	774
674	777
799	957
477	906
494	846
497	592
750	772
977	1000
143	508
382	790
748	884
445	846
935	939
463	900
544	559
664	890
392	431
884	893
452	970
382	911
905	952
280	900
665	970
370	793
585	718
48	742
764	949
521	962
39	693
207	506
639	954
312	559
336	916
523	742
239	983
5	816
830	899
659	788
67	913
810	957
433	970
405	908
517	560
333	739
379	855
678	922
455	850
620	917
565	981
229	803
220	983
657	984
599	979
423	753
552	638
634	973
212	984
26	299
339	530
726	976
449	927
297	799
25	865
457	522
355	740
90	994
453	817
562	989
400	927
7	178
347	512
523	997
232	296
816	990
511	879
426	512
309	930
906	920
670	872
474	997
848	915
330	989
108	876
600	813
471	699
853	993
591	993
809	923
596	815
110	841
619	947
883	993
552	893
8	12
560	754
758	998
279	1000
466	826
521	533
9	358
971	998
869	987
690	719
19	551
459	823
357	546
324	369
45	954
697	880
771	829
227	665
265	957
554	831
922	998
856	873
778	953
192	600
660	705
44	436
898	991
581	826
882	902
734	775
68	914
546	953
780	891
169	966
766	956
577	791
692	778
986	996
581	947
553	848
768	773
446	722
391	786
382	966
316	383
519	971
734	896
486	794
899	963
852	888
62	732
590	851
543	776
452	917
229	845
831	950
872	951
891	964
247	899
217	727
329	968
26	930
623	920
92	732
446	964
735	838
294	866
858	908
624	741
830	846
324	974
580	671
618	963
833	851
510	612
653	920
823	843
740	808
726	910
932	978
421	799
305	853
35	992
608	625
814	959
847	907
700	857
411	754
20	869
617	859
111	987
708	977
501	913
513	738
797	911
489	566
282	990
854	923
275	987
94	646
770	929
233	990
407	877
503	814
897	970
319	764
74	408
948	972
800	808
772	975
791	988
529	988
615	991
763	926
818	862
890	967
119	595
339	827
573	765
187	995
619	652
635	862
800	929
464	980
73	829
496	932
670	819
207	829
463	755
298	947
531	926
586	825
512	647
737	994
186	891
748	860
874	999
73	721
466	881
540	601
121	883
396	822
685	696
588	763
10	786
901	994
161	955
422	996
711	833
91	896
773	930
148	612
332	958
734	938
123	784
887	951
799	838
585	586
711	725
29	139
889	997
433	717
285	967
76	564
711	846
174	907
898	938
273	849
61	966
699	728
415	969
743	771
912	957
12	966
636	793
42	845
97	515
247	725
426	956
574	854
486	970
866	962
296	846
879	901
189	454
199	913
106	685
345	967
83	738
592	844
234	907
550	618
893	957
731	895
736	973
851	960
328	690
56	985
23	808
735	785
680	849
69	924
863	970
949	973
541	919
305	908
16	805
227	988
601	906
694	868
205	677
331	816
735	906
754	919
127	757
462	747
355	621
830	914
117	978
934	971
566	575
455	973
675	747
513	685
448	704
703	930
4	929
821	922
246	462
388	811
520	930
411	943
423	768
426	514
445	527
496	987
133	935
64	835
388	932
952	974
929	990
640	887
841	877
147	725
81	371
774	823
63	704
338	414
274	887
530	584
535	928
683	826
292	941
889	931
77	787
686	831
952	987
630	936
679	828
799	893
744	957
885	933
141	664
152	264
50	253
321	716
748	820
257	960
12	900
227	559
180	713
493	944
125	548
28	615
107	908
234	720
60	796
434	485
945	960
590	732
842	953
861	966
859	893
210	447
569	794
247	780
407	732
819	942
218	981
452	919
307	501
652	721
41	796
352	917
715	740
866	909
590	974
411	514
667	965
782	915
928	969
83	914
680	904
583	971
206	984
849	861
241	978
585	788
640	687
461	981
409	791
974	977
297	735
724	802
247	914
80	471
300	740
849	982
35	994
203	807
244	579
698	786
708	979
802	843
928	982
91	522
215	817
564	971
536	872
797	913
365	761
277	877
730	859
138	984
568	797
416	928
204	520
517	980
429	867
828	872
184	807
194	1000
395	990
202	595
804	929
386	941
642	867
224	879
399	880
42	579
943	980
621	929
962	993
662	701
165	420
700	993
276	931
788	813
727	803
746	816
718	754
198	947
131	957
25	238
510	990
804	942
582	829
526	934
77	842
287	423
672	988
281	837
129	480
506	955
141	719
42	713
792	945
542	999
234	654
113	593
280	770
271	950
291	370
931	996
67	662
628	958
667	886
327	966
671	776
266	727
477	910
549	786
72	861
158	901
639	945
176	955
658	958
872	887
891	900
555	722
567	961
474	733
229	902
611	967
349	967
738	779
275	789
905	956
949	962
819	889
226	789
661	680
336	920
60	985
453	916
673	919
626	844
631	959
483	795
865	897
326	848
694	749
284	851
148	990
250	974
365	924
520	569
888	965
392	569
571	800
428	980
939	967
114	295
41	985
178	990
76	942
612	922
552	642
890	903
124	875
432	991
48	62
471	919
416	754
550	983
415	758
2	885
511	991
122	950
645	991
409	980
860	916
560	624
205	921
403	411
983	986
614	860
922	976
578	937
217	931
874	935
188	873
279	991
121	819
811	1000
575	989
508	999
649	938
575	760
795	992
420	886
82	598
560	637
100	881
669	772
383	940
452	545
880	992
135	838
369	776
140	953
179	881
679	938
646	761
90	543
697	992
425	533
494	892
259	766
162	604
382	836
597	761
850	941
170	953
67	946
664	936
86	959
265	961
884	939
309	479
820	954
584	943
625	715
396	892
79	956
676	946
674	836
555	656
54	899
269	787
678	726
898	995
829	895
636	729
768	885
592	659
93	975
445	905
154	204
766	960
348	972
824	901
245	965
424	967
157	852
644	970
583	731
836	911
522	721
257	975
558	903
40	977
477	978
585	777
198	331
260	980
576	957
483	729
180	957
414	895
851	896
4	731
474	680
334	377
108	559
13	965
351	960
833	963
230	670
428	914
636	863
708	968
823	955
202	342
675	791
71	798
580	675
640	689
731	844
400	973
837	974
138	973
386	809
749	861
974	979
55	709
605	853
108	572
784	855
173	930
402	524
715	984
429	627
313	681
708	981
749	982
499	807
707	985
589	737
423	933
235	653
441	987
466	522
894	969
531	917
770	933
589	858
314	653
682	820
453	997
602	797
506	823
593	977
15	1000
612	990
266	353
395	992
524	877
197	482
450	699
791	992
563	576
950	985
105	930
2	14
848	974
270	997
347	692
705	925
883	931
556	573
19	597
496	936
205	989
17	938
287	533
3	774
961	972
732	883
355	933
897	987
112	946
266	595
560	813
68	839
417	764
744	893
334	995
783	821
347	934
204	885
727	926
142	946
835	873
472	821
637	888
711	837
650	827
58	952
653	832
850	888
445	839
627	816
577	958
291	372
293	970
783	834
28	901
138	544
583	665
836	845
789	999
321	665
500	896
674	783
750	778
249	267
507	791
625	783
537	899
613	665
766	907
611	969
349	969
201	842
146	906
531	717
321	907
388	668
426	960
714	838
860	892
134	788
442	904
571	789
717	843
290	510
722	958
942	961
565	974
735	897
900	964
872	902
517	674
613	907
217	907
390	569
708	915
694	980
215	982
339	523
705	846
605	908
638	856
839	846
402	808
911	951
203	635
189	700
36	872
900	977
481	993
300	918
874	924
640	757
120	987
238	454
656	967
675	980
413	980
466	577
11	936
737	811
101	829
739	857
178	295
381	883
4	933
78	882
105	985
475	518
325	988
485	977
457	878
484	752
855	924
693	862
338	405
343	749
147	837
353	942
790	943
91	942
774	935
20	244
195	999
751	988
262	531
704	876
327	889
795	994
230	993
216	829
799	884
785	986
205	936
278	889
419	599
924	1000
373	897
899	943
546	596
623	779
790	956
834	999
572	999
419	491
732	951
745	890
690	725
748	932
926	938
348	961
986	989
356	556
317	601
878	897
877	938
643	771
104	722
981	995
898	997
199	959
433	897
732	964
933	954
831	943
32	967
674	959
371	958
412	959
935	1000
632	962
305	604
169	972
361	913
576	838
667	956
326	663
424	969
606	946
537	846
412	851
902	944
81	980
733	906
497	895
721	788
27	865
677	718
407	857
844	895
150	972
236	975
654	734
747	962
483	623
636	865
837	855
289	986
363	972
127	924
60	934
27	757
283	454
407	749
337	919
502	986
106	757
169	288
243	991
633	917
573	637
974	981
108	803
932	984
508	922
211	406
328	991
730	971
69	996
807	925
839	914
374	814
219	940
574	579
494	586
760	971
204	524
897	976
367	932
749	997
702	922
380	871
867	989
584	637
179	817
676	869
43	956
459	871
304	997
49	707
491	823
885	979
875	934
820	998
190	831
691	884
693	930
593	992
574	713
868	931
563	820
871	936
403	602
375	769
628	949
447	874
801	877
806	992
350	712
630	995
181	903
377	549
762	885
748	987
752	877
342	713
961	987
584	1000
4	196
456	963
766	896
315	960
72	973
287	898
870	953
567	952
726	945
407	670
68	975
780	952
136	621
659	662
865	996
501	719
317	898
28	795
432	619
830	894
357	970
954	960
698	711
736	966
717	724
865	888
199	798
504	616
536	568
250	965
654	789
235	576
702	722
303	976
196	621
770	856
742	794
631	963
805	850
128	571
694	982
329	332
716	741
592	971
666	920
751	964
770	977
388	683
527	990
525	917
645	982
276	856
790	811
413	861
922	967
36	874
196	863
344	990
41	989
858	982
214	880
258	923
547	797
656	969
408	867
876	972
513	920
432	995
707	934
215	997
760	797
144	528
911	966
462	874
374	990
448	939
300	812
570	636
511	995
469	998
799	873
367	987
485	979
311	826
894	918
765	767
644	706
594	885
368	808
915	977
153	361
820	824
295	710
468	867
588	703
674	706
197	781
697	875
760	931
820	945
419	601
336	832
570	770
836	889
233	596
739	993
260	958
301	996
783	999
857	948
516	655
554	947
133	136
685	878
745	892
36	432
472	999
720	835
852	991
310	671
86	963
222	558
903	956
460	652
248	961
413	540
280	950
40	968
752	945
636	962
135	976
58	204
99	730
426	896
641	784
29	671
557	561
736	792
273	802
667	958
226	727
363	961
523	684
830	841
346	728
673	857
819	948
222	692
263	730
571	846
772	836
702	777
485	779
289	867
523	805
682	798
723	836
107	338
175	738
428	918
617	854
610	666
689	959
221	625
837	857
909	962
482	629
421	915
369	459
2	931
879	975
59	913
441	978
366	575
536	757
589	620
635	736
728	927
712	919
230	687
362	806
568	911
427	935
545	927
619	876
457	814
624	991
407	993
363	398
566	986
901	976
698	913
183	696
614	919
96	993
834	922
746	809
691	873
129	352
146	521
827	919
450	932
257	766
362	819
133	996
744	884
871	925
236	414
790	1000
105	934
237	824
452	712
378	534
690	769
984	987
841	938
445	938
692	815
540	946
581	984
452	833
479	707
80	961
517	999
718	989
196	355
454	650
30	322
766	885
692	707
67	655
581	876
975	995
864	935
344	374
22	94
426	709
799	954
857	895
535	881
309	538
667	1000
606	761
88	835
878	954
643	828
371	894
44	499
200	487
33	81
766	898
392	428
254	723
262	843
224	322
275	782
528	962
775	839
361	970
856	949
42	961
601	659
440	970
439	782
530	900
645	850
213	964
824	852
629	842
812	963
701	903
816	853
668	726
356	868
942	965
501	963
284	965
504	968
600	676
545	740
858	971
25	970
267	503
131	871
29	860
571	914
516	978
515	982
615	691
298	984
50	919
399	807
242	860
462	863
161	642
661	928
298	876
628	751
941	982
707	815
347	509
261	994
691	807
481	997
337	989
533	635
455	981
246	807
429	928
603	815
811	993
450	987
422	925
904	928
477	595
482	939
485	981
48	189
512	818
61	882
778	937
286	1000
621	990
514	864
235	954
876	987
769	861
103	246
368	702
767	936
348	952
479	883
905	991
896	942
486	778
109	828
665	780
394	960
359	939
815	953
727	877
859	996
743	821
10	970
151	909
192	718
371	949
756	760
766	953
507	958
543	652
856	883
768	770
28	960
372	541
430	711
160	621
60	683
495	840
266	788
701	716
219	676
48	794
199	963
796	953
216	378
815	966
652	945
745	907
523	794
541	848
219	797
71	670
84	609
263	840
488	958
39	866
647	722
845	966
798	891
214	574
170	504
381	687
936	946
22	525
751	900
32	984
608	622
167	620
186	633
43	813
103	864
423	805
610	668
202	577
708	974
749	975
490	980
962	975
681	962
511	810
373	580
730	854
480	679
807	808
707	870
793	910
256	934
897	967
434	977
167	633
561	752
5	305
478	754
832	986
703	872
744	873
788	916
908	981
311	762
94	993
168	713
603	870
800	926
338	572
288	980
832	878
615	880
862	986
182	998
672	862
415	940
602	803
332	942
96	177
874	996
436	999
329	644
991	992
862	878
968	981
901	991
987	994
491	827
472	585
226	529
699	712
468	816
660	986
646	822
269	835
112	134
931	991
865	866
366	953
369	958
892	999
644	897
831	989
368	999
624	659
560	940
734	827
720	892
563	945
783	948
361	959
810	822
50	545
396	953
757	895
509	830
569	615
222	736
678	787
249	381
143	857
132	964
729	954
178	851
816	842
678	908
631	833
958	962
617	669
391	851
638	957
757	908
344	510
696	898
770	847
35	923
654	672
511	852
953	968
137	153
937	960
97	983
427	629
509	964
844	954
350	382
467	967
520	793
444	983
180	910
345	977
212	862
241	331
702	726
688	791
289	816
779	909
44	985
673	927
98	696
538	739
832	920
447	557
430	913
108	862
724	865
672	675
608	919
742	919
621	858
712	747
183	632
771	802
922	971
273	296
792	861
468	737
709	863
131	886
327	532
915	968
496	984
540	761
75	927
416	991
186	943
487	871
354	756
681	922
767	925
189	948
533	758
524	938
436	825
586	998
883	992
561	941
542	699
449	471
26	782
86	833
669	888
306	836
655	990
722	751
952	984
644	831
685	869
126	905
179	997
831	923
616	769
431	952
665	890
651	992
766	942
351	471
223	959
28	720
625	710
734	882
123	957
285	790
775	883
343	997
940	987
114	908
236	605
838	939
678	721
535	938
669	901
347	887
359	712
135	967
570	895
518	705
148	906
437	780
745	896
564	592
706	941
329	954
420	547
714	765
852	995
777	821
89	972
363	952
537	839
578	611
476	829
127	446
333	780
833	837
461	965
553	968
13	960
311	388
266	911
302	568
159	785
412	965
47	278
16	736
736	796
763	899
545	676
613	847
282	976
879	966
340	917
636	979
381	689
231	930
537	973
517	735
314	635
827	897
115	691
703	861
881	904
499	573
540	574
633	802
705	907
99	868
429	743
943	964
84	745
122	1000
220	340
91	869
573	872
793	912
507	518
355	915
121	748
214	939
176	455
410	585
434	979
82	527
832	988
255	684
890	966
716	813
31	710
688	980
227	356
867	982
908	983
397	804
779	869
168	944
806	972
448	998
167	756
739	918
290	826
526	810
686	762
80	952
503	826
897	982
63	756
123	541
463	875
950	993
769	918
991	994
774	996
567	932
479	819
341	885
19	834
850	991
690	773
965	978
65	950
762	878
674	765
54	828
139	606
359	875
218	670
875	940
317	649
878	945
597	932
630	880
377	434
690	894
583	768
412	886
541	542
315	953
125	829
139	498
873	988
372	706
465	897
551	937
151	966
426	942
574	840
183	955
819	873
631	822
509	832
817	948
168	273
830	887
627	824
692	953
530	891
731	881
854	951
565	848
113	953
844	943
696	779
439	894
409	722
610	712
942	956
501	725
513	550
430	781
657	972
641	964
355	607
398	977
814	892
487	497
681	777
304	561
23	807
155	438
446	910
839	841
94	687
457	510
467	969
645	975
519	570
629	967
150	215
64	929
205	905
735	905
143	993
591	860
118	936
770	862
489	849
635	903
714	967
640	752
698	959
142	741
78	985
293	644
603	806
649	922
203	872
307	929
752	791
683	691
760	911
724	988
894	911
302	999
157	352
811	876
709	865
478	932
794	909
491	642
582	989
697	976
458	465
785	860
353	937
296	403
227	532
213	634
586	879
892	922
107	881
489	983
575	986
971	986
368	922
904	932
325	996
639	863
190	771
350	760
625	699
234	814
160	599
313	878
343	986
899	938
799	1000
287	596
493	930
727	868
586	892
553	715
14	666
52	958
611	656
643	874
583	594
651	994
199	833
89	961
130	999
801	938
815	836
658	889
281	902
798	869
294	841
239	905
118	615
357	897
250	771
444	785
898	992
507	841
245	841
367	538
135	969
671	949
294	962
687	893
26	918
153	959
824	898
810	1000
543	885
488	949
763	888
638	893
522	718
508	783
458	962
814	826
370	849
20	965
576	954
548	855
763	780
553	970
601	718
518	949
418	782
163	492
300	497
324	854
425	906
103	626
510	721
312	965
110	750
335	868
580	901
580	672
640	686
879	968
235	866
53	337
438	673
591	686
434	968
508	917
57	981
420	804
547	845
728	920
818	850
730	966
17	801
760	845
306	409
589	963
448	758
148	466
93	530
170	750
337	927
786	982
51	304
276	917
821	976
375	630
36	935
251	860
760	966
512	635
195	928
410	587
434	981
957	985
795	923
478	987
780	800
596	750
399	879
507	641
765	936
498	821
880	923
9	401
186	1000
401	925
385	651
463	985
100	933
310	477
348	769
337	351
466	990
581	748
658	931
732	880
773	918
396	702
570	589
588	872
734	926
753	939
390	887
477	775
535	982
755	985
369	949
456	837
850	993
123	893
775	819
752	872
136	603
838	875
498	955
606	754
281	957
759	996
537	654
912	945
829	947
567	947
47	911
597	826
46	952
605	650
729	945
662	955
7	731
939	940
361	963
471	542
315	968
122	802
777	999
851	948
634	950
675	722
620	786
518	775
740	851
724	843
536	792
467	958
277	797
185	979
345	968
301	373
663	725
57	915
398	979
527	864
268	869
698	719
152	923
446	912
251	902
793	956
867	905
72	405
886	918
605	905
25	855
99	804
164	933
781	838
640	862
860	902
629	969
615	805
386	982
675	856
174	574
554	566
278	402
214	875
200	977
797	967
695	919
714	969
15	931
698	961
120	984
323	818
591	983
99	228
293	996
804	983
485	974
127	1000
686	698
121	926
718	916
355	864
341	929
451	572
203	995
96	115
244	767
59	987
320	991
683	814
415	999
358	465
468	862
616	760
795	991
712	993
706	919
21	816
785	983
494	999
383	939
424	940
364	660
924	997
79	942
316	360
211	832
343	988
558	647
458	709
236	596
697	991
752	927
623	776
86	837
856	984
264	843
732	948
396	999
303	771
882	892
868	994
238	827
847	871
871	999
245	951
616	894
803	949
440	897
898	994
461	956
37	894
914	938
252	967
715	728
866	897
645	898
39	859
625	956
886	960
453	849
571	841
538	664
636	970
97	921
377	975
270	849
738	954
517	726
388	612
888	898
525	846
291	679
681	834
208	910
290	683
128	392
430	959
302	922
457	567
99	859
503	683
489	785
346	965
902	954
681	955
103	978
626	790
100	680
256	927
416	916
779	968
258	744
566	860
786	863
846	914
909	970
526	680
209	973
765	925
503	925
470	519
649	750
776	791
781	906
202	704
422	973
802	965
609	799
600	979
237	927
774	866
635	973
910	912
146	516
712	927
51	427
887	928
615	994
521	807
595	756
526	922
130	922
498	823
415	825
671	751
762	869
459	868
968	974
665	936
381	948
945	990
752	861
642	989
683	990
977	979
639	920
437	705
877	977
151	836
899	995
871	933
334	994
292	997
359	758
551	928
625	648
630	992
432	482
284	355
850	995
165	892
748	984
505	997
720	885
352	489
16	540
747	759
134	761
590	775
842	996
961	984
699	947
14	844
726	821
776	938
280	1000
373	962
789	877
44	723
314	318
535	997
590	667
106	554
763	824
816	835
866	952
819	877
717	829
309	775
942	947
23	906
900	950
726	834
849	904
453	904
398	968
833	896
934	948
731	885
414	949
545	614
7	975
240	917
515	856
565	973
358	909
210	745
751	840
398	981
953	974
736	976
598	746
97	989
312	914
601	788
633	969
504	855
162	566
84	912
506	635
781	840
175	801
221	917
648	984
422	907
790	808
110	820
695	921
332	869
698	963
563	738
493	679
630	684
313	977
621	864
511	992
459	802
607	929
271	751
785	972
904	923
367	984
637	808
463	692
549	695
366	759
283	990
38	930
79	931
473	821
519	937
142	987
173	300
940	967
669	881
484	872
537	698
776	980
473	713
569	650
472	754
558	757
725	934
852	975
866	873
463	934
89	952
947	983
212	534
905	986
55	550
896	937
734	875
755	934
708	822
639	988
391	886
726	876
891	943
247	649
16	716
747	935
254	773
543	647
667	942
562	660
161	316
680	881
74	842
297	591
187	719
701	940
733	892
571	830
576	945
221	717
856	999
740	787
454	955
402	499
214	448
761	846
291	668
530	950
153	963
750	953
268	913
791	954
562	902
648	905
620	843
243	856
160	858
242	668
421	899
541	964
756	889
85	684
195	327
52	507
398	915
236	853
376	604
648	797
578	967
416	676
173	918
715	972
626	900
134	963
208	912
376	725
703	854
166	915
226	966
124	918
394	513
760	836
784	964
880	901
536	862
272	789
962	970
693	782
373	575
422	962
78	923
821	967
243	990
182	980
897	962
313	682
220	225
716	806
499	808
218	529
297	859
484	914
314	762
800	921
417	860
255	569
843	968
399	991
36	939
512	639
603	986
597	683
753	930
431	650
577	704
353	996
697	806
783	809
213	693
889	976
383	875
226	403
606	624
685	917
759	866
126	953
778	879
924	933
509	691
233	527
348	773
977	981
15	75
961	973
162	997
759	987
224	414
518	632
449	532
662	825
49	827
444	831
912	936
664	871
972	987
755	989
975	992
240	543
597	817
234	765
743	871
662	946
780	938
475	827
884	995
428	486
741	946
400	653
69	782
377	898
657	952
817	941
569	839
197	967
546	892
599	718
318	476
474	723
437	841
872	998
583	895
8	664
104	897
384	951
948	993
764	943
557	613
86	210
872	890
572	598
696	893
902	998
250	843
236	908
772	888
689	890
867	896
177	449
526	603
949	965
888	955
310	978
406	686
423	626
923	949
656	834
251	785
756	957
594	858
57	919
594	629
79	449
895	971
110	930
289	932
705	847
691	912
508	976
828	917
767	907
230	739
1	879
68	640
600	915
572	853
200	981
556	845
630	794
897	909
487	745
695	923
392	922
753	864
193	941
609	856
339	995
741	746
195	987
767	920
404	868
450	984
49	640
472	743
519	589
480	863
503	995
231	536
778	934
822	977
51	605
101	951
660	686
813	928
940	969
378	936
815	937
218	718
875	988
468	866
509	638
970	996
514	753
753	998
472	985
546	934
766	937
48	428
516	533
755	815
199	597
264	955
840	859
308	998
542	936
877	926
729	762
734	877
434	585
866	996
783	998
722	988
713	939
138	708
129	888
578	714
831	931
891	945
472	998
714	760
7	898
67	949
777	816
782	894
726	999
363	947
641	891
379	891
346	485
461	960
851	886
565	788
215	904
738	945
812	894
509	893
891	958
383	488
421	780
715	961
617	840
276	547
837	843
656	768
573	733
839	889
324	968
818	951
353	851
501	786
735	953
559	956
153	268
853	908
913	959
932	972
57	974
272	899
505	612
133	969
656	781
430	963
490	977
825	967
200	915
186	980
520	856
346	740
216	859
192	273
249	807
716	916
316	982
572	908
591	921
811	924
11	871
434	974
795	916
561	749
170	864
582	808
697	795
658	803
825	980
322	854
737	867
828	985
943	972
170	985
533	808
901	975
11	174
73	823
482	991
58	929
774	870
961	962
80	947
718	975
616	927
478	993
693	918
467	575
596	985
752	973
785	921
463	870
790	999
342	580
595	760
688	988
139	480
672	980
400	521
746	929
820	878
965	973
473	999
371	988
882	938
750	755
669	830
428	475
340	362
23	655
979	992
514	929
899	999
172	899
755	991
433	940
975	994
259	824
9	878
831	986
891	1000
924	948
32	781
426	937
500	886
71	709
21	888
7	724
194	779
447	996
741	948
479	948
105	478
611	838
289	787
416	599
830	882
197	969
34	948
254	951
391	956
886	898
31	155
949	954
627	940
742	890
731	997
411	790
83	961
881	941
418	951
770	844
393	894
723	769
874	901
235	685
450	610
749	906
298	970
784	900
14	164
2	864
698	833
763	962
620	913
353	798
513	787
559	903
705	957
691	793
462	970
443	728
272	846
406	809
492	849
411	924
15	924
593	901
464	787
593	672
87	800
587	857
399	806
806	901
438	505
718	788
253	688
728	981
697	850
320	634
600	917
311	814
820	920
415	871
794	904
161	991
36	996
834	976
572	976
591	989
778	815
607	933
178	527
257	820
100	873
843	917
521	637
89	943
163	929
195	881
281	884
864	976
360	948
401	986
487	989
160	594
822	979
662	761
211	825
646	753
546	815
11	242
128	827
362	994
959	984
174	943
783	987
433	874
815	939
130	873
741	761
768	864
264	836
424	825
690	944
762	820
659	813
947	987
919	925
16	599
604	769
125	1000
460	990
501	533
335	729
192	946
30	618
852	992
764	879
227	903
611	785
206	965
118	852
439	944
585	998
764	1000
20	960
469	786
226	836
620	955
207	557
694	904
872	947
932	961
11	847
360	506
626	891
846	894
791	958
906	945
758	781
6	917
529	958
441	845
587	670
724	904
677	829
117	906
406	743
87	734
832	851
23	978
441	737
955	958
663	786
19	455
146	267
464	842
670	910
436	743
59	793
890	950
950	964
609	671
210	925
72	466
490	979
127	927
168	928
724	917
825	969
594	807
373	579
87	976
156	581
4	978
133	863
661	982
394	867
163	971
237	920
512	859
512	630
591	923
228	871
456	698
725	859
18	997
475	684
843	851
311	990
176	802
589	971
484	689
778	870
566	987
244	936
841	926
445	926
206	415
904	982
193	890
769	794
581	972
727	797
586	821
405	746
713	862
415	939
93	888
957	993
456	711
417	985
546	870
436	998
350	931
368	985
349	706
505	990
987	993
343	928
100	941
623	945
843	985
70	998
179	941
500	996
808	883
233	652
393	641
109	882
618	988
766	886
53	950
361	837
870	943
56	955
653	945
111	662
400	536
620	768
368	998
803	889
467	940
720	891
847	932
714	817
156	260
636	897
185	961
50	773
900	943
303	724
399	661
187	778
729	832
775	948
412	896
723	758
902	989
411	900
409	598
703	779
812	951
476	773
342	958
824	961
656	825
821	892
344	738
798	945
398	974
286	504
222	748
851	956
703	792
744	793
298	972
895	962
721	846
251	668
416	735
204	327
621	844
211	451
216	795
804	965
656	838
119	633
721	967
297	905
677	897
84	797
1	991
524	803
670	857
155	677
108	861
760	787
575	970
709	970
607	922
187	336
593	795
147	937
697	852
325	980
278	868
619	932
484	973
405	451
281	873
105	159
437	632
690	812
781	967
822	968
734	855
408	870
320	986
246	808
732	930
575	983
170	934
294	475
109	924
482	940
788	983
567	984
584	924
542	927
79	937
239	889
822	981
599	643
241	935
480	988
567	876
534	699
836	1000
863	874
706	927
439	812
852	981
609	994
865	920
699	887
905	992
449	712
454	827
550	764
541	944
641	653
197	905
257	956
648	777
840	984
243	728
518	704
509	884
624	834
715	952
789	938
530	943
731	933
39	854
548	731
331	733
69	962
418	887
701	946
219	906
439	946
626	772
736	903
675	893
413	893
430	833
275	959
118	975
38	723
571	957
249	906
906	947
648	911
111	972
408	441
490	968
346	960
828	963
943	950
492	785
385	393
151	226
323	747
423	685
53	334
619	974
913	963
52	863
508	914
437	445
469	922
152	986
375	506
688	966
688	737
490	981
30	996
828	976
640	925
146	390
244	925
354	568
800	914
491	802
802	960
628	807
559	973
619	987
517	976
806	850
140	989
792	915
795	920
468	562
478	984
164	299
771	977
931	966
843	853
521	573
479	805
820	869
229	401
487	925
542	632
10	1000
822	915
579	928
24	117
58	933
655	923
163	986
328	528
774	874
727	799
61	938
327	828
385	769
646	810
899	990
425	582
375	990
857	993
232	941
447	866
815	996
111	651
33	997
685	923
671	988
798	800
333	471
835	867
581	987
875	939
116	887
616	944
660	987
613	875
417	1000
431	898
761	773
342	826
543	816
37	944
70	892
507	893
18	436
9	882
190	957
578	773
330	708
844	929
352	955
747	996
907	948
20	896
101	326
284	942
740	956
743	998
237	372
495	896
443	706
641	950
379	950
420	722
714	940
819	993
777	996
648	845
312	896
312	667
391	960
69	909
526	596
163	544
784	891
949	958
527	969
203	845
65	157
758	838
45	673
565	968
