235	918
684	781
876	951
256	977
927	953
39	225
503	854
681	897
249	974
721	969
719	859
295	797
589	786
897	902
635	902
175	917
304	802
161	982
739	959
610	845
827	843
293	872
279	974
848	902
15	110
531	966
591	980
42	509
704	857
795	975
662	860
304	923
574	747
868	965
142	861
357	749
109	684
577	752
549	690
683	919
521	628
774	808
443	974
625	685
396	862
179	864
327	762
146	687
220	636
748	792
841	983
794	908
774	929
364	765
773	970
322	805
415	996
778	819
504	516
387	934
477	827
884	922
347	983
466	934
366	996
484	988
859	865
93	837
487	993
924	994
643	752
729	755
384	986
940	975
829	878
567	878
653	881
620	704
205	462
410	894
358	475
476	696
458	827
926	932
208	881
590	717
810	986
629	645
130	998
708	709
515	543
518	814
12	188
330	763
946	995
541	946
103	720
53	899
576	940
557	661
791	828
620	946
768	881
353	373
248	845
449	835
872	938
335	962
204	250
830	941
305	827
324	840
409	884
464	591
414	999
777	822
818	823
28	963
559	828
536	844
503	667
85	679
164	972
539	886
300	604
483	954
791	841
403	436
881	1000
600	721
292	376
710	889
770	903
228	620
874	960
700	844
629	900
615	965
183	325
779	844
624	970
218	282
737	847
709	785
561	621
612	852
904	960
642	731
526	785
140	978
173	926
214	927
869	895
464	846
193	989
513	967
48	113
234	734
533	801
786	981
593	852
156	814
739	906
799	920
114	588
475	796
582	693
34	336
297	975
135	876
556	906
410	586
570	575
82	986
290	935
596	978
769	906
908	984
204	868
512	984
653	694
787	923
170	991
385	879
706	742
683	987
535	860
857	874
33	878
938	984
542	984
533	935
660	976
26	838
153	879
433	933
218	779
116	997
842	872
732	1000
102	833
410	949
933	990
284	581
665	946
250	704
62	882
186	423
310	489
623	949
521	938
653	828
680	931
363	995
671	882
454	884
893	931
870	947
226	882
501	592
611	952
146	889
352	957
269	959
68	151
243	906
215	844
430	769
416	605
710	823
944	990
281	380
558	954
594	611
24	495
953	958
851	947
279	721
848	878
399	557
946	955
770	958
145	906
57	793
681	886
178	265
501	955
513	780
41	970
599	968
714	955
43	750
524	794
749	912
50	911
707	915
215	978
443	842
811	972
131	984
828	912
406	923
681	899
10	694
276	850
207	979
661	920
702	958
853	861
682	979
317	329
98	928
101	933
598	985
959	964
288	796
582	977
17	976
512	918
171	625
773	959
693	966
552	990
739	853
128	928
21	802
439	561
494	985
375	805
218	821
653	749
470	813
415	877
143	418
69	240
506	995
528	754
297	333
836	870
192	805
232	877
815	932
875	983
732	934
369	882
795	990
910	977
75	112
808	929
16	471
389	982
692	754
733	755
764	859
571	693
282	590
447	923
521	872
466	936
777	798
810	975
111	708
166	415
484	990
391	762
102	659
382	942
504	639
701	924
835	924
687	760
544	711
571	585
736	881
101	370
507	829
133	359
14	896
831	926
426	877
912	999
764	872
180	821
240	606
55	789
270	714
5	968
627	988
645	776
502	956
111	842
675	884
418	999
303	783
578	722
756	994
44	788
252	966
352	904
976	997
305	829
76	969
351	945
543	886
50	953
565	904
647	714
700	954
203	673
712	779
920	957
703	730
837	959
614	887
232	556
779	954
435	915
624	851
28	268
16	968
888	897
695	731
288	609
422	838
471	959
504	907
75	730
378	502
691	962
825	962
25	909
154	794
313	787
698	894
233	269
205	961
463	731
771	847
821	964
936	951
399	975
314	867
520	972
869	897
566	859
82	746
472	672
193	991
554	970
707	983
820	860
765	924
102	580
555	562
646	680
375	860
17	923
787	804
121	980
355	918
919	960
575	921
850	860
560	798
596	980
174	991
678	753
199	526
94	998
498	822
102	822
658	811
864	916
850	981
275	750
211	994
560	919
866	925
692	809
783	927
961	970
919	973
776	924
247	580
500	760
720	763
458	992
167	291
315	943
79	178
857	997
975	989
345	822
138	529
740	826
485	573
435	715
467	933
808	997
775	820
824	941
736	828
636	890
185	954
842	995
694	831
501	702
638	936
583	1000
624	772
256	376
393	876
30	787
244	258
532	890
550	944
206	905
407	895
522	882
536	780
608	656
527	731
117	833
170	430
865	992
502	903
268	736
87	661
617	890
629	715
736	841
647	998
418	946
798	938
742	777
420	726
360	446
478	667
730	888
853	958
569	970
816	847
57	795
566	901
263	900
122	924
533	724
501	957
642	896
480	605
573	796
614	834
366	732
520	906
542	665
318	957
915	947
640	742
538	960
698	949
918	952
496	963
367	849
675	965
876	955
895	968
848	893
707	917
383	793
489	960
616	735
440	509
478	801
607	686
660	778
524	917
188	968
885	896
384	614
904	909
311	809
4	100
234	562
478	922
216	922
161	986
665	748
389	850
697	966
908	920
570	632
313	976
487	863
239	761
371	917
887	982
706	907
389	971
12	984
361	643
600	925
223	938
133	227
718	917
644	702
453	582
706	799
375	928
595	931
755	920
306	828
61	997
776	979
836	993
674	931
803	816
734	982
863	867
525	579
912	988
347	987
345	877
787	993
861	942
28	712
124	649
322	930
344	423
523	654
775	875
238	936
733	878
678	942
301	992
483	703
249	536
414	869
741	998
942	988
680	988
418	988
671	939
485	520
638	762
951	993
541	829
935	985
824	888
810	990
736	775
226	939
823	929
405	941
138	826
28	954
229	944
363	944
325	423
2	901
520	598
425	775
309	829
598	666
400	947
78	896
504	775
633	660
38	716
681	822
906	940
529	953
367	891
312	955
647	945
633	781
75	490
761	966
573	851
793	891
520	961
322	488
649	846
723	832
175	963
703	853
288	611
348	625
532	971
17	791
430	960
765	913
336	507
786	972
87	971
68	692
642	964
554	851
320	684
688	851
603	743
897	961
938	962
181	754
709	910
662	798
767	851
753	916
104	278
494	921
848	961
526	910
273	464
223	872
806	964
644	865
556	789
242	333
183	921
362	923
885	964
40	872
155	859
838	852
119	936
771	862
783	916
801	970
820	983
572	918
181	996
157	410
685	795
690	873
196	338
313	923
762	978
478	990
82	990
555	685
868	916
338	687
260	996
172	883
554	985
769	910
507	873
636	758
672	977
534	747
369	939
625	865
592	688
965	970
588	983
882	935
197	832
632	760
766	989
363	986
456	948
831	862
349	822
660	980
849	879
164	776
618	983
590	884
273	719
975	991
405	875
680	814
745	943
564	868
528	945
476	755
486	948
80	260
546	999
145	655
453	771
837	882
330	822
638	709
333	827
453	892
835	994
76	905
673	895
310	843
937	941
548	900
400	773
914	994
518	994
611	956
927	933
388	884
641	835
85	617
38	771
888	941
544	902
800	828
411	787
579	600
909	1000
264	444
159	953
102	153
497	948
120	961
629	838
260	446
8	905
779	782
278	500
594	965
649	672
456	506
785	947
596	782
427	973
609	721
941	965
22	924
493	546
369	510
286	970
341	677
468	718
506	973
184	959
889	896
545	857
811	976
484	618
887	971
178	282
174	806
922	965
302	991
107	752
704	742
423	988
574	632
646	737
26	763
279	980
664	791
292	919
581	793
61	986
345	516
732	925
303	519
616	979
487	865
156	994
486	640
164	589
255	973
328	697
773	855
281	881
726	743
220	642
835	915
940	968
370	815
375	930
461	933
175	347
259	984
856	974
875	987
840	966
262	989
551	863
850	930
65	889
192	930
674	933
734	984
627	858
558	987
255	986
7	884
530	925
29	643
411	708
865	915
631	748
650	761
89	953
218	838
861	944
5	959
701	928
604	995
819	920
194	602
31	315
738	931
223	256
338	997
599	772
497	990
125	889
768	995
592	998
499	541
605	708
784	939
522	939
902	931
613	828
733	893
812	893
798	995
22	508
37	79
392	950
134	951
827	878
6	914
221	839
257	267
312	957
427	678
462	901
520	842
599	906
184	664
340	911
35	275
358	965
746	781
364	450
346	847
855	953
712	904
832	969
670	678
315	450
628	910
540	568
760	837
864	894
681	958
161	922
725	964
686	743
603	745
336	630
561	977
373	926
808	854
764	784
664	846
931	961
889	964
177	758
801	851
47	877
220	576
445	923
799	926
62	633
764	905
447	969
903	983
259	918
235	295
859	913
676	977
734	918
899	985
21	982
217	399
141	818
263	515
892	982
284	574
891	986
509	692
168	362
546	988
613	749
208	700
683	993
125	931
801	985
157	883
243	657
559	634
803	994
555	929
536	650
393	867
819	975
241	998
796	991
474	940
190	952
652	983
495	999
830	989
467	937
833	994
361	955
502	665
840	926
740	951
826	991
17	593
504	711
316	660
261	724
572	586
116	306
921	999
76	678
296	947
337	948
356	961
645	835
428	837
212	953
592	945
196	945
476	770
333	950
990	991
508	951
286	609
814	994
520	547
626	943
103	673
552	728
175	778
617	894
6	969
54	488
837	897
735	886
485	940
531	827
536	905
635	884
937	956
128	558
320	728
36	969
58	499
27	920
797	838
186	913
346	902
681	892
642	900
771	785
191	964
790	798
344	977
774	790
283	967
276	964
918	956
100	967
279	969
595	680
809	905
561	803
533	970
127	282
827	959
427	988
526	967
586	981
267	972
883	975
10	821
440	634
841	978
257	927
959	970
554	921
655	973
326	505
264	822
873	903
680	737
892	916
831	906
674	922
271	983
290	996
439	796
348	937
871	978
240	586
548	702
746	983
561	937
445	991
734	865
775	866
789	801
577	881
764	973
590	591
58	996
199	935
669	884
859	981
470	940
616	994
416	640
836	997
77	191
574	997
118	717
775	987
310	658
141	886
805	866
865	917
928	936
152	486
826	925
58	299
200	648
16	827
527	777
921	933
981	984
241	945
636	949
100	188
402	718
696	936
641	1000
775	1000
654	710
645	890
59	537
372	997
606	935
243	846
531	761
94	723
710	992
839	877
462	661
700	718
120	897
371	479
617	949
395	836
538	656
106	733
450	543
717	887
837	952
923	992
434	949
52	618
217	951
566	839
511	903
915	993
175	954
10	392
612	726
818	831
54	435
353	960
386	908
105	895
265	847
609	657
210	682
292	492
66	903
630	716
304	960
323	973
698	887
524	963
920	963
422	952
4	964
477	622
8	854
591	909
751	898
792	899
396	670
38	962
916	965
368	608
492	903
8	36
235	981
445	562
744	858
890	949
790	974
746	904
195	801
126	930
778	856
547	960
84	970
151	694
841	912
519	861
901	963
87	975
66	98
90	226
378	858
672	847
718	963
314	873
368	850
646	794
417	971
49	575
711	923
308	920
327	933
561	871
294	756
170	986
247	452
646	915
579	925
706	966
431	761
692	802
241	637
320	930
664	740
655	920
686	987
801	974
820	987
919	966
778	990
179	927
385	995
660	971
646	807
912	926
273	939
359	750
129	931
759	869
564	630
729	926
863	926
882	939
668	687
664	982
442	869
447	984
502	654
185	718
405	987
735	862
163	407
817	931
877	982
723	744
849	883
632	885
618	987
455	700
166	597
45	536
830	991
379	826
731	985
791	999
212	834
721	940
306	432
60	965
710	818
99	664
830	883
733	950
548	904
936	986
330	947
608	891
668	942
728	956
888	945
29	955
386	963
152	796
108	955
712	840
758	956
67	321
834	951
173	976
214	977
285	628
885	889
670	735
155	555
702	953
311	802
855	902
514	609
693	840
235	928
417	905
172	579
688	910
237	974
89	810
584	789
952	956
671	677
275	448
903	919
3	928
774	805
778	924
597	620
660	905
260	934
232	872
342	515
447	797
875	978
61	990
405	800
90	644
128	936
477	824
392	457
650	981
447	918
172	713
309	688
347	980
479	870
148	999
181	947
745	760
344	416
445	993
374	524
324	932
539	857
764	975
824	989
227	770
428	760
419	711
551	867
798	973
891	935
710	860
555	986
789	924
646	875
847	865
893	981
549	942
631	981
698	742
653	999
97	781
363	937
927	979
839	866
687	997
921	935
599	655
208	999
678	948
819	924
254	886
689	814
675	879
386	776
666	830
110	612
37	70
830	938
976	992
131	900
687	889
833	943
48	902
524	602
367	884
928	951
114	209
110	733
886	954
564	940
825	944
693	761
15	617
758	890
18	851
582	664
661	957
677	938
811	901
341	723
828	841
248	266
869	879
626	892
244	561
371	602
846	895
469	908
670	898
582	785
656	771
642	836
482	618
361	557
163	838
287	379
182	851
466	610
908	955
663	895
387	731
371	494
106	977
491	788
656	892
193	865
380	728
853	911
894	949
355	900
487	790
247	549
371	844
609	672
788	903
653	678
658	793
429	970
732	742
327	922
368	960
170	975
11	164
711	804
177	870
774	860
149	808
570	801
210	229
217	390
871	914
213	914
595	979
177	991
581	852
669	699
218	763
512	981
419	753
295	983
759	858
93	997
46	922
65	935
426	914
481	584
252	761
783	922
378	873
553	874
644	992
454	868
242	460
211	881
752	976
764	801
972	979
479	817
680	807
537	987
570	935
270	643
270	414
863	928
38	522
186	420
7	943
623	946
455	810
845	995
564	753
118	895
500	997
481	718
453	656
819	979
571	877
956	984
67	297
537	1000
526	582
13	1000
490	659
770	942
522	877
467	941
756	815
520	538
84	651
208	946
221	885
138	887
105	710
900	944
201	943
677	872
121	425
420	721
277	901
612	891
557	955
777	995
505	536
6	852
45	780
688	886
545	837
853	953
471	659
75	659
911	931
677	764
176	482
355	713
319	790
346	893
804	953
141	380
237	842
718	886
140	909
481	973
234	544
640	966
146	202
459	662
593	891
698	944
285	509
684	780
876	950
251	898
149	850
302	863
415	740
360	804
131	981
681	896
712	963
249	973
887	964
697	840
193	812
655	843
760	896
584	899
66	973
644	684
360	925
883	966
813	907
758	971
596	909
766	795
403	743
771	910
479	738
195	979
616	972
491	977
871	969
31	992
424	923
426	969
555	625
750	800
213	861
72	885
958	978
20	466
400	687
438	979
708	803
498	993
875	980
424	815
60	767
146	807
588	923
789	913
412	926
849	927
403	877
711	993
543	628
204	933
345	872
565	875
668	744
444	999
315	885
879	927
824	991
15	593
617	698
42	992
553	942
694	881
317	931
160	947
471	580
393	926
222	778
736	999
851	986
689	924
515	771
430	929
333	996
847	988
222	899
497	875
818	930
331	842
619	720
724	773
916	943
508	889
976	994
90	901
635	701
673	956
731	934
772	935
786	833
340	783
446	950
289	966
610	994
54	547
964	997
730	830
23	968
749	843
881	999
339	679
402	964
52	851
575	663
115	907
679	720
725	836
461	497
908	957
994	997
512	728
517	843
300	845
396	553
690	734
695	849
203	912
422	956
269	448
642	959
232	566
719	913
718	954
957	970
468	779
547	843
748	833
436	975
362	797
744	862
637	736
931	954
628	916
755	957
567	906
630	962
368	962
607	978
560	903
417	854
21	854
885	959
563	908
389	792
86	983
482	983
77	934
820	978
776	908
239	932
373	932
808	860
752	965
683	865
829	919
562	804
722	793
713	973
861	871
678	871
134	744
306	999
39	884
405	978
197	948
541	758
835	976
618	978
444	825
590	879
975	986
782	820
933	989
284	580
311	417
710	917
844	917
632	997
766	997
948	974
351	755
442	873
865	976
562	938
796	876
317	878
532	766
826	984
687	825
411	661
576	994
268	841
56	958
534	997
550	941
825	880
429	651
61	255
682	831
24	602
693	697
617	887
890	982
923	930
441	661
694	841
702	931
58	600
452	490
944	989
159	948
797	939
420	723
365	787
464	995
557	957
271	600
791	895
26	274
158	430
770	957
828	898
621	834
74	207
929	950
786	901
276	836
494	500
760	885
200	962
107	734
360	914
855	893
579	958
535	659
628	850
380	785
416	967
507	560
154	967
314	919
112	970
621	847
929	963
693	952
189	924
202	863
788	960
158	793
171	503
410	748
267	965
556	839
7	745
176	968
792	971
391	627
313	973
113	619
182	224
552	989
137	747
305	560
403	866
12	981
755	796
204	922
801	912
74	812
528	982
817	856
301	976
229	807
775	980
109	927
893	972
488	923
722	861
529	695
782	875
798	856
311	472
490	703
266	995
319	592
835	923
558	874
117	643
562	993
620	934
858	991
641	993
608	816
747	931
7	892
912	998
865	923
161	541
515	773
50	939
449	944
729	998
66	654
200	883
888	991
860	929
340	893
689	818
535	580
559	708
550	888
603	714
319	955
179	423
695	717
529	950
656	762
702	878
210	904
721	891
394	496
480	536
263	952
712	778
758	894
86	730
821	950
297	950
727	763
316	963
853	902
503	789
916	958
162	496
341	727
869	883
74	383
79	727
602	768
115	909
540	792
22	866
765	910
228	971
369	910
883	902
38	847
690	736
681	953
725	959
329	501
265	974
614	899
719	915
97	343
396	676
704	792
745	793
855	961
137	910
734	900
852	892
193	990
889	959
226	386
437	798
487	915
201	558
32	749
373	813
82	866
546	741
491	805
577	808
477	870
563	910
799	921
885	961
820	980
152	521
644	983
341	982
79	982
597	679
817	911
294	641
280	743
519	988
546	862
11	289
95	926
577	929
174	990
553	986
553	757
229	633
652	736
416	459
238	867
668	680
766	986
7	934
967	976
549	988
406	414
84	400
301	923
497	798
750	978
405	980
606	970
639	918
644	996
944	965
321	986
531	567
849	876
539	687
525	752
692	929
912	932
409	806
777	973
534	986
823	860
754	989
735	747
974	992
633	699
638	814
757	765
407	881
580	809
613	757
510	750
823	981
23	891
518	870
960	986
251	526
738	873
435	835
302	720
429	532
593	640
180	996
395	884
851	935
763	822
738	994
187	891
911	922
448	666
613	999
654	1000
668	935
43	846
566	887
48	961
387	427
645	951
225	365
689	994
381	841
153	196
707	782
622	940
663	941
723	763
129	253
487	715
277	905
621	715
411	905
684	1000
758	949
340	961
793	943
834	944
828	900
869	938
712	954
973	995
183	610
862	898
922	949
581	656
586	734
685	713
607	793
276	959
579	731
596	900
359	664
773	947
492	964
748	890
753	968
343	841
403	855
329	677
172	693
741	850
294	804
676	906
30	236
227	750
669	866
655	968
378	919
171	855
147	232
518	670
354	976
836	979
357	981
338	739
439	791
692	742
67	919
172	706
218	822
616	868
187	462
319	581
431	822
527	530
766	812
488	804
259	981
281	999
666	810
652	912
163	455
22	479
275	696
132	876
27	594
674	930
734	981
775	982
178	763
847	858
38	460
351	920
659	807
290	415
9	927
787	992
537	817
237	525
270	473
839	859
352	1000
696	810
816	875
398	887
434	581
687	761
62	938
20	941
565	1000
499	646
113	876
555	992
622	753
200	764
976	985
731	925
543	874
548	952
226	938
969	982
624	947
388	936
911	977
930	990
314	492
112	772
920	945
501	998
344	785
913	942
539	997
714	998
318	998
354	426
698	990
18	965
288	597
545	896
663	888
603	608
828	955
244	904
901	945
15	852
18	857
730	834
582	670
716	899
614	888
254	316
591	904
806	829
792	894
230	898
359	490
498	797
98	863
192	727
486	679
646	668
739	896
31	809
77	925
79	971
313	909
354	910
896	964
63	963
290	925
813	966
128	863
558	676
692	905
931	958
84	268
301	791
549	627
37	452
107	925
657	803
473	982
662	918
192	740
505	971
866	913
463	974
752	848
81	643
287	977
466	979
713	856
179	922
674	864
412	864
870	924
606	851
537	980
344	585
294	993
60	826
421	805
25	576
420	580
585	913
650	813
837	868
537	872
44	710
439	980
673	881
833	870
819	972
442	985
805	808
648	824
226	872
515	709
331	888
124	824
148	952
523	829
421	818
333	934
388	641
830	986
236	772
805	929
488	993
446	996
606	985
812	824
944	980
624	773
453	891
186	776
525	996
291	829
668	816
814	870
610	811
615	889
73	606
601	991
656	927
804	825
886	894
531	932
259	473
228	665
140	781
797	822
404	827
786	892
612	776
703	894
381	843
475	478
688	771
366	720
283	951
434	891
602	704
318	945
538	948
266	489
557	961
54	835
114	620
637	661
475	599
760	997
311	905
980	1000
792	949
503	846
511	966
115	966
290	967
725	895
398	500
155	779
545	964
760	889
776	833
855	897
841	962
436	913
71	263
669	855
553	680
195	972
704	849
234	671
528	623
440	739
514	725
285	865
569	624
660	779
202	867
618	782
310	400
351	438
783	849
713	790
176	851
662	973
514	846
285	757
233	567
627	723
477	927
155	913
576	906
755	908
438	972
759	798
358	454
431	932
750	914
650	976
870	979
414	736
667	916
722	852
424	929
947	970
280	921
421	860
844	963
541	925
425	750
444	763
301	980
442	919
189	244
636	704
782	987
856	973
784	804
192	929
412	932
849	933
150	932
296	986
599	758
213	988
180	811
166	876
75	465
467	989
384	991
131	545
310	776
879	933
772	807
483	704
923	976
474	884
419	948
782	1000
620	938
504	992
420	769
594	656
590	951
428	889
529	941
804	880
413	995
532	946
895	998
867	936
96	830
624	949
784	938
522	938
681	931
714	879
483	946
717	884
617	946
340	897
343	414
515	898
274	543
790	837
296	302
559	941
55	913
853	893
316	954
443	995
503	780
797	998
635	936
681	823
250	307
329	600
730	944
876	998
463	600
371	718
651	772
133	846
224	964
661	965
345	436
806	831
897	949
478	965
899	958
615	970
45	854
628	909
688	960
829	899
512	734
553	735
653	673
806	952
603	852
473	742
63	844
519	858
257	858
197	578
494	801
595	853
713	845
176	906
350	793
322	960
451	616
776	901
192	850
486	573
665	804
169	866
477	753
549	858
158	973
727	901
553	977
93	992
253	981
850	971
247	678
519	871
439	619
926	966
824	918
650	802
218	879
460	907
493	855
644	987
284	452
305	511
549	871
414	912
689	851
529	633
914	969
41	815
643	920
495	756
701	861
123	884
747	977
766	990
296	812
777	856
496	577
377	885
363	987
383	407
715	880
173	597
434	867
742	754
921	985
590	885
359	989
185	836
666	880
569	947
784	872
25	820
522	872
527	950
272	697
925	996
312	998
749	999
782	947
740	950
388	993
858	942
85	955
179	590
198	603
874	886
318	705
340	952
279	942
821	996
339	727
380	765
807	832
996	997
297	996
600	768
297	767
806	873
930	939
140	783
598	843
596	770
890	988
568	937
124	960
848	991
383	891
89	444
195	611
723	996
813	889
397	947
727	822
853	961
209	896
406	915
628	735
506	974
472	609
596	904
499	971
58	740
570	851
551	609
644	800
211	689
403	859
692	733
172	926
653	741
281	869
410	754
762	913
187	453
192	797
49	977
579	977
687	739
623	754
631	844
409	502
180	679
875	975
658	977
606	787
252	932
500	805
766	924
153	926
342	862
810	967
884	916
777	790
782	868
479	867
570	985
523	873
75	225
388	685
541	927
715	814
21	928
879	922
824	986
722	975
56	885
735	914
900	981
50	582
611	878
349	878
233	932
295	349
291	873
912	991
511	647
629	868
870	994
171	993
133	472
606	921
551	985
721	871
229	934
559	809
812	989
256	771
438	519
145	940
562	999
730	812
243	953
578	943
48	899
918	984
207	892
548	956
312	945
205	819
136	194
163	822
72	209
536	838
608	943
758	887
64	964
480	650
366	777
719	895
402	959
78	81
728	900
915	992
510	943
136	207
517	838
676	831
607	960
693	1000
607	731
464	948
505	949
734	772
901	949
505	720
276	897
945	955
752	826
716	903
3	967
584	720
778	963
126	808
635	951
982	995
607	852
753	906
467	549
790	973
581	836
686	852
42	787
773	777
470	968
652	716
850	960
487	908
547	959
5	639
748	949
482	978
24	100
227	688
480	905
323	396
521	677
364	922
875	909
80	934
396	911
341	975
685	785
509	559
459	967
588	852
241	973
86	870
774	978
56	927
690	984
542	857
146	857
646	914
461	868
777	845
842	974
606	963
262	924
336	873
551	798
674	868
300	398
95	932
136	933
273	938
433	927
73	355
372	917
754	982
768	917
69	879
187	871
701	863
236	992
805	920
543	920
510	743
634	809
749	759
7	122
666	990
418	925
449	992
490	535
489	805
84	756
777	979
642	754
416	936
8	882
429	646
332	713
772	985
20	892
837	885
329	415
95	248
124	949
807	942
881	928
633	826
941	942
779	880
723	985
38	882
649	770
580	936
902	987
693	813
626	823
937	944
97	967
334	651
955	998
834	937
676	765
888	944
220	485
804	950
408	950
716	837
655	827
127	967
676	886
621	721
357	611
799	956
540	732
719	963
672	888
588	894
753	961
238	781
291	378
637	786
210	978
581	891
130	955
639	832
671	784
506	976
412	789
227	514
237	973
273	630
295	914
460	493
699	738
322	788
382	802
690	918
762	794
662	856
352	630
241	799
683	915
736	741
468	963
487	976
46	745
863	967
252	813
665	982
384	740
824	975
411	577
48	525
939	962
273	872
42	976
61	989
262	979
740	752
798	959
289	587
836	985
321	805
338	974
546	923
851	970
567	982
638	862
94	469
863	980
238	928
761	932
425	983
585	972
428	988
361	998
157	939
143	775
738	921
916	927
112	415
893	980
134	928
937	986
890	911
694	999
446	934
969	975
666	937
812	991
292	467
550	991
8	708
803	942
341	588
888	986
525	934
323	948
326	990
661	714
430	818
812	883
550	883
765	771
272	875
874	943
612	943
235	956
469	894
505	588
582	771
765	892
677	816
11	955
33	714
157	255
303	309
142	886
381	902
802	932
683	715
540	666
853	897
746	771
792	887
533	892
662	777
607	612
32	381
739	997
918	999
618	707
351	363
716	784
719	789
168	915
111	381
778	844
864	884
828	961
869	999
566	961
794	825
202	913
439	597
945	957
310	446
260	854
862	959
989	1000
350	784
792	900
33	848
248	736
795	905
588	841
274	910
549	620
232	913
356	454
829	903
801	841
308	908
65	921
68	926
482	980
246	969
320	918
466	972
359	846
856	898
639	900
350	797
644	978
685	787
127	459
269	808
272	325
604	798
134	620
516	685
287	862
755	967
433	916
636	750
509	911
121	277
617	858
326	911
680	914
303	927
564	968
743	970
25	690
321	752
370	873
444	822
356	938
92	865
430	860
509	924
27	884
335	1000
32	999
715	992
696	750
539	803
761	879
733	817
280	283
865	973
648	938
245	999
397	575
944	973
756	922
682	707
401	694
4	994
279	704
550	938
228	887
176	468
695	767
874	998
800	820
175	768
906	987
276	820
703	887
730	990
284	940
941	944
108	714
839	933
261	956
402	666
816	949
120	953
739	931
749	895
499	949
788	823
416	951
154	951
314	903
401	828
649	664
828	895
781	820
113	132
931	993
246	890
672	998
586	729
534	539
679	893
101	916
794	880
598	968
417	893
813	893
664	770
688	898
961	993
512	901
572	952
878	958
201	487
929	960
271	960
426	605
288	900
744	914
389	952
213	726
158	790
359	780
130	957
328	447
820	909
561	914
602	952
51	812
720	907
665	742
150	562
585	719
917	963
213	847
39	465
479	737
396	968
33	916
759	791
817	961
426	847
324	799
585	840
870	972
782	859
586	984
190	984
924	979
333	740
604	974
356	872
29	514
942	969
708	802
479	979
381	407
680	969
418	969
456	995
583	807
335	705
574	987
935	966
761	813
93	125
590	931
805	856
906	908
166	640
245	933
694	759
205	568
418	861
745	990
927	967
839	854
435	764
314	474
527	996
824	990
180	925
254	874
648	764
942	982
4	699
157	941
518	920
740	996
437	995
740	767
316	934
127	769
858	988
645	880
772	921
851	985
529	934
601	810
928	939
191	417
927	980
858	880
911	972
443	638
164	957
828	937
709	757
43	896
29	998
602	631
132	187
818	929
455	877
670	765
568	754
661	945
587	767
191	767
358	944
614	870
821	934
108	998
976	993
781	983
497	995
934	996
698	985
730	937
573	953
531	993
302	904
691	716
952	986
663	883
542	593
184	885
781	875
10	732
304	950
533	773
348	727
526	999
779	950
686	722
853	899
677	939
135	619
57	965
868	884
813	948
291	314
39	278
364	563
459	837
744	969
669	795
3	971
875	900
372	545
561	969
896	959
439	720
852	889
586	918
671	962
151	926
269	918
202	928
780	905
411	513
466	974
144	923
345	913
153	864
222	469
411	634
464	497
669	929
548	639
726	911
537	746
5	885
784	852
502	873
629	685
446	978
408	457
738	857
583	983
294	880
481	935
782	819
592	924
402	534
71	929
162	293
508	701
181	306
948	973
29	932
511	706
115	706
749	992
821	868
408	470
740	943
449	996
738	870
886	997
724	935
242	703
321	996
407	999
481	948
333	821
944	975
635	863
599	940
19	365
538	930
791	881
147	779
837	997
138	996
141	476
339	720
688	874
894	979
438	699
489	930
131	956
248	309
874	1000
607	656
249	948
450	709
491	710
224	891
922	933
941	946
22	905
25	947
295	542
883	941
60	379
662	713
758	946
610	819
340	958
904	1000
482	782
475	594
513	886
895	951
834	941
254	366
209	889
198	959
709	946
404	835
505	887
545	959
369	962
443	948
148	734
468	712
748	995
225	725
546	780
771	898
408	846
716	962
378	903
355	956
470	906
509	605
10	921
748	887
734	952
725	903
494	970
419	567
542	903
602	954
237	267
899	911
783	965
722	726
18	344
336	919
831	898
891	912
743	785
789	901
374	393
761	802
544	804
893	958
125	857
455	732
130	972
768	963
787	976
129	747
905	968
817	855
266	981
517	563
159	855
233	804
453	578
819	901
365	465
441	689
83	981
601	678
231	879
317	919
694	869
523	987
891	925
555	976
99	696
830	915
374	406
217	688
599	753
590	933
442	806
328	933
268	653
212	987
12	404
946	982
425	987
604	989
34	873
598	649
455	866
648	995
763	982
55	895
641	992
16	940
976	982
184	753
915	972
337	995
557	998
268	895
937	990
474	1000
111	948
59	758
212	1000
152	720
895	993
353	710
430	930
272	987
594	772
888	990
425	1000
263	938
693	751
763	995
152	841
983	998
897	931
360	955
470	598
795	883
915	985
767	821
49	541
128	834
725	824
609	649
848	931
908	945
94	957
448	960
272	1000
575	772
883	888
225	659
827	993
920	955
535	821
609	770
790	845
485	1000
600	950
364	673
584	713
450	898
899	953
338	428
472	657
725	837
535	713
755	945
732	961
773	999
126	922
616	786
239	799
799	907
711	794
595	848
774	850
419	622
83	673
165	971
817	897
165	742
385	974
533	909
701	722
852	891
711	915
315	686
650	905
768	897
639	783
215	684
456	810
51	990
342	910
648	687
264	990
229	740
583	972
165	984
32	869
660	963
522	733
123	987
300	391
585	789
810	907
669	931
56	933
245	869
331	872
713	974
726	913
234	976
215	697
208	694
139	823
689	738
749	752
386	700
840	907
248	995
944	964
803	988
555	923
272	800
217	635
626	803
120	931
20	993
483	754
593	626
851	921
587	811
955	978
592	926
740	824
578	762
250	933
673	999
800	811
749	994
909	983
654	878
879	996
557	945
596	644
601	988
582	709
413	937
397	929
853	943
435	955
378	421
751	932
388	880
66	829
602	809
888	937
376	991
450	711
188	940
711	715
394	779
429	773
286	724
640	956
492	829
915	932
505	768
832	897
496	948
269	491
697	938
480	940
466	776
727	817
792	946
644	782
718	768
676	771
588	887
794	992
827	940
436	789
427	969
783	833
565	610
280	892
137	843
753	846
169	795
348	797
494	851
917	954
461	674
889	892
278	738
498	970
572	956
671	898
597	720
583	785
951	952
299	797
789	890
822	838
357	967
431	916
651	956
493	784
534	785
861	914
643	957
762	908
472	846
940	951
678	914
857	916
898	954
125	738
111	574
501	729
768	844
262	972
28	805
437	973
674	916
137	977
121	215
714	729
328	922
884	911
667	913
405	913
551	967
303	865
611	981
564	906
946	971
294	816
421	857
756	847
135	234
374	516
816	861
384	975
687	747
714	850
170	457
474	868
358	922
377	935
335	938
830	917
641	752
935	970
543	860
4	811
432	763
467	986
250	988
816	874
626	979
717	868
983	987
386	768
298	884
427	769
513	809
518	924
191	529
941	990
297	925
242	989
839	979
691	815
135	597
233	940
916	933
453	943
709	869
117	994
800	987
318	755
409	873
579	759
876	982
413	992
716	764
228	946
184	647
860	930
381	895
983	1000
661	949
705	992
894	928
149	774
880	993
434	943
184	997
781	987
855	936
621	769
41	194
49	543
307	838
293	903
334	941
273	436
630	939
184	889
607	726
371	715
128	728
117	310
246	949
683	721
567	775
603	957
878	896
781	1000
637	955
164	277
810	883
91	967
774	960
699	786
831	942
55	455
523	560
748	944
775	781
819	824
447	952
820	968
768	778
713	842
861	969
817	899
132	796
808	850
653	912
138	732
914	953
451	963
845	853
327	927
407	627
68	932
733	797
678	861
15	517
309	735
340	573
634	791
262	919
647	730
845	974
113	796
187	745
335	872
641	915
541	748
761	980
849	864
921	969
577	930
819	958
139	933
433	922
92	629
647	851
545	574
729	920
233	753
527	934
30	653
907	926
309	977
601	856
389	448
740	934
826	974
504	923
793	797
127	936
839	913
13	871
963	979
104	989
742	980
733	931
777	974
684	746
469	592
735	977
936	967
532	877
518	979
807	816
11	882
314	654
319	998
830	985
742	872
916	988
814	977
612	762
304	646
598	827
610	689
221	877
307	880
23	892
334	525
270	998
177	541
751	813
200	939
816	942
635	867
855	870
700	996
693	808
395	885
343	695
918	926
18	898
601	990
637	647
769	803
760	983
167	883
649	657
332	950
170	888
189	901
593	762
519	547
862	886
232	719
347	706
682	955
776	819
156	616
188	834
90	262
282	432
433	601
773	935
64	209
570	606
470	668
690	900
27	327
574	725
887	956
147	917
785	945
669	733
336	560
382	905
542	894
611	728
896	897
841	961
882	962
206	450
899	902
259	956
891	903
743	776
108	265
734	956
954	959
324	563
912	962
768	954
372	725
413	497
382	918
924	972
110	230
206	692
882	975
352	746
136	862
141	977
650	854
479	972
498	985
74	923
251	556
77	403
583	800
951	967
641	741
935	959
351	908
186	346
634	967
437	867
467	975
324	926
62	926
387	457
469	755
400	921
78	870
501	973
231	883
14	885
793	852
110	593
201	977
311	583
209	572
775	983
728	871
833	924
511	873
585	859
807	871
480	513
605	922
2	888
425	991
62	939
392	814
920	933
480	634
485	978
242	991
858	994
462	994
319	945
379	996
594	884
401	755
635	922
649	820
203	999
492	873
814	924
337	999
915	976
156	658
918	981
36	778
691	938
591	1000
364	543
135	720
520	827
869	981
533	766
712	997
323	956
161	894
505	704
818	935
568	989
105	999
427	784
788	992
3	951
521	648
341	946
406	846
454	594
915	989
304	835
887	890
670	892
307	840
31	905
466	833
471	948
864	879
468	879
986	990
549	723
320	900
769	992
181	970
877	939
651	892
477	968
16	381
637	957
342	780
774	962
815	963
78	441
699	788
432	444
748	946
808	960
558	785
736	791
451	844
878	911
108	441
261	683
789	839
775	904
720	968
458	968
632	855
544	742
67	854
493	962
667	849
842	850
336	978
243	750
93	991
690	981
657	804
151	932
803	858
302	347
181	286
747	963
585	901
356	812
39	876
777	842
837	856
446	971
928	974
205	616
625	973
756	904
902	958
613	855
673	869
34	919
10	296
404	452
596	622
823	850
518	968
652	968
757	984
335	995
830	974
401	568
833	979
888	915
103	645
626	686
142	344
620	871
499	581
531	799
300	866
723	969
756	917
742	982
714	920
136	943
263	984
473	528
700	756
97	951
694	941
358	992
788	805
974	995
812	933
490	882
545	589
691	872
932	998
462	820
663	810
434	987
508	936
613	989
814	979
492	928
598	600
288	640
367	933
804	934
515	831
909	987
388	992
825	993
552	834
698	925
408	826
788	818
457	947
80	731
190	374
728	952
469	957
719	839
484	942
281	613
382	665
676	883
795	834
662	719
598	963
774	896
507	781
875	948
94	908
878	953
108	254
373	966
156	968
178	727
431	907
560	829
646	832
651	947
417	780
114	971
306	912
287	670
83	611
456	856
643	948
435	504
486	735
431	799
799	966
623	969
664	778
394	917
120	385
553	910
787	848
5	812
206	802
412	907
627	832
150	907
315	745
428	622
722	840
87	329
529	674
708	905
405	904
787	969
424	917
694	741
410	982
88	968
162	917
308	971
437	856
817	848
662	974
522	671
618	904
623	982
144	984
92	794
166	743
617	679
331	810
671	915
168	523
51	941
197	995
145	805
357	984
236	923
571	913
254	977
395	687
221	571
345	866
212	980
395	458
823	905
647	908
826	910
592	743
191	399
812	975
151	1000
195	518
847	969
384	979
516	869
939	972
455	859
496	631
499	636
707	814
416	867
599	988
43	770
786	814
557	991
953	991
587	870
633	986
848	911
350	405
481	888
272	980
240	947
760	919
858	996
572	639
751	870
281	426
217	936
781	978
758	994
832	943
629	880
207	891
895	999
196	998
91	716
707	948
834	989
952	981
589	929
608	942
864	868
346	942
118	260
964	991
64	963
89	727
327	784
349	543
868	879
546	828
257	725
959	997
586	900
658	776
809	945
588	946
711	787
989	997
581	943
815	844
685	1000
657	672
439	486
659	718
669	911
870	901
116	964
553	965
451	954
88	902
759	841
382	854
803	847
211	972
403	913
40	861
926	954
447	956
736	793
903	970
245	741
181	985
652	836
657	914
239	926
569	801
99	623
238	967
357	918
241	972
158	974
323	516
815	978
231	927
432	688
671	970
523	806
643	908
134	967
548	984
823	960
331	986
4	628
534	857
842	973
699	924
740	925
363	975
583	978
622	906
44	929
849	868
305	741
19	118
893	911
225	452
474	927
634	916
152	876
255	331
64	763
537	983
573	640
569	935
825	861
118	999
264	299
668	914
117	811
103	876
277	763
409	919
106	881
367	922
587	925
177	532
452	471
943	974
717	927
307	763
596	637
50	878
110	892
476	986
121	758
869	917
395	997
343	578
909	989
619	890
479	587
584	640
162	422
271	823
706	751
885	982
769	807
936	984
36	956
208	245
397	935
52	900
910	931
393	412
596	1000
692	708
889	993
567	713
410	729
396	831
883	949
445	952
857	896
442	654
264	796
391	608
514	944
662	842
491	960
389	949
213	952
199	559
778	909
504	606
690	796
817	837
519	914
775	840
202	978
26	981
623	971
604	729
939	948
53	855
361	971
958	961
639	952
537	904
757	907
220	968
817	958
449	562
951	958
646	847
954	963
893	953
475	965
549	914
194	686
567	968
190	981
148	984
17	272
583	912
421	850
346	676
497	845
342	971
699	979
900	969
798	958
817	971
696	910
803	807
613	912
286	517
497	966
566	571
312	920
334	450
69	933
14	997
215	987
399	579
927	964
321	925
949	982
668	969
356	882
675	864
124	990
513	802
724	985
641	987
295	350
816	988
668	861
516	992
648	882
183	294
656	743
909	923
105	869
812	990
760	800
550	990
302	888
374	993
737	816
186	942
167	700
392	818
901	924
216	821
964	980
40	595
983	993
802	918
342	408
135	603
484	757
23	133
630	811
883	991
131	898
781	980
404	993
698	982
813	932
615	947
563	757
744	832
716	999
790	948
628	886
705	877
489	993
52	955
528	655
189	960
87	949
799	889
904	942
661	955
265	955
34	305
292	829
801	935
834	883
517	947
396	886
96	365
514	649
887	894
425	540
193	971
549	835
773	994
484	891
704	894
514	770
479	668
878	902
743	943
338	894
899	961
95	907
558	668
351	604
857	964
177	976
815	967
474	674
914	946
570	907
454	961
46	907
371	963
178	797
549	969
576	843
565	684
47	169
558	910
733	911
879	965
612	621
199	977
474	916
634	905
708	854
171	915
9	853
592	908
666	857
160	985
872	962
247	910
844	900
443	556
117	800
413	798
163	623
583	980
724	919
383	626
71	805
81	998
678	988
122	770
717	916
309	862
510	852
754	983
402	760
907	932
681	855
948	970
571	983
560	565
818	860
909	978
666	991
270	991
740	940
881	916
449	993
41	939
886	994
724	932
737	871
379	934
654	873
901	979
422	981
749	881
200	824
406	892
376	986
610	924
788	930
880	933
56	257
140	894
676	874
693	814
188	827
237	948
433	594
37	365
350	825
676	995
115	958
335	436
887	949
706	874
73	961
873	987
190	728
234	771
1	977
202	967
885	997
477	906
72	857
829	836
89	797
875	952
350	838
336	903
528	844
239	741
319	441
527	619
766	901
865	880
590	675
361	852
810	944
829	957
185	626
551	949
662	965
123	916
219	624
257	916
21	905
458	906
604	960
241	908
576	898
521	962
391	852
339	396
187	793
522	783
35	924
250	849
761	799
585	839
175	675
507	919
946	966
949	971
71	739
604	973
15	578
45	457
261	984
641	976
756	963
258	686
506	522
139	994
703	807
854	976
348	350
721	861
143	884
911	958
723	907
305	919
258	807
879	925
290	530
240	938
59	863
615	815
518	919
900	984
256	882
448	823
30	835
203	992
492	866
538	982
698	971
700	815
194	943
937	987
496	756
298	1000
91	936
867	928
705	866
779	815
378	471
383	586
911	971
401	869
142	874
1	898
610	979
629	992
804	993
366	767
663	990
635	928
387	826
855	931
528	536
271	880
1	790
155	705
463	821
600	826
589	933
167	944
649	947
285	670
101	849
519	608
843	934
265	957
788	998
366	780
61	898
364	670
556	877
74	608
454	829
695	955
781	995
982	985
274	898
394	963
595	953
669	902
312	372
451	945
699	781
137	785
431	966
627	649
183	901
123	621
530	716
631	768
287	729
655	896
667	950
400	606
653	786
726	776
467	552
752	950
631	660
755	955
88	906
262	793
253	973
454	963
412	966
481	571
109	965
150	966
926	958
361	920
111	974
741	912
928	967
261	918
476	614
517	615
696	846
761	975
893	902
516	915
534	969
377	985
826	848
55	705
757	977
674	979
393	966
833	972
659	856
48	931
263	856
285	349
221	859
529	975
358	864
251	738
867	970
900	918
44	933
134	863
356	939
249	813
703	754
568	795
45	525
677	967
825	865
715	993
322	510
869	908
57	764
236	995
580	805
538	808
612	757
909	980
501	926
802	854
624	996
806	973
489	808
219	947
346	988
786	994
423	942
538	929
684	983
445	472
81	424
298	947
292	873
540	709
531	926
383	762
737	994
489	929
957	997
415	714
929	935
392	996
244	832
101	783
472	696
730	991
293	953
334	991
325	942
526	932
438	819
723	988
864	927
883	940
822	930
855	878
211	776
560	930
901	994
725	997
945	1000
810	812
614	937
977	989
176	940
47	789
214	966
88	598
253	894
449	540
108	247
445	835
352	607
871	943
53	496
667	884
130	945
889	997
185	386
190	730
284	365
46	722
968	997
579	956
753	843
21	894
764	938
859	946
564	769
169	913
852	943
488	895
870	960
551	951
528	967
743	892
729	957
440	854
488	787
42	966
639	956
317	905
652	895
160	921
539	725
198	395
392	446
791	909
502	806
400	795
345	859
163	330
495	803
930	960
756	844
816	858
645	976
678	924
254	862
634	854
565	983
333	862
489	850
775	978
508	863
84	801
953	984
268	881
937	976
73	413
261	878
816	871
902	911
258	809
772	801
675	868
394	589
344	997
96	932
182	935
707	820
242	986
605	809
291	878
676	689
478	933
285	309
937	989
670	874
307	822
675	989
890	914
31	658
144	306
278	535
355	984
737	820
888	989
280	581
147	954
670	766
293	779
7	422
526	987
774	823
732	826
556	866
621	995
468	524
896	934
794	923
959	990
174	720
494	890
697	761
91	951
447	586
691	946
773	985
424	602
267	884
382	605
660	815
63	596
945	947
246	946
394	844
213	769
862	949
521	656
22	972
223	962
116	607
295	838
685	993
878	893
671	829
98	967
836	896
574	896
51	626
739	1000
868	885
40	962
351	595
636	727
83	780
773	998
353	375
124	552
451	718
96	490
657	786
390	967
627	651
128	967
692	780
986	998
337	552
824	899
507	963
639	890
220	906
385	973
300	377
747	837
169	860
733	902
365	506
475	903
842	845
441	501
454	965
421	788
756	778
486	917
107	332
351	729
731	950
510	722
902	953
576	968
636	982
684	730
138	971
367	565
320	453
232	340
705	789
70	278
99	750
443	560
608	627
828	859
236	984
29	920
645	923
103	640
612	746
120	809
505	620
488	976
629	915
906	964
532	982
53	230
624	985
335	882
217	863
464	969
571	866
483	982
20	992
791	869
688	862
738	979
416	928
176	458
71	930
809	859
332	934
146	286
786	875
832	991
427	942
642	867
224	879
282	295
306	652
8	995
256	831
724	936
402	885
503	708
401	926
506	713
459	867
222	954
920	996
441	998
174	883
77	950
130	813
980	983
639	690
484	816
300	995
107	829
654	998
795	937
693	926
753	940
868	927
290	950
376	990
87	887
510	990
973	980
477	547
950	996
287	652
686	886
584	875
468	700
762	881
65	724
767	996
95	832
431	552
458	655
857	889
655	940
359	649
567	827
106	203
157	663
498	727
699	717
33	893
575	947
179	947
799	840
871	945
296	714
458	547
623	843
972	997
172	907
328	666
37	490
116	783
135	796
391	722
468	942
197	856
219	615
898	940
878	961
836	964
95	966
882	972
197	869
136	859
15	569
699	972
377	921
721	731
252	926
849	916
632	918
326	848
548	924
653	977
143	875
303	864
319	808
65	403
879	916
782	983
941	976
242	975
613	918
654	919
189	819
557	986
633	752
366	408
92	105
462	870
451	452
649	696
728	989
640	876
827	968
390	701
207	994
293	768
941	989
880	979
517	927
346	816
739	747
937	991
890	916
876	981
293	660
196	993
540	766
595	702
655	753
707	943
493	691
572	984
429	935
195	768
794	804
904	935
790	833
70	480
512	825
880	992
603	943
88	534
470	599
542	704
643	756
896	936
808	823
376	937
711	890
394	954
669	893
209	945
630	938
14	669
690	952
547	940
299	838
197	790
40	843
347	1000
20	376
424	954
460	648
162	954
570	779
542	946
982	989
357	900
54	899
852	879
604	777
144	792
33	961
316	495
407	613
715	729
254	785
245	965
842	955
367	433
421	898
877	949
715	850
219	683
365	737
34	903
414	895
636	971
636	742
694	912
933	965
569	917
233	968
580	783
714	783
645	683
648	917
386	917
647	729
845	973
228	745
508	799
346	737
186	519
236	865
557	920
590	868
617	971
936	953
702	786
449	865
751	907
589	616
234	388
2	819
681	848
189	645
78	814
751	799
723	737
222	943
263	981
103	763
323	995
717	922
524	756
848	853
853	931
278	471
88	576
682	820
869	912
511	938
189	887
496	815
890	971
283	936
765	939
589	979
718	864
167	990
200	938
864	918
162	417
547	753
920	998
524	998
684	987
697	926
716	939
862	993
977	980
53	595
122	200
894	982
691	882
765	831
773	921
630	872
693	928
1	849
692	703
482	893
586	950
80	849
630	764
883	944
79	890
253	777
119	962
759	999
327	847
211	901
794	993
343	828
563	831
972	999
461	783
669	961
810	937
565	840
644	904
308	955
349	727
643	945
242	601
297	308
500	896
674	783
577	850
139	624
456	974
757	902
817	953
440	966
150	904
544	794
282	794
548	913
667	901
763	838
787	966
331	686
798	832
528	971
385	922
467	961
641	848
687	964
539	837
219	630
544	915
599	622
20	915
144	981
326	958
400	907
694	859
518	899
499	620
437	974
726	848
858	967
132	863
71	853
893	961
392	679
332	399
411	692
485	843
22	587
89	348
569	985
278	284
677	784
352	987
30	936
305	912
594	749
761	926
847	966
253	456
115	751
404	625
712	741
139	879
83	984
565	987
397	851
638	977
397	622
858	980
508	867
635	908
855	911
566	808
915	962
497	974
216	695
54	404
804	865
353	929
119	762
389	623
587	867
499	754
705	859
811	989
682	875
107	415
148	416
827	970
610	972
739	857
18	831
670	757
568	975
721	988
325	988
922	978
941	991
199	354
316	939
853	878
883	986
57	944
800	988
392	934
142	988
472	634
848	921
397	985
834	986
452	655
765	886
369	886
418	519
607	943
841	881
137	765
582	886
664	696
3	950
686	943
223	953
883	999
198	896
216	950
274	891
637	714
461	717
875	1000
625	825
93	964
509	650
68	907
986	989
843	940
521	889
47	969
878	897
437	895
470	843
238	951
940	994
95	902
852	881
857	959
122	510
650	895
468	891
385	856
530	951
141	910
590	965
557	559
722	892
488	725
796	841
648	677
638	898
275	846
206	975
316	618
710	774
500	964
613	841
401	433
19	102
750	846
815	975
634	900
157	975
757	970
872	957
509	905
421	792
729	908
379	795
530	964
337	798
409	903
538	788
395	739
548	981
1	354
224	857
735	844
325	680
27	986
691	737
858	914
715	865
701	967
921	970
800	909
511	806
860	960
832	861
636	986
656	672
173	932
663	796
723	847
19	465
313	683
360	529
888	914
712	917
906	968
450	688
49	344
666	986
573	758
34	221
707	987
881	911
77	591
880	915
828	984
492	806
464	973
106	999
675	927
237	930
402	997
567	576
591	933
913	984
484	807
314	655
14	363
313	925
115	940
353	997
482	882
862	874
707	1000
526	925
922	925
672	750
825	992
987	990
546	759
697	928
119	951
540	944
980	987
795	941
473	890
132	597
173	369
637	998
586	952
42	825
787	942
892	995
603	892
336	777
864	933
500	885
137	833
579	949
835	875
706	761
100	951
604	713
595	893
298	377
759	772
583	775
13	659
206	559
228	318
252	675
632	896
577	960
389	946
287	898
194	441
56	965
345	839
419	788
735	765
308	957
437	842
847	942
406	445
483	665
562	958
469	501
362	375
275	672
624	789
935	947
668	832
954	960
16	677
747	896
733	961
122	578
304	555
854	958
845	909
886	910
266	973
407	912
250	965
310	979
492	727
733	853
298	861
243	925
143	987
317	911
518	901
531	840
858	969
495	917
448	805
35	932
167	563
208	860
805	850
890	894
329	332
848	897
270	920
611	984
330	971
311	692
858	861
911	953
355	735
30	938
282	930
837	923
702	964
573	584
605	802
584	679
481	995
916	923
24	756
934	977
978	983
647	920
375	461
834	975
58	525
572	746
508	990
360	826
349	408
473	703
454	461
249	995
156	767
712	756
651	746
463	695
353	823
554	813
120	292
311	826
619	942
429	818
556	859
897	923
368	808
362	993
832	942
829	873
746	875
691	939
556	980
588	703
568	990
683	711
903	943
163	941
741	881
760	931
457	893
264	727
212	537
795	888
431	840
114	904
136	434
554	947
669	897
713	940
745	892
690	956
504	537
951	997
472	770
329	950
986	991
172	966
122	391
741	894
70	726
419	843
548	728
171	778
878	899
574	902
835	943
150	840
530	832
754	954
726	892
745	905
330	663
393	948
632	964
185	918
842	959
9	958
248	974
229	732
523	913
449	735
349	797
817	902
476	609
696	841
11	738
393	840
126	459
893	897
955	957
564	843
569	921
825	847
747	964
833	967
673	749
837	857
501	908
330	797
173	813
714	908
277	870
318	908
800	911
497	910
442	974
571	859
455	913
513	854
642	739
721	803
738	972
438	680
70	284
677	962
503	809
830	975
827	906
772	970
698	792
216	752
395	983
524	868
648	934
417	513
367	921
386	934
482	871
587	924
702	911
867	978
619	876
608	983
786	989
684	978
651	801
348	763
413	929
397	921
116	642
131	950
313	698
929	930
799	820
730	986
463	871
568	924
609	696
339	835
922	927
864	922
451	524
828	999
24	945
506	948
566	999
247	465
679	876
598	951
202	951
945	995
802	983
769	806
820	1000
759	761
693	932
868	933
887	946
651	935
73	958
525	530
667	879
686	892
713	995
341	894
864	935
616	833
662	949
132	720
838	882
320	956
361	957
213	830
414	820
553	898
243	672
151	854
734	946
145	551
618	1000
893	939
507	903
759	895
182	554
30	685
673	791
604	957
125	959
303	965
476	664
233	906
574	970
398	973
379	731
833	901
708	906
633	732
550	963
305	903
323	691
409	731
736	860
460	962
289	814
261	981
283	511
897	899
830	909
668	847
48	873
244	519
328	927
119	524
721	858
848	899
86	347
705	850
751	966
85	876
589	675
629	976
240	935
515	874
124	989
554	802
485	968
922	969
897	912
235	941
758	982
730	920
890	909
325	871
374	992
971	982
390	936
785	977
587	992
769	969
774	818
732	821
140	946
556	861
682	1000
883	990
776	864
459	928
82	941
978	998
174	944
664	808
301	756
769	861
614	987
829	875
889	926
526	874
834	990
47	839
267	879
377	485
706	926
147	962
711	775
53	546
204	944
570	772
465	490
938	939
327	785
817	878
63	712
618	934
959	998
752	934
530	821
444	552
576	937
493	939
512	952
465	840
685	880
248	842
74	726
509	883
671	716
808	950
866	891
852	993
442	829
604	662
227	675
180	600
801	947
842	948
256	558
63	954
257	968
379	665
76	627
425	781
260	973
375	960
113	896
192	960
696	722
849	964
631	778
722	896
928	964
60	925
220	914
495	853
536	854
803	969
893	899
337	681
199	976
97	928
246	499
504	794
578	743
682	800
849	977
833	969
222	815
469	921
532	748
707	978
867	967
127	928
27	990
44	930
682	921
219	931
608	743
902	961
387	744
87	748
4	979
802	959
196	920
578	985
182	985
452	580
635	967
186	875
809	854
728	929
621	803
695	752
332	700
786	870
459	512
464	856
730	975
251	977
380	862
848	967
383	867
572	803
589	972
556	566
700	988
552	824
598	940
904	983
91	880
399	996
154	936
591	937
603	762
181	773
776	919
874	996
712	934
560	806
216	767
780	809
788	929
185	370
286	947
883	937
776	811
794	865
697	932
26	727
475	590
380	996
977	986
755	873
787	825
570	827
198	955
239	956
896	997
525	532
293	963
315	722
72	964
190	956
699	833
160	784
178	838
486	954
68	966
169	789
838	884
218	910
231	849
754	890
872	882
354	956
836	959
574	959
687	836
428	841
631	712
212	728
845	900
6	744
317	902
499	613
215	854
605	780
541	795
203	736
631	954
328	916
409	612
312	908
372	959
231	983
721	847
705	839
779	788
844	954
930	957
352	980
453	803
24	397
717	849
565	980
91	801
246	446
724	744
44	985
621	737
626	852
373	406
268	878
579	740
744	807
785	845
279	744
413	973
545	863
927	965
283	863
448	930
80	534
682	868
112	981
728	984
621	858
654	806
640	871
318	857
538	860
159	275
174	812
329	457
482	699
443	973
231	299
704	748
276	981
59	983
806	917
171	406
355	981
792	982
952	971
267	868
630	691
198	997
676	807
621	871
43	894
822	861
280	578
767	925
445	874
794	799
587	994
342	638
33	822
487	992
69	250
198	889
98	951
368	812
520	940
745	762
216	943
739	984
288	819
978	1000
287	823
614	989
787	880
952	984
657	770
285	898
390	951
393	697
665	890
227	664
414	527
746	1000
699	888
859	877
864	992
726	762
646	769
71	538
76	387
378	954
856	993
460	764
23	726
993	998
611	667
588	949
32	731
500	836
123	849
150	952
761	840
525	600
764	882
650	780
180	602
823	937
708	721
353	493
86	149
3	380
817	893
627	769
558	898
659	950
733	899
461	965
323	506
419	968
307	498
36	678
215	909
55	691
592	667
495	734
51	986
302	568
674	965
169	978
717	783
221	845
821	840
592	788
191	444
289	979
600	612
162	386
544	976
442	965
290	571
851	904
620	971
105	791
754	971
182	745
75	619
728	918
225	563
464	845
288	619
331	989
702	902
707	980
339	584
526	676
705	907
608	745
684	969
703	982
35	294
64	995
749	869
821	974
270	871
760	964
746	800
508	928
957	983
575	689
828	869
24	815
280	512
411	995
156	705
832	988
463	633
950	980
480	802
807	931
908	983
429	985
52	998
214	831
561	646
142	928
799	932
224	997
265	998
661	998
862	988
686	762
94	887
322	751
695	996
887	937
35	657
744	888
334	990
697	813
6	370
419	539
732	999
126	960
229	415
984	991
294	544
463	996
67	767
259	937
281	955
597	932
938	996
373	958
748	872
794	988
577	724
871	942
370	660
12	952
972	994
461	778
768	935
148	732
456	848
762	891
151	966
426	942
49	955
835	881
747	997
595	899
534	889
307	432
840	932
652	881
564	768
877	999
266	845
197	974
269	850
747	889
819	994
956	999
372	719
465	910
129	961
67	83
611	964
738	776
798	827
743	891
324	907
544	910
604	961
103	679
356	859
428	964
361	974
326	953
565	969
601	663
317	904
532	792
129	853
652	894
449	794
798	948
159	961
283	502
654	903
700	790
483	792
684	782
235	690
97	985
65	400
6	988
221	913
782	980
432	867
17	625
182	921
550	859
751	849
682	978
332	865
915	957
13	102
717	972
937	975
50	923
210	875
177	698
429	919
635	795
888	975
681	911
588	683
142	862
469	991
292	806
941	986
880	976
214	886
737	927
781	970
800	983
392	929
423	996
786	819
104	462
381	999
466	814
774	930
853	994
572	981
806	919
195	994
52	945
795	989
299	822
822	863
82	824
188	991
236	244
265	945
153	475
773	863
859	866
663	991
179	878
201	637
514	868
257	717
438	994
512	943
639	984
704	884
253	948
528	887
96	247
701	815
398	777
766	944
296	766
34	766
685	992
363	941
778	954
757	831
280	943
127	435
701	936
343	999
35	846
632	836
26	797
631	877
516	661
856	995
245	841
666	834
187	607
51	975
925	950
629	659
969	993
83	900
735	826
303	674
652	828
784	947
500	959
830	834
62	962
747	836
76	631
571	839
194	852
763	780
174	385
513	605
573	619
932	966
412	967
434	726
92	962
226	962
515	570
647	955
339	573
289	981
523	919
839	896
104	972
2	924
800	904
43	696
483	739
703	971
895	912
182	747
503	802
897	958
52	637
401	791
291	919
818	850
45	863
78	811
848	958
485	906
210	701
289	994
839	909
584	619
401	912
943	966
695	864
781	904
183	689
73	817
642	974
64	997
105	806
862	977
251	860
658	689
792	918
594	933
249	935
290	707
255	686
637	751
890	968
475	689
64	889
843	856
168	946
201	342
505	982
491	818
40	882
422	984
904	987
917	926
177	887
438	928
326	458
957	998
65	831
390	887
376	989
288	876
683	880
158	995
975	988
908	998
190	947
209	997
341	887
652	749
616	826
643	929
32	546
926	988
521	939
144	952
194	315
179	946
41	716
357	952
35	672
403	839
669	958
755	998
166	603
634	708
914	991
965	993
46	952
729	945
495	778
104	893
541	894
269	960
379	603
398	845
764	939
259	952
823	994
620	665
754	894
944	991
476	657
118	912
893	945
700	779
777	999
851	948
455	719
485	598
583	904
784	894
481	856
154	498
343	370
702	717
495	912
715	915
915	946
533	615
249	856
205	786
155	211
427	633
710	958
797	846
566	913
230	735
147	700
119	867
587	972
413	856
941	975
793	848
619	695
457	633
677	902
682	980
654	918
814	907
593	908
478	692
813	911
207	872
688	916
168	880
512	690
591	983
911	961
80	767
429	921
112	985
670	983
422	918
100	867
563	628
375	577
628	757
807	988
746	978
591	875
253	816
506	996
308	523
426	744
574	642
940	965
59	987
362	759
293	888
397	982
457	996
575	988
704	873
795	991
712	993
780	868
408	996
359	811
562	645
667	927
322	929
470	827
385	948
841	999
431	835
491	886
29	303
493	932
143	553
671	938
706	932
810	989
989	991
245	951
465	954
86	140
597	881
539	876
472	886
420	430
544	725
53	902
754	949
611	900
41	784
872	941
495	954
624	839
830	944
632	959
833	949
62	843
562	900
9	953
36	561
839	885
622	887
701	951
164	746
106	741
240	970
689	833
534	959
317	961
443	777
632	972
907	911
640	796
906	952
502	862
818	839
326	902
496	788
629	674
647	957
881	895
476	846
784	962
522	962
696	849
816	914
420	914
962	968
544	980
800	906
175	854
832	858
818	960
188	564
353	860
614	901
853	917
746	791
223	521
723	844
473	632
312	980
301	562
647	970
765	925
42	567
825	976
547	968
406	992
593	855
533	575
832	871
818	973
885	963
133	870
601	975
315	581
301	683
573	876
89	763
424	524
957	987
437	463
780	802
790	995
369	938
561	879
602	917
748	971
767	984
533	817
1	956
348	1000
482	1000
86	1000
716	938
623	710
771	874
39	659
575	935
671	872
896	990
651	930
73	953
306	895
889	987
180	527
975	990
873	979
551	928
451	990
584	876
465	659
625	648
984	995
13	535
987	1000
665	949
76	325
653	831
831	874
789	877
835	993
467	597
558	715
296	944
912	947
12	956
535	997
571	654
824	834
617	770
328	667
507	898
675	711
391	952
152	441
47	913
685	941
481	845
696	770
178	844
701	885
585	939
865	993
474	842
111	790
653	844
537	898
456	973
705	711
99	672
85	737
398	968
714	945
733	958
19	154
953	961
505	542
433	962
529	670
592	955
569	971
462	845
539	836
907	966
645	966
442	903
59	842
680	960
573	797
941	964
738	901
751	840
816	969
874	910
239	399
304	794
791	912
37	975
515	977
689	901
710	960
264	348
69	109
506	864
547	673
189	699
610	958
496	856
307	691
441	920
702	961
380	910
494	517
504	976
8	809
154	863
622	968
25	978
176	622
589	791
198	869
2	994
404	745
651	851
978	980
12	635
91	928
499	982
628	638
347	625
168	882
825	923
709	977
910	967
767	918
147	944
885	910
384	628
279	871
716	872
210	1000
3	936
719	877
223	939
746	980
672	802
369	764
778	932
473	821
813	926
40	939
114	659
334	928
790	942
17	992
237	995
572	985
14	428
850	929
5	837
440	765
569	650
63	815
99	243
343	869
651	985
871	988
463	934
67	934
394	834
884	927
686	942
358	588
919	921
368	818
426	988
459	936
555	873
159	644
458	940
706	813
301	993
857	945
595	945
741	999
732	950
391	657
759	824
93	963
160	724
456	786
891	943
319	488
342	886
810	991
309	709
823	930
435	555
388	709
338	888
673	841
595	958
636	959
648	784
129	899
564	827
550	663
321	840
530	950
538	545
617	838
92	953
722	891
601	830
210	679
289	972
324	966
814	830
43	687
678	969
411	854
557	908
610	771
271	322
689	835
793	892
812	905
27	864
443	550
589	833
208	912
890	946
532	972
605	962
199	274
204	389
423	921
684	962
832	860
240	985
675	913
97	936
358	977
507	511
517	970
718	731
214	703
737	744
112	921
616	683
874	978
203	810
514	672
767	852
109	394
568	908
513	972
642	857
614	795
705	913
302	937
484	914
387	752
385	413
725	747
904	978
205	977
274	582
320	927
843	968
755	855
121	983
685	796
368	860
258	988
82	991
183	814
491	930
596	983
615	996
711	933
637	755
744	881
494	935
191	934
149	937
438	811
424	876
658	814
773	801
167	991
382	650
476	514
63	870
664	750
447	981
466	994
28	768
644	1000
685	809
382	771
354	709
789	866
734	930
371	878
868	930
899	997
72	959
171	938
498	838
892	994
551	701
905	933
96	535
46	943
165	894
275	766
528	946
924	946
863	936
632	774
631	815
144	956
584	999
625	1000
60	962
836	954
877	992
13	658
273	962
23	787
231	965
372	941
606	879
31	382
638	831
805	944
837	896
823	998
312	782
31	503
900	952
41	962
430	774
388	548
613	895
953	963
474	965
69	916
196	957
592	957
559	780
168	629
2	862
626	726
502	919
694	860
193	578
251	785
779	904
858	968
350	498
855	899
337	973
717	965
804	853
656	726
212	978
587	855
339	753
550	973
806	899
374	976
589	901
373	751
684	909
494	748
427	758
399	925
719	866
779	917
168	992
724	981
25	980
682	984
404	976
593	912
59	978
274	866
193	941
554	691
760	796
591	987
484	861
663	863
748	907
500	576
54	984
169	705
783	864
880	982
864	974
877	913
101	951
627	738
899	931
362	992
114	890
516	641
741	759
792	990
551	635
313	992
970	996
13	471
753	998
104	589
252	487
766	937
477	834
463	936
563	874
783	877
130	992
947	985
18	256
281	895
308	998
798	862
79	946
165	949
201	643
393	813
238	939
81	955
296	880
139	667
28	836
377	724
638	765
555	996
440	780
866	888
81	847
810	993
455	765
364	906
207	434
826	937
638	886
321	950
324	955
814	819
599	665
241	957
819	934
731	821
328	845
1	450
510	593
914	942
173	907
99	729
352	909
370	963
153	965
185	917
50	958
565	909
69	971
826	950
867	951
564	950
839	889
603	612
420	676
640	679
230	552
139	922
736	912
166	796
615	851
480	663
141	214
578	969
402	743
673	977
10	633
645	915
758	792
909	961
334	730
702	897
36	807
886	977
591	800
264	405
448	751
47	407
580	907
98	867
161	923
686	744
531	907
300	974
811	924
897	964
709	913
201	214
473	636
514	674
767	854
390	867
615	985
366	695
160	297
390	988
285	706
464	974
904	980
205	979
457	934
517	985
658	924
737	988
470	873
107	821
556	913
373	940
271	929
651	921
632	642
540	824
9	636
690	997
882	938
720	876
945	994
419	655
9	757
220	940
85	486
109	880
238	765
546	881
764	811
84	298
337	478
956	981
567	940
432	715
759	881
148	956
308	945
757	771
662	948
266	948
439	876
291	712
398	609
631	817
735	874
638	941
349	838
471	535
239	966
891	892
356	962
810	940
601	766
559	769
886	898
523	846
946	949
113	948
657	846
569	962
94	440
863	951
742	890
425	954
948	995
19	37
98	330
865	997
376	540
648	962
942	951
45	440
721	723
289	800
330	838
677	882
219	970
723	769
775	959
88	258
2	972
791	903
78	738
298	970
936	998
707	909
812	962
503	621
422	898
675	849
853	855
374	857
117	972
874	914
615	919
515	981
149	860
572	734
811	979
728	981
547	906
258	803
203	867
593	793
679	796
491	516
804	976
788	968
339	876
61	639
682	986
897	911
597	619
602	963
695	925
800	978
230	862
436	930
320	984
917	974
769	847
788	860
70	580
507	581
811	992
327	879
165	817
533	984
473	704
970	985
109	922
417	809
609	750
72	774
741	869
606	681
695	938
445	992
660	917
104	699
618	920
439	460
838	923
58	997
292	935
680	751
368	930
96	471
564	576
671	702
891	934
803	821
627	861
123	833
68	897
491	1000
527	657
255	989
324	594
866	877
623	890
433	995
331	718
666	708
822	992
81	957
475	884
227	782
158	948
722	990
493	938
46	892
32	957
622	759
830	937
585	877
460	882
969	988
143	909
298	554
902	934
613	831
921	947
566	719
370	844
409	772
736	901
923	993
381	673
160	970
825	835
85	796
355	428
828	840
626	891
782	909
367	667
138	844
675	783
110	745
605	953
300	842
145	968
860	950
323	974
483	963
656	891
615	624
224	739
535	601
779	961
605	845
715	976
897	953
668	901
527	925
74	391
277	979
469	920
615	745
702	899
848	953
742	971
681	961
404	683
216	861
51	299
362	915
412	507
255	560
119	928
383	745
66	809
126	823
286	812
57	989
566	866
693	907
211	638
706	846
785	910
871	913
804	923
688	977
283	928
226	394
410	703
244	936
486	698
665	929
436	877
100	928
760	974
815	873
70	527
493	630
820	988
121	987
266	816
206	536
478	995
271	931
552	944
596	987
618	746
26	834
732	996
625	641
630	985
616	821
165	885
808	991
261	364
835	865
384	929
116	885
658	939
979	994
963	986
11	310
631	698
230	354
669	953
460	816
224	539
570	947
60	845
146	885
509	708
335	784
530	996
819	870
444	727
879	884
750	770
432	838
559	650
325	483
812	830
550	830
462	717
126	502
520	658
39	799
123	204
9	893
14	971
129	958
246	311
418	832
652	999
531	709
90	966
599	843
170	437
161	617
582	610
900	956
707	790
383	666
159	958
770	846
80	399
594	849
398	974
874	903
510	892
276	725
548	918
380	553
751	954
498	508
508	967
90	979
19	510
739	836
422	900
587	967
922	957
559	905
774	793
55	877
462	972
424	451
219	985
360	695
184	964
478	916
876	962
298	985
251	910
834	965
591	978
806	903
792	968
448	929
575	970
737	803
910	960
552	986
786	924
49	402
637	801
802	905
843	906
287	688
461	575
517	921
195	870
663	975
864	965
420	988
387	811
579	752
252	357
697	973
623	758
554	924
540	989
614	975
77	999
372	395
811	994
671	691
561	819
332	996
390	937
338	747
667	922
204	932
468	749
838	925
480	988
516	645
72	897
755	927
917	989
125	760
870	877
639	981
658	994
262	994
873	919
914	920
583	820
954	992
145	594
90	658
766	941
585	866
134	701
6	435
56	781
947	989
465	949
647	697
377	607
597	876
5	964
762	943
118	841
477	959
318	643
92	825
815	954
410	905
724	772
316	718
206	846
258	484
543	882
474	782
133	489
821	826
523	903
440	905
489	767
16	843
981	1000
360	387
106	736
601	944
854	895
231	916
377	970
291	903
401	546
299	498
772	947
326	897
554	724
825	958
522	957
682	909
700	963
423	914
230	785
772	839
813	840
101	634
818	955
790	856
513	844
196	908
779	963
572	899
434	965
520	968
809	842
217	967
456	458
855	958
511	919
235	984
744	861
21	503
749	976
931	953
378	511
825	971
66	919
11	983
737	858
304	976
390	750
436	866
558	563
496	917
697	907
719	925
57	991
277	994
492	919
183	807
384	568
408	925
530	622
697	799
554	979
545	930
149	930
267	922
649	987
286	935
170	989
459	863
321	633
412	751
577	818
563	920
155	866
898	910
521	694
718	979
878	931
542	982
690	880
354	931
789	859
577	710
334	989
260	774
634	692
831	977
743	864
701	867
945	998
824	937
857	885
259	936
741	939
625	993
979	996
766	888
222	495
488	880
956	985
735	757
551	936
914	988
652	759
710	929
228	660
569	724
398	842
384	944
626	706
225	362
199	898
837	889
460	939
680	942
826	996
418	942
960	996
44	960
379	950
733	953
299	432
409	829
698	703
23	793
246	542
490	902
173	966
729	955
770	956
641	842
742	894
337	845
614	830
531	832
223	679
421	960
691	784
705	719
481	974
599	966
222	979
423	969
