598	741
78	971
876	951
812	966
853	967
591	967
272	958
38	791
640	859
492	732
538	848
612	797
610	953
256	869
75	794
600	679
644	685
319	925
360	926
313	622
354	623
216	689
918	961
73	869
716	975
334	681
683	798
892	908
792	970
66	866
498	523
594	985
850	911
487	859
249	987
49	404
871	970
788	972
760	910
116	808
14	531
184	979
679	921
766	809
274	872
898	965
320	988
669	876
177	939
755	916
834	980
190	878
836	989
137	759
445	875
604	868
86	942
199	819
336	824
864	980
726	750
646	986
866	989
458	935
571	583
234	934
485	516
454	937
954	994
852	983
464	578
361	894
576	819
543	642
636	833
171	999
28	950
988	992
413	532
330	763
508	769
21	947
516	889
409	534
414	878
634	881
138	943
694	895
749	831
784	825
421	773
333	889
481	787
742	828
906	936
515	556
100	314
886	957
407	959
44	907
797	885
814	825
198	327
557	903
538	661
610	766
568	769
821	949
50	843
881	1000
325	782
578	962
932	965
131	916
420	790
888	895
87	617
422	836
540	562
378	500
589	720
943	952
63	610
427	806
895	911
779	965
765	801
709	906
767	847
712	911
827	898
785	901
749	978
697	788
246	852
499	803
581	842
707	981
328	396
746	909
97	234
360	873
828	978
786	981
813	855
744	984
288	741
274	806
293	819
581	963
600	976
773	904
938	971
855	973
32	411
868	912
899	979
53	699
755	971
686	871
166	347
820	871
861	872
449	635
748	968
127	355
679	868
417	868
403	704
136	589
664	745
287	758
669	823
875	928
121	991
759	982
248	766
308	817
299	997
385	1000
789	861
85	479
632	648
57	417
857	995
494	943
991	995
553	998
644	887
685	925
845	877
104	879
613	756
733	821
664	987
683	1000
461	887
631	810
884	990
414	812
92	532
307	420
83	941
18	317
479	941
565	944
606	753
639	930
798	923
60	728
354	946
657	718
674	887
692	941
838	995
590	893
469	603
510	641
634	936
768	936
190	959
303	836
430	877
17	479
201	825
242	826
151	967
613	998
181	321
342	949
617	888
634	828
565	957
220	959
421	949
641	952
369	493
536	670
830	888
401	711
365	788
833	893
749	899
911	934
302	624
525	898
557	850
340	852
54	495
716	843
358	906
839	950
858	963
599	968
487	498
371	552
155	668
64	809
716	735
416	968
283	853
443	842
173	981
388	906
369	627
508	971
267	616
869	950
291	973
365	922
79	565
781	837
87	914
758	853
381	866
642	907
399	920
705	963
864	956
451	558
855	907
693	845
582	977
250	275
31	874
282	456
691	920
295	691
575	974
286	871
588	913
445	864
188	979
403	867
163	922
966	980
718	915
98	941
695	931
257	934
412	579
766	811
752	913
375	926
898	967
263	456
650	865
595	700
204	815
653	870
281	998
878	988
836	991
280	810
588	926
257	826
255	982
764	859
444	652
442	579
493	810
548	709
396	877
27	485
269	772
241	939
260	952
282	711
942	986
226	816
18	372
658	998
451	934
757	940
523	773
555	991
641	765
541	827
775	994
764	872
227	896
392	475
736	773
109	123
152	493
143	902
624	717
844	986
385	960
283	424
715	835
131	555
62	721
731	816
557	663
326	996
474	894
23	729
881	989
624	838
825	828
677	701
756	994
295	370
305	829
511	897
544	845
153	960
373	438
78	786
802	817
243	853
867	946
803	961
603	607
453	848
365	964
184	660
392	838
700	954
120	904
717	894
161	676
923	999
559	951
707	849
655	659
297	951
779	954
915	1000
411	972
697	777
661	854
124	915
344	918
503	911
723	951
145	974
489	784
883	903
758	908
760	954
256	926
360	983
186	867
179	679
709	908
230	910
827	900
390	862
772	964
615	980
105	915
628	690
806	962
892	965
424	631
718	849
126	937
55	239
500	626
582	924
236	287
7	464
461	634
58	924
581	965
405	510
570	806
308	806
561	986
676	973
616	693
440	696
478	988
780	801
40	991
274	929
857	984
232	932
562	578
340	465
135	999
570	927
33	988
905	917
220	814
643	917
775	807
780	922
109	754
686	994
93	894
509	809
676	986
836	938
299	999
99	645
261	478
734	927
472	927
899	994
678	995
711	943
375	994
232	945
741	822
914	979
344	597
509	930
850	994
541	882
412	768
747	987
687	707
782	944
856	930
620	882
408	474
336	894
418	933
759	997
437	946
583	1000
242	707
729	825
527	839
558	943
95	953
406	549
244	258
629	823
870	949
914	992
196	712
886	893
509	943
187	892
589	643
351	1000
62	897
585	938
604	951
497	825
805	941
304	430
216	546
436	549
881	936
430	1000
638	949
309	895
702	826
647	890
536	793
687	962
828	901
492	952
84	669
208	964
464	890
445	611
557	852
455	841
207	739
490	798
492	844
464	782
918	952
614	955
380	788
793	957
489	960
112	973
346	911
492	965
693	726
202	866
758	855
150	447
499	860
922	963
774	799
438	621
85	991
300	916
82	693
706	786
305	442
978	979
554	917
875	972
649	925
795	979
211	928
560	853
505	917
450	981
871	974
329	691
315	756
609	974
697	858
3	935
820	928
322	917
98	943
338	861
142	986
637	928
38	111
260	941
444	762
342	751
158	930
493	920
658	987
201	748
504	520
743	802
574	993
641	754
104	815
472	982
577	998
824	875
796	813
562	646
534	813
45	356
699	880
638	870
578	590
266	998
495	592
393	810
646	990
525	700
824	996
356	662
689	808
4	705
334	351
933	939
160	952
349	888
872	929
849	945
599	770
198	426
645	886
631	988
543	875
125	887
245	952
188	418
386	891
675	765
647	703
275	831
858	886
407	950
228	490
585	993
411	840
461	957
441	719
854	888
243	963
174	375
317	949
26	211
377	963
976	999
673	961
370	960
552	671
772	940
612	722
54	431
422	598
928	958
721	894
158	488
605	948
825	951
462	899
481	912
162	378
263	955
593	830
49	208
529	845
78	909
413	899
320	671
587	786
913	956
550	904
932	969
214	918
809	835
869	886
547	835
566	848
332	681
791	966
221	850
362	789
417	496
950	959
394	512
605	961
682	915
281	571
809	956
79	622
800	907
662	677
841	908
579	908
288	961
491	795
876	902
301	671
609	787
540	687
80	931
364	461
597	669
82	748
868	903
54	915
188	915
480	794
848	961
889	962
630	967
477	873
337	341
540	929
292	864
760	969
130	802
831	849
877	965
225	810
665	816
711	932
34	690
628	934
361	819
172	654
378	759
933	981
148	711
542	867
387	993
473	996
486	706
169	999
202	947
286	352
563	926
287	991
428	701
507	765
708	755
842	984
601	629
331	768
60	948
160	657
583	760
836	940
209	290
228	303
472	929
117	472
534	989
537	994
826	868
382	891
449	652
757	768
297	524
784	871
426	934
104	883
305	644
384	937
585	927
617	650
479	945
840	924
132	837
731	873
65	258
153	896
20	781
684	761
212	951
372	940
854	943
738	997
113	945
569	959
388	884
443	591
467	948
379	835
520	774
271	484
450	715
166	956
617	892
923	935
386	959
21	309
501	946
573	785
191	491
941	952
261	964
335	913
682	957
262	371
434	892
902	997
5	220
571	897
323	795
505	543
807	844
228	908
420	849
406	914
74	212
277	800
827	944
441	908
765	968
125	150
286	970
131	867
610	838
348	801
730	903
889	896
163	792
383	795
671	673
910	955
170	916
343	615
155	564
716	860
603	919
195	865
415	868
60	640
96	105
940	955
799	979
637	917
549	804
530	562
394	930
475	626
774	922
719	986
722	732
28	809
195	986
410	874
498	758
410	645
575	978
652	673
253	927
542	801
685	850
910	968
643	853
762	804
734	971
482	935
628	989
829	979
820	930
625	920
778	933
243	360
836	874
491	876
618	917
870	872
88	873
878	992
303	532
690	941
745	877
91	124
863	869
935	974
49	881
577	1000
475	989
912	990
805	864
70	940
529	700
741	879
460	866
787	995
754	818
859	871
430	694
5	959
256	312
467	761
453	826
733	880
791	821
562	998
433	884
689	810
111	833
455	643
446	823
914	928
157	720
339	431
435	893
13	941
89	256
159	766
269	897
529	713
474	777
432	780
707	719
289	731
311	490
930	993
580	651
222	677
225	423
496	657
702	762
377	965
614	649
154	893
622	769
481	793
830	947
527	909
420	783
14	95
698	764
166	903
749	958
388	952
943	945
621	665
860	947
598	910
716	902
176	665
704	784
392	963
514	660
411	976
593	953
290	915
890	947
950	961
191	909
394	743
270	973
719	799
608	968
767	961
244	691
417	848
45	976
716	915
876	904
29	214
320	686
287	509
512	856
214	933
811	923
341	745
98	987
616	684
795	915
555	674
505	853
887	918
568	909
494	694
586	926
892	969
432	459
415	815
542	856
767	974
885	966
40	874
843	969
122	418
667	972
713	859
28	756
671	862
148	592
528	813
896	980
632	870
398	703
752	972
301	807
631	682
342	579
567	926
768	916
405	864
166	353
295	992
842	865
625	867
892	982
745	932
382	880
113	692
660	861
319	531
81	659
337	585
342	929
395	526
378	882
419	883
565	937
60	950
108	469
877	980
283	470
252	891
527	830
474	940
493	990
782	827
933	996
974	997
289	894
454	998
352	721
486	950
522	644
907	943
258	534
497	816
879	881
606	988
680	937
537	888
201	939
743	993
292	303
963	996
164	791
635	642
833	886
860	989
717	940
518	996
624	897
99	783
71	950
423	843
464	652
51	217
59	832
923	937
587	951
7	147
881	940
141	147
443	943
605	776
572	599
622	945
855	887
698	940
101	684
918	943
647	894
793	948
359	427
779	784
547	892
547	663
44	271
535	774
672	779
880	957
682	972
489	843
186	805
406	808
794	890
758	967
706	777
315	626
480	959
556	954
468	612
24	864
506	867
929	970
887	973
521	852
581	903
199	572
144	636
713	793
602	962
164	470
618	677
549	806
535	908
394	932
58	983
366	870
190	644
148	647
247	626
734	744
472	973
665	873
651	975
458	809
766	925
912	979
125	865
518	567
924	989
602	975
495	812
896	927
151	773
646	752
71	521
866	984
618	919
604	984
939	974
958	987
419	938
14	889
93	953
206	830
863	871
178	768
272	403
346	352
912	992
318	519
432	769
476	583
140	597
847	984
219	661
613	817
805	987
958	1000
450	530
111	835
611	892
559	702
757	946
817	997
118	959
626	648
529	944
77	554
200	890
107	433
527	790
566	718
533	541
879	949
717	887
340	900
413	890
806	821
696	949
374	898
264	272
668	887
76	975
365	849
310	913
43	798
833	954
115	903
134	953
65	328
15	736
309	954
78	792
334	718
251	949
210	682
705	890
724	903
691	726
30	980
883	896
700	960
524	963
557	911
598	683
862	958
536	973
245	272
676	724
560	778
908	966
691	968
880	904
322	842
570	678
737	855
781	898
60	347
137	796
385	632
252	288
563	675
77	930
278	920
655	678
553	630
281	925
776	904
478	981
519	753
255	909
787	918
861	867
93	995
418	563
778	869
5	882
454	745
767	976
467	684
835	851
329	750
482	992
158	868
70	984
755	858
359	629
861	988
743	969
776	917
836	931
435	587
514	917
539	681
577	936
494	938
870	929
23	764
367	574
229	640
968	979
665	941
577	828
131	482
67	992
838	869
686	1000
859	928
845	993
265	418
344	482
723	744
527	832
318	466
359	992
689	867
754	996
157	777
845	885
275	998
30	901
816	827
184	587
800	819
860	870
185	960
59	592
4	656
754	888
638	942
536	665
102	144
415	604
291	834
538	711
483	775
598	725
395	662
634	944
568	590
614	706
176	480
728	956
346	662
425	955
907	958
626	945
222	855
607	666
552	730
645	958
731	998
557	845
1	627
22	686
517	894
520	670
695	900
220	378
749	907
17	729
807	848
848	886
911	942
272	955
561	792
552	743
716	851
58	851
72	520
594	861
643	723
128	802
656	958
697	959
320	972
829	849
311	923
256	987
452	633
512	684
683	916
903	919
746	972
512	805
765	985
685	962
33	807
602	964
24	987
445	980
660	905
68	993
35	587
692	857
274	869
348	818
540	988
639	967
859	970
47	826
160	703
242	513
588	921
753	988
954	978
665	875
507	932
378	818
551	975
924	991
349	760
476	572
569	763
789	803
35	829
198	298
731	798
153	821
515	648
854	868
262	993
160	945
22	486
624	820
836	999
891	935
674	937
677	683
734	988
641	760
370	940
34	991
626	637
698	742
171	996
653	999
782	884
928	938
317	821
50	706
740	887
187	940
426	993
921	935
384	996
733	884
497	873
631	873
617	938
249	542
703	712
293	548
193	610
190	312
429	594
687	889
268	905
309	943
851	997
648	897
326	883
372	999
568	645
721	887
927	992
397	763
24	666
626	771
483	951
675	892
802	933
241	371
316	959
526	540
594	903
225	548
786	844
679	718
684	833
867	954
619	852
952	998
663	895
883	898
277	859
524	965
307	967
202	685
279	905
554	844
672	836
737	965
938	955
162	505
406	865
398	452
310	339
573	978
595	737
493	726
54	800
711	804
466	973
540	922
755	847
639	901
386	455
556	903
868	909
333	336
104	513
257	755
651	911
586	930
672	970
653	691
501	563
52	996
611	694
745	923
363	629
778	871
924	925
558	804
16	521
725	981
866	920
444	702
240	643
842	977
584	978
570	814
778	992
316	638
692	925
136	707
912	928
67	873
567	930
116	994
317	984
349	936
905	925
285	951
720	879
150	992
76	777
819	858
623	946
488	987
39	895
562	936
326	696
405	989
960	982
738	869
335	893
13	879
508	821
458	1000
406	544
359	994
629	818
634	933
615	654
229	884
485	810
110	667
738	761
159	825
527	955
291	944
814	985
179	474
115	489
450	708
782	952
565	954
900	944
512	539
522	998
489	592
580	939
728	837
874	891
29	836
6	852
166	841
381	729
804	832
435	965
724	839
278	493
825	891
589	880
145	903
781	821
48	970
354	488
593	770
196	841
83	146
179	608
492	839
712	842
739	945
598	969
918	947
651	832
381	971
196	962
34	146
167	904
929	961
500	555
128	912
725	902
802	893
399	917
121	909
537	558
883	966
225	966
161	981
319	335
491	856
375	681
287	797
326	496
572	966
672	904
484	853
363	563
368	907
5	818
679	799
238	797
343	850
692	738
408	979
884	908
345	630
787	975
773	848
468	966
561	928
247	738
51	826
560	969
794	907
665	985
546	805
898	964
755	915
829	864
856	967
616	985
850	923
891	924
528	872
674	926
94	351
385	823
789	913
197	772
7	877
590	703
180	805
903	934
433	756
529	693
245	934
567	985
947	977
308	990
757	816
165	941
844	970
569	765
445	995
104	702
164	716
112	297
796	929
757	937
638	757
27	832
407	824
462	531
121	238
134	931
824	883
736	770
666	940
559	585
201	877
218	255
476	816
696	819
949	999
539	872
511	773
263	708
502	953
161	660
689	816
749	830
301	411
900	999
932	951
484	532
38	711
107	316
906	935
92	947
207	897
496	542
124	899
647	940
760	817
927	994
170	722
860	940
533	545
684	943
832	841
596	830
515	905
601	945
582	666
2	91
790	844
499	897
628	782
490	848
591	900
536	964
696	953
33	609
520	956
809	830
420	789
332	905
673	969
781	997
693	884
404	781
827	884
785	887
287	610
485	891
807	905
994	997
619	854
314	972
517	843
129	438
649	733
813	841
106	979
651	779
725	728
114	574
635	956
709	905
487	792
896	960
183	795
491	911
596	964
364	577
892	962
630	962
864	900
621	913
679	854
720	855
393	497
147	993
95	803
362	918
582	921
642	972
3	985
553	863
778	981
19	700
239	932
676	970
63	972
555	680
899	978
486	580
365	519
375	978
669	930
306	878
135	996
265	288
905	914
835	855
613	742
764	911
516	809
865	963
199	873
427	471
322	980
919	970
963	976
440	706
789	860
835	976
257	999
472	924
255	926
637	991
544	763
304	522
648	820
854	925
757	992
831	978
710	917
687	933
761	882
549	999
442	873
268	720
557	594
823	979
842	992
321	997
715	887
830	874
467	822
71	822
742	761
558	940
599	941
921	992
386	833
735	987
614	697
319	779
668	933
888	936
948	987
511	949
714	820
497	822
629	941
400	889
656	815
735	879
413	828
303	956
504	946
416	833
316	895
127	730
302	960
839	936
902	992
997	1000
408	605
94	903
154	954
332	960
670	955
890	995
628	729
797	952
855	893
748	767
615	911
477	681
554	901
895	965
688	901
341	793
131	983
795	963
676	783
660	775
706	891
431	686
885	893
526	960
92	210
369	747
759	902
468	726
211	804
13	331
582	976
783	966
716	976
892	914
810	840
171	624
264	815
33	919
415	984
151	874
156	989
808	915
887	979
183	863
329	917
787	977
4	339
47	938
924	982
266	982
674	807
882	985
11	463
199	699
856	969
859	974
666	808
434	687
544	818
631	972
810	974
340	759
667	925
840	853
537	815
858	870
863	985
300	579
835	923
52	248
678	939
958	993
86	246
265	477
872	926
421	990
641	764
613	931
654	703
673	716
175	705
268	896
906	924
441	824
782	888
485	867
41	890
803	947
48	785
712	765
791	829
942	998
243	960
284	998
793	875
130	531
297	708
443	762
976	996
601	826
628	663
304	953
827	994
920	956
290	789
450	778
133	842
480	886
265	732
163	950
72	337
677	942
751	891
630	830
855	948
216	961
216	732
161	796
191	904
600	843
994	999
503	910
470	733
864	889
387	964
423	917
734	779
725	959
904	961
279	909
581	951
493	838
39	402
737	969
957	972
69	281
275	615
896	962
247	553
202	810
852	892
193	990
764	779
394	980
158	969
107	923
248	633
690	978
547	966
676	851
646	908
348	985
945	975
53	808
576	620
218	875
512	864
460	674
768	790
759	970
836	924
789	849
183	810
475	918
153	867
273	932
543	564
815	986
732	988
861	873
382	875
905	916
352	703
701	857
558	808
150	754
112	233
664	975
227	937
70	990
364	942
729	811
715	876
439	978
341	406
169	888
296	929
819	970
461	996
386	822
119	478
124	822
724	817
531	688
932	995
233	994
742	871
453	768
263	873
40	77
504	935
960	986
36	601
268	843
736	948
395	655
534	999
694	951
647	876
3	545
42	244
281	489
575	707
781	812
651	702
138	891
279	830
628	718
740	959
848	987
760	874
503	723
379	953
43	967
901	998
670	836
656	938
730	887
298	964
853	957
443	830
584	769
424	551
396	718
368	656
786	903
68	623
193	803
535	769
480	833
306	680
69	215
156	857
285	742
18	923
174	911
268	280
359	664
961	998
262	502
415	744
827	954
427	983
273	516
42	849
322	903
275	562
662	971
321	678
137	857
301	736
306	814
278	981
548	576
295	921
773	960
892	911
107	870
734	968
156	991
233	457
852	960
389	970
172	706
595	809
586	989
634	737
451	801
845	920
745	982
363	688
757	807
67	811
722	971
856	971
235	358
364	997
553	933
83	755
69	820
798	966
25	750
733	985
530	922
669	1000
717	748
111	938
634	979
474	761
754	815
726	982
41	879
60	892
349	766
583	933
319	823
219	656
921	928
43	659
604	992
170	471
106	715
763	985
854	874
466	469
531	864
858	993
715	944
608	818
594	654
590	949
254	1000
446	941
482	598
302	896
443	643
879	944
403	426
749	834
812	890
335	965
932	955
663	767
520	947
281	436
846	888
142	772
656	993
141	547
821	831
325	893
163	831
232	436
531	998
624	960
443	885
520	839
828	955
547	942
323	968
610	998
744	961
114	565
718	945
938	948
267	780
336	385
459	721
574	671
521	781
650	666
268	335
746	899
487	904
588	727
841	907
123	627
546	730
100	909
12	796
130	788
438	904
584	958
625	730
737	971
556	896
35	635
155	966
345	568
759	851
363	851
126	938
649	979
745	916
528	689
435	461
945	977
549	977
26	707
686	982
676	974
877	964
775	916
544	754
912	921
576	972
796	975
39	767
975	977
534	746
391	926
690	993
32	993
729	921
412	985
926	977
549	990
497	800
359	866
667	982
708	983
837	868
501	690
413	577
900	924
210	477
979	988
743	977
762	990
178	939
356	945
34	931
912	934
791	873
199	998
359	987
376	631
763	811
620	991
749	876
770	935
314	426
527	948
742	873
747	988
906	981
221	878
703	881
226	993
782	945
73	485
749	768
119	601
587	706
605	760
751	814
448	776
797	930
398	955
136	955
258	652
700	997
354	360
749	889
601	762
205	762
707	892
228	894
468	583
43	848
277	786
423	840
271	712
684	881
818	881
427	730
127	963
281	612
401	943
602	704
313	601
454	540
901	1000
230	832
612	897
505	771
357	607
381	964
31	622
273	384
19	733
846	956
579	841
697	833
105	958
801	890
438	838
355	840
244	972
440	618
82	910
44	389
940	941
114	862
389	838
655	728
875	960
776	954
198	977
929	967
10	926
315	744
191	974
966	970
699	855
126	993
129	510
924	973
753	862
940	954
375	916
318	382
535	905
516	626
347	854
345	744
61	985
50	567
891	917
803	804
271	980
494	988
810	965
232	988
433	978
364	878
446	688
826	909
308	983
798	847
486	989
623	994
741	986
386	758
620	696
391	873
647	799
859	978
358	696
129	873
715	933
613	922
847	860
236	935
282	822
392	465
213	988
698	737
722	865
37	762
501	866
854	984
694	766
969	971
721	869
798	860
622	863
923	976
983	990
386	771
661	710
251	812
812	879
75	357
555	994
99	714
770	882
429	589
830	933
16	945
916	936
976	987
272	642
117	768
106	838
890	920
749	944
532	946
427	664
485	871
182	833
784	938
369	659
622	876
635	815
695	829
640	664
805	997
15	841
684	936
832	834
326	999
923	989
4	948
702	990
81	377
661	723
361	431
834	880
22	736
536	957
693	877
65	554
189	849
588	595
918	995
362	777
441	841
931	934
911	992
591	785
200	900
901	947
799	899
246	723
862	955
347	546
223	968
894	944
364	678
140	970
126	806
187	264
202	801
62	498
12	906
370	385
94	975
704	904
506	919
406	981
748	947
794	834
739	898
725	963
90	452
926	953
339	927
686	971
75	854
820	971
603	973
644	974
105	208
234	847
560	788
252	635
412	624
35	637
57	396
752	958
315	691
232	922
551	904
294	753
555	794
338	796
169	987
601	617
133	283
759	974
181	997
877	966
338	917
641	689
360	410
425	805
733	921
23	532
336	992
551	917
370	761
664	979
645	700
743	979
550	813
715	880
355	574
849	880
203	705
106	772
432	942
826	869
705	808
256	716
872	985
536	770
541	885
162	300
814	980
828	878
180	879
823	985
353	770
826	990
608	996
714	934
101	670
376	646
598	722
362	711
386	839
587	829
64	788
279	713
518	995
196	944
573	894
292	652
812	947
572	706
897	991
570	596
162	542
186	899
547	878
709	711
478	778
610	934
818	883
716	835
788	940
765	956
121	662
19	614
184	947
215	260
459	886
533	606
87	785
35	329
353	904
77	969
325	842
774	897
807	845
94	909
457	732
850	892
454	663
230	955
786	907
628	964
655	838
820	905
880	956
176	840
484	956
401	958
583	669
373	859
813	902
343	724
477	687
535	894
347	843
438	961
80	987
295	912
387	915
780	846
145	335
236	453
31	987
323	341
534	790
584	907
484	969
570	972
611	744
745	973
882	978
734	851
357	864
558	625
637	918
282	690
878	980
377	698
817	970
891	919
379	515
590	927
502	814
452	993
625	921
840	846
858	863
510	567
694	876
476	919
550	868
858	984
338	985
641	757
539	975
714	747
84	580
222	773
409	865
865	916
870	994
171	993
854	986
45	588
251	693
886	938
215	770
927	976
583	937
696	814
300	814
541	940
668	981
346	701
425	994
409	986
824	999
485	752
232	306
724	997
853	882
113	880
25	996
168	550
897	925
71	883
379	999
453	948
594	658
654	709
695	710
800	992
18	727
381	550
969	986
592	999
927	989
512	710
195	774
300	827
737	828
901	936
538	884
496	658
790	839
595	600
774	831
116	602
43	797
459	712
170	609
698	994
832	957
343	766
133	956
417	486
637	718
785	882
463	602
769	874
108	899
209	951
245	379
186	967
79	841
695	844
681	946
822	885
220	322
734	772
381	913
422	951
90	212
293	800
475	777
642	954
31	800
428	436
820	960
308	785
387	849
373	914
794	944
155	957
477	742
86	857
549	618
311	975
479	559
658	790
285	922
390	975
109	962
553	858
396	911
118	637
49	803
305	500
771	973
857	976
567	914
264	876
479	801
317	739
699	804
743	847
926	968
750	971
606	963
331	758
386	465
162	986
437	925
738	853
757	866
564	737
25	459
162	168
571	632
423	468
460	801
372	688
513	627
726	920
812	923
90	938
164	887
379	812
439	863
384	927
122	890
511	702
39	892
777	858
515	592
740	939
380	633
476	866
149	471
756	920
742	985
902	974
57	882
640	708
208	822
529	877
18	661
97	954
936	972
955	985
191	589
402	543
608	877
869	918
360	546
907	944
578	890
858	944
85	957
742	998
420	947
88	245
561	657
814	874
387	541
717	941
338	356
596	880
147	788
133	890
307	777
469	839
996	999
58	487
809	880
520	777
814	995
478	780
290	729
491	719
890	990
922	942
586	727
517	893
570	719
200	957
575	834
607	786
552	850
538	952
799	956
885	996
577	614
788	834
688	896
355	952
327	853
662	843
299	791
117	262
586	969
586	740
947	948
603	909
685	948
47	691
396	845
616	848
690	797
747	779
752	894
898	948
480	960
609	845
356	399
80	989
419	455
229	560
910	958
165	804
574	743
445	858
541	566
711	977
463	912
544	571
912	967
683	915
567	969
419	576
966	974
685	961
327	987
817	851
206	697
577	869
678	921
461	923
741	977
479	977
446	571
252	934
954	977
711	990
851	970
667	920
405	920
97	767
105	628
518	797
666	695
132	761
266	990
569	762
775	867
384	982
144	1000
212	875
597	982
523	767
564	805
784	808
247	869
756	975
849	937
935	977
558	990
310	888
953	994
626	636
805	867
906	919
708	934
509	990
264	368
723	919
888	986
907	999
703	940
152	837
297	932
853	884
421	998
677	924
814	929
98	722
351	939
934	994
175	942
679	704
802	811
80	789
154	775
448	956
503	892
322	588
809	935
98	614
552	784
612	835
524	951
334	827
702	994
485	996
366	779
311	843
880	1000
591	897
28	491
415	671
561	725
593	943
13	139
25	193
871	887
260	733
48	325
788	889
760	827
350	663
704	895
566	961
607	962
486	672
54	786
21	609
64	979
136	330
172	741
61	681
570	787
542	954
98	977
192	612
940	1000
491	908
651	897
458	731
764	774
774	967
361	569
808	965
560	900
159	556
412	736
838	844
120	564
419	631
322	964
919	954
762	970
63	969
156	931
747	847
678	747
394	988
650	914
447	851
488	623
400	510
391	690
159	798
412	978
701	852
549	983
153	754
631	793
562	922
782	925
73	465
842	976
606	965
638	917
523	701
762	983
321	981
756	909
522	742
304	519
629	804
956	970
9	867
532	642
757	989
503	584
483	642
166	935
837	874
515	823
138	873
928	992
157	886
501	696
647	979
471	753
583	994
751	807
42	347
302	715
104	996
57	884
62	999
791	879
510	637
518	986
344	833
633	707
311	656
42	468
168	607
622	814
503	597
828	882
263	881
786	885
909	992
12	481
143	964
719	831
522	997
119	957
675	946
64	792
614	936
559	1000
655	708
677	992
223	556
402	787
575	944
704	829
910	934
786	898
772	1000
931	993
67	659
769	931
573	790
820	896
37	258
484	947
85	972
649	785
423	967
100	957
293	857
727	826
9	546
551	600
377	447
198	970
547	895
588	896
822	834
753	963
233	439
439	544
577	737
769	944
843	893
414	716
350	960
317	783
503	973
570	734
418	606
71	498
150	791
6	517
699	740
3	219
970	974
753	976
114	989
618	788
912	969
442	562
829	971
567	971
823	897
798	840
239	876
440	866
495	573
789	791
467	740
835	907
219	638
847	961
84	450
783	976
461	925
939	964
72	884
56	876
754	918
900	972
31	294
110	358
817	974
206	820
687	864
425	864
893	969
351	686
24	291
404	512
865	907
870	985
620	810
757	815
182	584
132	992
421	866
657	877
538	633
510	800
163	692
289	831
705	746
751	862
217	928
76	952
117	990
74	125
29	877
323	829
254	995
617	818
243	836
721	875
825	932
481	893
608	705
65	426
846	991
235	837
307	713
964	983
749	829
702	983
790	830
779	937
536	950
811	889
976	993
318	993
411	955
197	437
207	896
158	482
545	891
760	816
718	819
11	957
901	940
500	596
612	837
642	945
141	434
528	550
533	894
748	819
679	948
706	822
477	733
931	940
535	940
311	966
253	732
560	889
142	901
2	332
482	969
565	674
372	545
308	789
127	448
982	999
660	948
808	846
899	964
255	899
752	951
871	902
260	977
246	850
628	915
713	959
424	856
713	730
102	805
704	910
671	733
521	910
650	795
89	987
648	685
565	687
564	728
574	921
522	731
90	808
833	852
277	405
768	908
331	870
933	975
121	279
324	867
604	921
428	924
884	975
92	746
708	978
128	174
207	467
152	531
143	711
944	962
30	770
723	734
88	223
214	362
599	927
814	852
700	750
837	984
97	945
754	986
605	863
89	303
729	929
203	819
98	537
585	921
758	812
689	978
312	991
826	983
388	757
434	873
374	593
539	926
668	811
682	709
356	953
254	942
21	182
587	822
358	999
936	976
339	720
779	992
545	825
894	979
283	825
654	997
800	822
49	365
818	876
788	933
807	946
619	895
401	938
943	992
131	848
179	596
327	494
277	902
313	596
269	489
236	312
507	546
452	610
980	995
718	995
19	499
280	769
973	992
665	839
577	726
931	995
463	661
366	957
396	836
248	672
215	266
10	800
533	841
445	728
546	780
362	959
692	834
86	795
628	849
309	315
190	852
787	842
892	895
487	846
165	795
762	785
748	887
607	911
555	721
808	901
753	965
188	964
766	904
466	908
507	680
653	734
267	964
470	798
96	557
569	740
477	922
558	618
755	903
507	801
176	967
620	678
699	971
726	845
616	973
951	963
970	976
352	863
808	914
849	915
357	978
623	868
180	793
736	745
56	986
741	860
9	911
410	989
504	624
476	791
729	742
384	973
38	336
733	861
198	288
782	982
391	868
652	909
775	979
539	968
893	971
912	984
483	807
502	820
273	997
703	810
851	974
276	514
205	570
377	825
196	750
237	522
710	971
569	995
858	869
333	984
302	651
374	756
74	235
179	288
134	811
939	979
207	535
100	409
881	974
724	990
913	926
75	581
624	823
107	533
814	920
695	703
189	831
557	998
441	823
854	992
191	648
927	982
471	702
751	985
171	181
828	939
640	888
846	993
367	995
413	882
881	987
614	872
108	1000
719	888
99	951
402	723
434	941
38	941
781	985
404	769
538	998
249	895
660	695
772	936
343	759
54	656
477	493
642	826
793	995
383	831
658	770
822	878
607	724
744	958
802	936
843	937
214	914
360	968
720	722
887	899
852	878
595	727
672	947
9	374
487	901
473	966
238	840
379	550
147	981
150	727
362	906
618	832
986	999
801	953
405	724
74	853
938	958
294	856
51	869
255	901
348	863
488	843
829	907
667	845
59	437
873	950
699	797
451	732
789	956
16	740
112	219
395	507
686	979
708	738
231	813
845	972
280	971
421	681
641	684
40	989
678	980
175	625
39	993
777	959
851	908
501	795
377	988
229	861
518	735
726	913
974	978
578	749
146	863
803	867
173	700
613	972
425	921
327	349
516	810
865	964
884	977
823	967
564	972
798	910
206	998
495	872
30	772
902	967
90	823
458	990
659	980
392	636
199	995
161	474
408	580
652	977
619	763
416	700
888	924
487	580
772	978
15	770
266	352
846	927
36	829
886	999
8	996
22	665
434	875
635	865
920	997
82	652
524	768
276	703
138	998
735	988
587	824
325	824
227	252
707	889
517	994
594	948
566	886
115	950
767	876
629	942
799	828
339	843
66	950
112	837
514	588
901	997
385	437
49	488
746	830
795	951
382	553
910	938
46	604
662	836
290	964
445	609
785	943
602	943
65	738
739	948
233	322
719	969
457	969
190	854
704	846
910	951
662	849
445	851
646	841
912	960
664	895
829	962
861	914
148	978
569	742
247	728
646	962
81	924
731	777
359	905
111	803
768	844
840	949
336	921
239	988
710	839
951	965
674	916
338	967
632	919
527	637
659	793
604	857
227	870
669	986
240	580
229	687
250	975
324	924
645	750
939	968
414	854
455	855
469	524
274	285
160	937
509	862
453	930
558	983
847	857
296	983
640	756
444	881
571	922
805	860
650	986
653	991
694	992
265	357
526	627
462	871
847	978
700	928
409	752
64	717
740	1000
793	863
344	771
457	648
830	930
976	984
814	922
915	974
409	873
846	874
469	887
491	646
573	715
297	817
135	489
350	414
484	643
888	992
712	995
225	419
794	805
1	903
721	1000
380	707
559	938
561	718
189	846
538	1000
739	990
813	939
637	713
91	954
380	828
77	790
433	654
531	997
139	207
314	962
424	605
718	823
448	962
952	990
910	993
496	895
843	939
683	721
499	900
862	952
498	675
792	893
165	731
855	949
192	605
86	852
72	917
466	844
350	898
644	850
280	839
808	958
519	855
734	780
775	781
644	971
616	909
46	793
99	390
257	976
720	737
491	914
899	968
893	894
530	842
120	678
350	911
148	925
220	801
643	904
588	968
500	855
632	974
747	961
287	976
796	853
460	904
372	791
330	565
335	872
187	745
321	974
944	953
835	966
921	969
687	802
277	409
115	347
851	910
854	915
620	748
513	622
611	928
416	689
674	984
622	794
30	882
439	858
585	912
50	753
289	998
173	823
539	917
668	802
520	638
236	879
497	920
675	926
312	874
372	925
854	928
8	877
61	474
448	883
723	859
874	991
827	916
446	995
821	872
867	988
724	939
723	980
795	819
918	926
601	990
895	942
955	993
366	827
853	945
605	880
149	600
806	870
603	770
811	948
355	705
286	834
103	898
813	994
887	943
255	703
375	768
769	924
223	670
572	824
663	942
69	203
635	880
781	934
51	563
646	709
752	876
790	902
917	943
769	816
688	891
120	370
655	714
226	537
910	940
712	955
26	856
408	958
502	556
801	889
776	832
583	666
877	884
514	832
371	783
436	912
255	837
141	735
650	841
562	728
815	908
567	843
586	856
556	950
690	913
951	954
428	620
768	954
405	902
653	738
451	789
905	959
715	798
481	631
257	923
384	964
780	964
2	633
659	903
678	916
571	790
750	792
139	867
433	856
856	959
367	502
317	910
518	671
430	787
416	623
585	846
2	525
81	818
645	860
342	859
273	988
488	913
308	982
710	962
743	910
907	981
824	983
120	638
851	857
235	588
450	513
548	819
501	973
942	975
735	911
881	965
416	865
476	916
751	855
668	857
714	973
833	924
681	796
846	863
37	990
689	916
353	701
293	421
647	919
707	933
740	881
927	973
8	932
349	996
946	986
591	758
302	655
434	811
14	188
525	929
117	875
249	994
703	935
166	996
147	717
422	693
881	978
182	940
834	866
402	943
517	930
278	419
591	879
913	930
462	765
756	983
797	984
30	842
976	986
676	694
385	481
15	719
524	825
918	981
937	994
615	943
515	776
463	586
876	984
568	639
908	936
806	925
809	930
786	946
901	933
538	881
482	949
568	989
224	950
292	596
149	776
223	725
452	548
9	473
195	663
709	884
593	938
95	432
774	949
268	323
259	540
746	887
465	608
286	902
621	892
288	948
398	554
785	1000
945	952
494	787
619	967
947	998
298	323
695	962
137	900
679	954
439	713
558	664
692	893
293	918
72	690
512	962
135	975
96	495
660	833
431	973
351	721
722	893
655	903
479	906
264	752
363	960
878	911
220	911
165	975
637	970
852	895
158	972
240	745
465	863
476	500
622	783
599	799
310	696
474	804
231	817
840	898
597	911
66	457
833	858
511	807
82	401
870	925
226	860
78	696
422	506
224	750
721	802
611	930
740	815
844	909
118	768
145	871
392	748
731	968
428	930
345	932
293	476
284	922
666	987
536	877
921	984
733	933
879	987
152	887
895	931
482	533
545	589
724	820
517	756
580	812
332	710
700	877
175	992
791	995
689	984
922	926
471	990
724	941
286	944
525	997
258	882
566	998
337	946
519	657
904	993
804	826
802	982
862	996
134	294
341	772
855	993
621	826
334	998
783	824
282	313
889	991
686	891
589	995
737	893
362	952
651	826
334	890
494	842
810	819
686	783
672	885
713	886
584	772
699	722
616	953
46	608
767	893
384	603
604	606
884	889
755	775
699	843
267	957
518	539
284	372
165	909
197	861
780	953
747	776
444	738
783	958
623	740
609	842
213	842
713	899
138	668
75	90
250	616
585	835
623	861
213	963
576	786
465	918
210	399
671	794
528	974
509	732
237	273
780	966
167	214
62	686
958	972
510	553
782	975
171	858
515	631
262	976
699	977
354	979
674	920
388	563
847	848
750	915
196	743
564	910
738	797
481	875
159	861
415	521
585	969
566	690
805	972
63	106
851	859
185	998
510	566
243	939
754	926
504	980
1	773
906	916
610	625
675	983
848	911
559	808
242	872
784	926
171	174
314	711
508	991
668	980
508	762
687	993
709	752
225	639
593	806
285	424
422	924
804	989
656	862
367	759
807	994
922	981
760	919
619	943
182	713
498	653
792	871
299	709
813	930
417	701
876	986
325	883
867	937
760	811
300	826
272	993
360	840
547	932
781	870
10	727
846	999
887	1000
568	991
843	930
452	779
517	945
811	897
575	886
561	951
635	937
693	878
426	534
285	558
436	956
596	945
609	884
554	948
56	671
685	879
186	966
234	714
588	946
720	836
604	661
783	892
565	669
542	951
561	964
473	851
459	953
233	381
291	322
771	959
177	974
130	899
732	967
212	443
148	916
234	956
253	969
473	972
440	795
569	680
192	730
623	916
497	548
172	751
306	980
101	282
144	918
251	263
316	392
701	957
734	905
539	666
678	744
254	911
422	495
891	973
448	632
11	402
673	750
428	919
39	878
796	857
823	960
534	857
601	618
735	847
193	298
344	696
738	852
569	814
388	739
756	906
775	919
489	562
117	919
544	986
860	963
717	914
736	927
16	988
742	863
167	403
351	978
392	750
846	920
390	411
529	984
587	696
53	237
944	970
171	229
140	650
346	755
654	871
332	820
962	987
640	707
593	861
483	989
837	992
105	814
494	589
297	984
470	646
682	825
24	825
681	866
700	879
390	653
246	645
862	877
880	931
797	933
828	1000
454	530
156	836
698	927
385	430
813	877
563	702
771	880
298	956
306	780
600	769
853	949
195	949
938	993
542	764
850	880
459	995
528	600
533	944
352	374
739	820
109	653
780	821
577	721
651	707
785	936
871	939
213	710
39	328
644	667
883	949
965	988
248	438
456	616
184	948
354	834
607	785
968	993
290	849
57	89
315	613
516	603
829	834
639	939
658	952
129	608
778	788
789	883
868	947
232	965
149	967
842	894
873	998
28	906
685	947
445	965
899	906
799	968
58	970
540	973
479	963
699	737
432	622
418	724
209	321
407	565
692	963
12	975
213	965
669	979
636	802
496	499
625	909
432	743
946	964
844	953
882	979
747	791
141	981
879	910
328	807
923	953
400	683
138	912
798	958
421	971
32	930
206	817
729	858
756	961
803	807
632	925
236	925
370	925
953	980
865	904
736	982
949	982
525	920
506	641
659	920
714	856
227	997
923	966
615	813
413	864
127	995
724	985
259	397
283	754
591	870
176	399
175	928
409	866
717	982
724	877
691	700
506	654
712	988
846	988
271	757
610	977
629	990
1	667
205	699
427	775
96	941
719	883
880	986
751	872
23	133
319	949
748	803
473	598
874	942
730	934
408	883
380	821
270	949
952	983
649	716
440	542
423	898
257	835
436	837
496	888
334	826
642	942
12	775
315	547
628	778
581	932
20	141
732	835
864	991
101	968
887	894
706	819
672	942
746	891
209	952
18	152
470	956
74	727
542	832
850	948
643	884
514	770
574	784
82	847
679	837
472	773
725	953
359	832
875	897
551	773
33	847
456	913
776	891
982	996
417	958
458	959
329	845
838	951
84	260
189	276
273	913
732	969
933	959
253	971
330	666
495	733
618	840
623	918
345	681
606	951
336	861
418	900
298	340
456	926
55	582
275	851
256	572
435	803
550	561
830	844
333	563
439	959
324	743
282	746
328	862
483	507
870	916
331	867
372	905
410	931
611	921
330	679
710	900
803	862
252	988
444	929
222	816
511	690
824	921
865	959
842	975
36	811
27	762
206	993
316	636
624	752
696	857
314	526
830	857
195	346
682	693
613	859
318	682
442	977
30	888
742	865
272	687
478	526
739	796
648	937
928	991
647	978
408	467
399	876
72	252
624	994
302	714
76	896
800	927
693	801
813	866
276	927
403	473
628	820
702	806
380	755
85	837
608	878
916	994
184	816
271	704
887	936
307	886
320	825
760	868
619	892
806	984
350	704
267	935
649	1000
575	822
43	961
643	697
299	658
464	991
478	889
445	712
656	932
477	664
114	612
493	645
672	876
363	535
676	995
239	728
294	435
514	704
808	885
32	435
560	820
128	897
159	247
494	954
366	954
259	599
759	885
303	605
506	964
665	957
11	204
563	946
898	936
447	1000
447	771
595	669
92	543
460	710
262	954
88	838
415	967
592	600
831	882
850	895
373	970
252	680
720	785
912	955
636	791
564	659
815	914
437	968
798	947
830	899
407	567
541	796
305	785
181	224
678	801
442	790
884	906
548	691
97	755
204	329
173	750
714	845
599	629
122	933
824	976
777	901
271	275
617	683
515	635
355	619
379	976
833	917
387	571
425	863
414	970
529	920
105	858
193	705
231	997
611	989
187	927
569	992
591	751
770	982
200	866
797	856
527	995
487	630
920	926
268	771
758	864
450	519
837	928
501	979
802	907
853	872
397	629
476	922
635	915
874	931
953	995
120	994
413	987
532	938
614	748
760	802
92	114
374	995
621	872
318	871
45	712
573	831
774	821
22	957
397	871
853	885
283	769
66	1000
200	1000
781	982
307	833
568	874
273	431
820	829
586	662
751	995
658	767
245	369
883	885
869	987
786	952
579	888
783	883
213	767
862	947
922	998
383	949
572	885
732	837
195	898
575	890
776	880
781	995
896	945
132	549
32	611
266	778
390	844
521	775
466	839
586	904
484	893
993	999
181	855
13	719
701	827
431	966
766	956
466	960
37	783
205	367
74	850
354	904
660	947
519	971
789	832
899	963
164	514
461	966
116	968
652	948
592	668
473	976
393	953
866	907
673	741
444	918
837	849
743	958
416	563
944	948
283	448
641	910
238	971
747	848
241	976
411	862
400	969
615	628
694	921
188	332
565	807
485	784
349	923
154	684
393	966
580	792
888	908
62	866
328	985
455	797
501	913
647	967
210	700
471	741
187	982
803	985
522	972
502	993
240	993
559	975
96	985
416	926
508	929
19	472
186	649
492	692
593	744
906	975
568	916
601	864
143	952
619	881
575	811
816	937
327	709
575	582
561	647
557	942
307	996
651	806
399	999
894	978
913	991
149	595
228	888
897	983
448	891
663	816
79	765
612	999
21	531
301	585
788	932
53	483
484	935
97	260
984	992
113	241
132	254
324	424
255	590
697	935
771	884
17	947
573	899
144	722
488	532
980	994
264	787
167	891
253	894
676	997
776	935
201	475
753	951
439	532
931	994
609	943
265	904
787	949
564	648
68	969
835	882
343	945
885	999
194	556
961	994
644	792
652	653
65	856
750	895
254	728
73	158
532	672
308	964
19	861
327	977
60	633
583	674
407	677
627	946
701	895
648	739
446	790
377	690
738	898
330	615
27	806
421	962
729	849
296	967
57	456
184	497
733	739
631	957
304	562
736	973
340	744
653	975
363	913
738	790
946	968
863	970
429	449
645	976
492	505
636	927
818	904
183	393
501	968
694	868
383	454
178	988
222	994
48	878
593	678
268	881
502	819
763	860
312	924
742	922
902	911
258	809
566	925
599	873
557	876
804	982
941	987
378	581
125	172
462	989
635	917
258	701
387	586
679	694
235	946
717	986
670	874
876	979
895	992
867	930
779	817
952	974
728	1000
160	250
533	761
161	889
744	944
380	933
177	833
688	820
941	1000
125	414
223	949
438	874
185	199
88	761
883	995
855	933
588	818
294	371
794	923
417	936
758	1000
251	940
688	941
139	204
368	936
762	826
178	546
348	957
752	818
783	885
862	949
903	950
595	605
22	972
553	837
61	900
982	987
233	374
899	952
296	659
301	774
394	965
37	664
116	957
350	895
787	896
369	908
674	955
7	906
530	947
34	780
507	734
625	955
490	501
299	970
440	909
407	503
121	146
169	860
678	966
7	798
249	331
548	856
653	909
460	780
553	971
205	490
611	912
363	847
578	735
525	845
764	898
865	950
796	850
231	812
881	894
900	907
499	563
817	909
118	871
154	565
107	224
81	989
332	571
599	686
120	917
400	971
152	869
529	627
735	961
854	912
174	399
124	807
914	963
303	809
913	967
346	856
29	920
717	799
221	632
928	982
353	751
721	918
270	982
153	168
91	522
41	930
297	856
449	984
316	869
633	805
550	807
803	987
234	278
136	938
552	587
502	995
656	910
224	758
913	980
591	929
800	810
48	946
950	983
209	756
732	760
825	988
350	466
630	749
943	980
404	931
395	882
436	654
21	412
251	874
521	698
232	595
433	585
70	533
586	598
566	885
51	668
596	993
568	931
655	819
471	998
746	937
369	950
773	811
864	929
965	981
313	826
901	996
771	886
31	847
875	943
672	880
831	873
393	647
197	735
269	840
609	945
208	601
361	614
727	937
653	722
570	953
644	902
14	735
148	735
486	730
398	617
857	902
320	963
115	265
671	897
402	443
734	953
775	954
365	561
351	663
912	959
101	222
259	845
359	783
611	967
905	956
643	956
151	982
863	959
267	376
731	776
617	674
942	959
42	968
312	792
553	918
620	908
694	857
900	962
523	746
132	861
393	902
935	956
731	897
620	800
418	851
504	854
839	844
770	973
696	795
668	962
305	910
368	441
282	926
230	736
675	857
941	976
344	757
366	516
3	464
677	903
770	865
503	750
178	990
594	868
136	993
65	524
134	920
593	680
194	934
328	934
496	747
212	988
568	852
839	857
691	693
635	798
533	750
566	698
772	803
629	983
375	578
237	873
242	988
462	991
622	980
737	930
415	650
454	578
698	975
786	822
889	920
182	829
116	704
828	940
640	889
156	776
357	537
904	935
637	820
408	997
394	833
862	938
325	999
311	835
685	753
179	881
179	652
193	964
876	994
466	830
889	933
834	997
746	884
209	945
429	948
165	609
555	764
794	817
885	935
986	987
315	782
769	989
859	882
410	790
864	997
191	194
373	908
388	479
333	543
541	721
766	839
274	902
764	995
356	446
280	838
775	780
632	960
761	845
95	792
348	972
444	909
626	657
83	903
861	968
336	854
644	970
597	895
58	92
239	921
261	680
632	852
747	839
525	726
731	831
180	957
309	842
410	924
740	799
435	688
622	780
613	731
291	680
733	796
20	860
925	966
376	495
507	978
636	863
187	973
278	337
963	965
902	955
453	863
761	979
81	991
736	922
312	860
274	339
320	455
504	801
423	812
846	915
791	979
469	928
804	918
331	994
367	688
620	868
928	984
721	920
707	985
504	922
490	987
145	989
761	992
103	992
640	702
230	804
161	933
194	881
684	974
510	858
656	912
785	797
526	802
135	651
176	689
658	692
217	986
695	759
299	759
772	979
670	931
73	712
35	191
792	813
401	928
520	879
828	995
883	931
184	930
621	931
943	982
841	934
304	995
612	882
18	897
174	885
389	810
862	993
499	941
677	984
225	823
813	993
973	982
123	546
103	308
628	947
507	657
806	990
244	957
371	769
271	831
343	936
530	762
463	772
838	878
378	893
815	894
919	988
251	300
393	649
541	547
972	999
337	488
824	835
419	786
364	850
102	850
704	955
294	791
280	893
454	780
560	947
665	963
11	210
351	544
337	609
898	942
428	498
221	434
474	614
657	964
481	509
67	906
805	835
513	663
13	791
209	437
627	950
714	838
647	784
143	756
726	848
201	963
481	980
140	687
714	730
516	974
763	851
726	969
867	908
578	805
724	859
132	984
462	630
682	862
324	925
580	851
621	623
511	751
712	741
63	332
818	908
837	921
642	682
358	923
265	695
36	872
361	403
707	811
779	916
173	877
916	921
470	575
365	818
318	972
874	924
593	682
846	862
744	814
78	990
367	864
133	697
793	972
812	985
149	641
751	975
140	821
508	988
575	749
742	926
253	698
142	867
381	883
362	641
983	988
790	822
475	518
480	862
70	469
383	929
140	942
621	986
695	935
698	977
216	937
412	583
655	755
809	929
868	984
99	244
739	870
774	827
402	955
883	999
660	927
486	545
683	830
342	537
655	768
875	1000
378	719
572	999
44	550
319	489
128	958
431	730
986	989
217	249
769	991
466	953
194	494
903	954
815	841
754	831
358	373
743	938
646	776
604	779
241	727
764	768
10	40
218	972
870	898
634	887
400	720
264	859
625	838
88	899
745	903
495	728
439	833
866	900
926	951
318	543
86	974
442	838
306	977
221	610
823	944
840	884
666	731
382	972
583	962
280	961
321	962
252	862
95	915
226	846
391	913
490	626
443	551
333	679
761	860
747	962
371	382
254	800
455	790
124	919
69	983
641	916
374	801
71	800
777	962
510	847
515	925
513	852
955	968
974	981
416	919
569	932
116	398
715	986
566	863
948	965
142	801
689	970
427	704
284	921
554	745
237	809
259	339
784	978
228	760
145	991
904	979
661	992
595	638
447	511
218	422
173	945
429	871
181	540
602	799
188	930
615	997
950	987
370	412
908	990
778	880
215	245
338	581
422	989
642	992
802	981
581	753
130	817
349	595
734	931
486	600
670	946
692	705
667	877
727	928
746	941
168	964
685	931
621	946
748	987
574	834
49	720
706	990
755	882
961	987
42	946
185	500
859	939
279	364
391	605
532	544
878	952
55	390
835	996
472	944
632	896
337	490
956	993
6	619
364	852
680	829
831	998
965	998
46	957
206	909
421	834
613	775
95	849
692	839
733	840
356	853
483	665
15	331
106	449
639	949
437	963
710	829
321	788
530	898
475	962
953	964
865	888
534	788
735	778
666	907
284	613
36	511
13	793
715	799
319	570
439	901
585	955
763	961
23	922
334	555
102	986
537	914
793	840
201	965
305	793
337	974
640	746
772	902
684	789
611	984
344	869
624	923
839	848
508	977
164	938
728	980
566	918
103	928
29	750
404	627
478	576
249	753
390	692
340	871
367	974
138	922
135	358
580	974
915	964
978	983
422	802
675	982
890	907
432	995
545	872
383	810
658	749
314	710
971	980
162	582
786	934
739	859
505	692
885	913
108	992
619	942
586	765
797	985
15	949
560	749
959	983
237	998
834	988
438	988
460	518
157	480
970	997
473	716
841	883
574	768
560	870
68	896
338	528
926	927
67	708
89	955
460	639
639	870
966	999
360	960
660	929
646	765
197	673
54	890
357	662
697	996
783	999
856	989
639	991
759	827
253	955
261	550
706	937
398	784
527	669
884	943
584	947
102	907
465	730
919	937
500	953
755	950
713	953
14	915
32	969
659	838
423	561
323	623
395	499
881	887
449	964
817	902
278	328
173	800
134	845
442	961
543	784
205	725
391	915
702	777
592	905
430	843
784	846
541	859
318	787
208	915
459	497
20	864
529	970
100	564
723	728
714	908
860	962
758	914
777	964
818	965
582	688
430	856
765	809
438	451
825	860
709	914
406	876
165	521
146	279
48	939
411	991
511	929
309	980
6	942
16	169
642	860
647	975
36	821
3	644
471	749
140	878
286	932
828	986
621	922
693	798
901	976
323	999
44	123
45	991
205	980
301	688
895	932
397	921
163	754
526	806
718	976
198	711
827	919
216	994
772	983
266	357
68	601
670	935
615	999
353	999
81	540
477	540
889	979
493	750
691	994
806	981
56	483
470	766
547	986
795	822
695	884
643	694
46	475
987	992
753	825
486	710
422	991
463	992
637	879
174	889
177	894
655	933
498	949
584	989
658	938
465	543
266	599
794	984
899	1000
632	656
293	961
637	771
931	989
122	554
139	494
424	892
639	817
47	905
905	936
456	844
5	908
349	489
426	938
257	900
35	787
109	773
866	944
2	610
40	902
370	548
144	959
655	946
452	846
253	902
211	905
426	830
701	769
618	1000
254	723
634	715
147	331
9	892
29	726
764	946
180	895
276	603
562	731
345	962
231	860
518	890
900	955
239	980
729	844
192	905
6	634
854	960
606	895
215	973
946	963
591	735
541	914
907	971
939	960
142	616
395	567
837	912
178	983
830	909
851	968
694	984
513	680
779	799
283	861
710	965
154	747
589	904
930	968
907	984
645	984
304	691
59	860
496	861
837	925
416	868
125	167
438	627
121	691
69	235
748	789
5	250
216	699
68	535
716	985
298	997
427	882
36	997
47	597
387	931
420	879
728	995
41	294
528	641
373	767
607	934
712	987
929	985
887	988
376	809
804	990
587	992
380	928
619	944
149	766
602	977
373	888
662	762
552	890
739	982
109	815
579	764
788	874
479	762
773	980
806	928
850	934
528	654
651	990
90	428
361	891
6	434
383	946
639	872
556	874
671	824
745	773
817	878
877	929
137	890
838	937
669	899
617	709
933	945
597	996
630	944
759	829
368	944
435	668
951	999
266	896
863	886
546	950
183	898
319	493
618	826
203	547
884	945
172	739
534	832
861	961
498	909
108	431
333	778
838	950
442	950
590	848
170	262
689	827
45	267
110	396
294	971
803	848
849	964
668	889
590	969
175	727
483	843
20	853
631	778
524	615
557	563
226	958
474	794
110	746
559	609
275	850
657	915
743	955
407	740
352	804
296	909
425	794
122	756
636	977
763	789
212	915
812	910
490	859
564	845
333	912
291	915
167	391
590	982
805	907
698	781
928	977
705	905
237	571
218	292
261	928
677	843
858	918
429	741
681	962
249	810
194	874
423	697
128	520
207	813
353	638
339	703
91	638
932	988
314	875
658	685
916	980
797	800
506	816
511	931
827	908
505	857
118	182
670	924
73	705
596	746
802	851
908	981
779	867
677	856
468	682
506	937
299	644
656	918
353	880
821	985
399	996
633	934
361	475
59	110
195	708
597	688
776	919
612	996
973	975
408	937
642	875
889	981
806	983
126	958
850	989
179	821
561	886
8	185
63	875
734	814
192	531
216	888
739	929
66	126
885	983
40	662
425	473
917	935
862	999
977	986
361	717
163	998
774	886
584	991
773	927
537	650
129	596
542	994
371	883
472	935
66	247
752	989
931	991
535	991
433	943
686	894
672	996
410	959
468	937
495	774
338	827
26	969
361	959
189	209
796	887
326	709
634	825
919	994
335	677
912	954
764	827
433	956
231	970
652	1000
726	949
55	744
946	952
622	828
761	906
379	612
576	897
343	366
83	964
611	854
638	957
696	898
641	962
673	914
599	736
650	967
543	841
629	844
823	895
408	616
620	795
611	975
647	669
110	693
867	901
705	839
261	862
687	970
594	742
714	844
791	798
221	911
923	954
441	914
715	924
11	808
756	962
217	913
420	747
626	852
279	744
480	734
113	977
797	855
248	347
310	996
43	881
492	744
464	911
697	853
463	686
64	940
177	817
471	806
383	922
454	573
354	635
785	858
513	924
461	468
672	917
52	943
52	714
478	822
901	925
463	928
568	981
672	809
603	938
459	930
276	994
978	1000
169	602
898	977
535	925
873	920
773	982
759	818
951	988
555	759
211	720
348	954
447	933
526	997
326	643
350	1000
836	893
32	839
242	420
982	984
481	665
555	651
701	705
981	988
659	708
650	888
669	901
130	889
330	654
523	554
674	952
882	901
250	890
458	839
549	957
507	960
326	885
667	949
708	950
620	837
738	829
638	891
564	713
762	957
247	777
761	961
250	782
296	898
103	732
923	996
474	904
226	839
826	834
872	950
435	683
849	966
453	966
453	737
122	866
886	969
784	958
803	971
355	552
83	93
346	732
236	860
282	976
598	687
763	791
705	786
872	963
677	953
333	914
217	968
198	460
645	920
846	910
675	799
446	976
413	799
292	738
504	917
600	625
8	750
572	792
401	910
902	963
519	636
505	738
395	866
100	689
936	961
480	681
53	348
619	988
834	913
572	913
517	977
302	823
484	571
434	979
217	981
566	869
651	684
296	456
582	584
848	969
378	754
218	536
388	984
943	977
621	926
385	649
719	939
311	885
727	800
37	353
691	877
61	710
314	890
317	636
644	765
878	932
382	765
500	757
137	705
665	824
241	762
600	880
727	921
470	999
523	596
85	141
241	654
222	375
581	988
433	824
80	965
50	534
396	942
280	996
211	896
371	885
169	899
544	776
530	878
829	945
400	539
312	655
377	784
845	889
817	827
486	956
71	485
530	770
722	940
190	850
449	781
509	832
192	896
379	722
558	953
819	994
175	663
650	956
51	102
823	884
441	553
325	607
77	276
990	997
398	856
384	958
20	910
694	854
900	959
798	948
657	972
555	961
407	797
830	900
117	964
733	967
469	857
235	690
284	848
587	620
380	556
812	967
946	967
569	980
352	982
295	448
949	972
181	575
907	975
478	798
411	808
224	918
284	969
303	982
941	973
397	846
556	610
38	684
291	864
640	981
552	639
785	847
890	900
234	451
458	573
499	870
306	704
185	414
443	975
603	927
214	886
374	875
709	865
41	406
841	984
151	537
59	985
582	989
515	999
614	978
380	811
829	866
284	285
363	578
809	924
841	876
753	992
82	824
325	996
199	591
470	825
281	660
146	701
679	935
574	653
183	997
389	873
394	951
636	713
667	817
727	868
873	922
773	984
792	997
363	820
616	1000
248	604
456	782
275	707
951	990
868	992
954	995
871	997
296	766
153	717
843	935
111	720
861	952
372	761
102	900
878	892
919	930
905	995
743	933
25	424
627	758
200	425
664	825
426	889
926	946
645	667
447	948
636	847
842	952
193	506
55	801
449	957
597	892
638	893
168	449
238	959
902	939
76	860
632	849
414	892
59	664
128	269
381	449
735	947
17	667
803	852
844	890
580	780
888	896
907	909
236	741
590	973
925	963
524	619
648	914
104	972
305	962
508	796
902	952
79	390
497	903
879	968
189	521
395	855
276	675
400	970
157	983
518	962
289	873
292	390
369	573
897	958
916	971
126	586
645	922
244	578
404	567
464	847
290	694
207	925
270	981
886	984
177	524
127	932
94	755
219	935
943	966
621	915
695	864
813	856
894	966
149	812
300	981
28	522
451	625
434	981
401	804
748	848
832	990
546	633
202	594
458	520
843	856
774	985
3	879
908	985
672	974
402	884
345	350
498	821
248	646
156	828
260	885
425	464
843	977
917	926
801	980
295	879
470	880
649	882
473	885
514	923
748	861
678	765
12	941
991	996
447	640
526	933
606	633
97	261
468	928
519	893
796	878
699	945
465	778
551	818
732	893
979	999
734	939
794	990
76	673
24	254
768	937
129	950
162	898
50	428
845	891
965	993
530	772
617	660
330	832
118	912
178	963
150	901
577	968
404	488
72	981
736	961
362	491
37	731
289	915
430	662
539	834
712	725
824	966
610	714
722	955
86	448
592	845
666	794
8	794
476	899
589	776
654	676
387	561
313	383
122	815
786	795
328	920
763	848
196	966
719	741
457	741
506	633
681	900
230	735
804	970
661	921
559	910
287	451
22	934
941	975
894	900
462	977
429	800
737	916
76	941
417	682
279	977
17	748
807	867
911	961
80	767
508	985
267	630
41	287
841	865
579	865
744	932
804	983
31	767
237	872
556	625
143	190
695	932
841	986
579	986
324	467
582	991
615	939
752	914
397	982
773	973
718	808
234	695
795	991
500	814
712	993
357	765
651	983
403	881
711	997
785	983
45	944
497	516
686	940
667	698
883	996
616	881
940	978
172	840
158	942
148	897
523	545
365	602
310	666
227	897
103	373
222	324
989	991
636	836
111	722
245	951
842	941
713	827
468	996
393	822
52	263
939	995
409	537
757	954
504	545
531	648
75	368
214	446
7	907
819	822
277	502
304	376
348	382
317	840
754	841
248	969
217	838
272	545
580	661
833	841
241	966
576	956
636	970
634	897
14	923
215	913
872	954
127	800
682	793
170	618
590	975
376	723
240	862
890	944
155	495
867	960
886	973
825	963
145	975
649	737
761	978
341	392
654	852
492	790
621	675
15	865
356	929
538	906
703	973
403	452
821	965
399	976
96	975
834	904
297	965
913	968
228	865
23	167
233	980
608	857
718	729
594	922
897	960
888	911
612	976
151	352
477	522
950	971
471	973
27	996
880	912
462	924
484	683
883	917
4	985
441	986
790	874
876	914
936	965
457	930
591	930
811	933
957	987
874	989
794	966
1	835
436	992
238	519
799	815
783	807
91	994
512	987
727	912
345	581
33	760
327	941
924	931
170	994
813	871
799	936
577	823
885	976
119	948
58	938
600	992
457	943
919	974
868	928
109	876
766	880
334	994
764	807
494	946
991	998
204	884
801	874
534	759
639	812
354	828
528	715
560	933
505	997
169	782
664	990
838	877
320	951
521	941
64	436
93	908
817	939
747	880
752	995
576	998
543	821
347	946
956	990
708	888
47	913
485	587
905	944
460	944
840	936
699	960
900	950
270	783
160	911
270	554
113	836
223	442
402	673
197	978
819	998
645	845
805	834
648	850
326	836
212	963
661	789
174	213
550	729
677	770
930	950
589	657
797	835
401	606
310	976
544	914
714	837
562	968
703	907
782	971
749	794
515	627
265	681
213	262
256	861
242	963
118	927
603	676
135	342
508	853
398	981
131	866
10	576
152	925
532	917
688	905
559	791
719	743
751	961
503	859
112	745
525	914
781	840
841	854
478	802
431	461
210	758
251	796
941	977
366	517
94	812
781	961
161	758
959	967
152	938
716	980
246	802
204	805
531	971
853	985
778	811
186	936
781	853
244	877
552	993
560	625
725	921
155	576
130	748
498	649
649	818
79	931
706	800
978	993
790	942
419	706
240	246
952	977
74	708
313	990
662	878
753	996
766	935
683	937
755	813
600	939
947	983
584	931
966	996
896	937
720	940
599	650
301	993
783	996
755	934
410	899
685	875
850	942
467	881
868	996
250	883
546	945
747	935
389	998
604	886
623	899
664	937
185	902
204	952
768	994
606	932
509	999
25	657
425	776
115	550
939	997
777	935
529	604
166	552
735	938
757	956
891	956
589	591
747	948
392	491
516	786
906	941
488	953
927	1000
751	774
66	442
599	905
819	945
510	833
419	974
67	263
633	903
177	394
724	792
407	856
484	551
536	741
310	923
309	964
837	854
513	959
886	975
168	695
825	965
608	738
816	916
902	956
483	972
376	617
675	913
821	967
581	726
508	921
728	924
855	965
615	983
545	924
828	983
602	906
368	739
253	523
426	451
598	935
771	863
896	979
808	866
376	980
257	763
725	868
246	870
251	985
774	989
56	709
264	658
574	820
882	936
371	757
447	981
750	753
669	828
755	868
741	933
56	601
630	873
19	948
676	989
239	951
514	927
533	940
329	881
87	301
259	822
501	584
446	648
882	949
780	938
33	186
405	997
842	998
119	374
592	823
759	1000
456	962
75	304
151	851
789	879
324	779
52	320
766	895
444	844
84	538
153	897
851	939
469	608
872	998
46	956
393	1000
715	785
761	901
613	774
2	849
175	777
717	831
648	960
450	487
763	947
432	847
96	898
41	962
196	607
578	901
724	726
247	838
429	549
816	958
934	950
717	952
139	975
505	544
202	506
417	431
548	914
708	903
569	973
503	619
310	978
203	623
543	957
240	919
73	513
702	950
119	629
793	839
242	965
572	611
38	906
492	847
698	952
772	901
656	955
183	277
675	968
298	981
633	971
289	932
330	970
779	796
663	850
79	570
299	573
113	154
579	856
221	919
381	871
716	861
210	989
614	850
415	640
693	850
1	1000
436	928
389	853
119	763
397	973
61	758
644	813
809	917
795	982
739	858
150	463
274	758
293	1000
427	1000
582	874
683	926
903	929
820	931
765	995
286	997
671	808
602	974
509	517
459	925
46	527
404	989
440	646
679	928
780	980
463	815
680	749
551	635
124	302
514	982
607	944
219	539
343	871
403	885
764	864
787	996
625	934
570	998
537	821
261	657
421	646
863	991
80	87
857	947
898	985
870	886
70	833
441	480
349	891
872	932
51	968
696	706
159	767
659	824
590	953
810	993
230	418
576	826
842	945
620	832
606	934
229	947
770	776
388	482
687	778
585	767
315	906
617	719
68	211
157	963
143	799
671	955
891	958
784	832
27	624
770	897
453	961
305	834
10	391
865	942
661	846
289	974
397	773
429	496
860	948
879	961
717	899
180	960
736	912
791	848
730	838
358	966
793	894
605	843
710	896
536	972
94	627
223	512
42	208
453	974
459	725
409	904
101	751
450	676
108	912
545	913
886	977
200	915
286	918
189	756
1	934
389	787
526	792
507	513
316	982
89	525
355	910
957	978
181	528
602	787
855	967
27	61
813	970
832	983
353	985
788	913
554	746
691	980
806	967
93	765
420	931
643	680
524	988
288	977
771	865
549	752
240	411
778	989
831	852
910	916
896	981
593	980
753	932
288	869
16	410
725	870
852	911
366	937
433	698
503	942
396	816
437	817
418	575
437	588
473	999
506	947
225	934
440	822
579	937
720	876
346	406
155	875
764	919
260	891
475	816
278	945
218	665
383	998
400	413
465	771
523	712
500	994
192	649
794	983
398	717
114	958
752	986
912	938
273	951
6	607
653	943
727	929
188	355
441	535
424	891
639	816
735	753
201	819
435	720
643	935
706	991
269	953
250	711
351	763
741	948
419	897
386	720
224	429
220	953
527	844
2	730
819	989
865	876
69	905
432	728
740	844
812	949
462	836
536	785
709	713
296	840
428	959
906	998
923	938
78	617
298	849
389	479
738	892
539	948
742	782
84	782
681	772
313	376
263	784
593	659
483	787
615	677
413	957
949	967
47	341
219	862
828	906
84	674
502	921
340	859
205	900
482	683
243	926
740	978
504	967
55	875
490	803
259	382
839	957
300	908
603	680
673	924
290	863
164	229
389	613
633	973
614	731
85	875
157	226
778	802
869	957
781	844
29	980
115	754
423	870
505	909
964	965
427	989
100	631
661	927
26	416
20	342
779	919
880	971
792	858
157	347
682	986
883	976
17	44
794	904
771	920
274	639
62	231
177	935
259	745
908	925
185	530
572	976
415	992
630	917
676	804
230	983
472	745
670	989
384	632
697	863
788	981
650	751
526	981
815	818
430	455
404	991
156	889
142	991
197	661
238	699
439	689
852	858
306	833
815	939
405	812
211	946
44	540
796	818
727	984
947	987
685	987
357	892
981	985
576	936
796	939
815	952
231	901
17	420
652	702
831	933
613	939
26	913
764	879
309	713
722	882
455	767
133	487
740	899
522	942
816	894
88	192
52	269
640	668
243	968
721	778
666	842
206	857
388	834
814	942
906	945
529	958
763	896
606	949
688	722
784	955
278	329
228	737
457	560
203	909
538	670
821	958
482	509
955	958
559	958
430	844
256	920
24	799
395	971
4	857
568	670
573	977
12	452
110	987
311	748
589	958
200	917
594	807
640	923
103	984
189	987
159	327
4	978
771	854
806	848
429	861
437	456
855	969
662	803
187	281
136	235
650	685
581	851
889	967
108	927
551	679
663	920
883	923
676	859
795	810
627	674
684	979
725	980
563	918
582	931
697	918
34	574
466	985
172	538
521	692
774	872
56	592
572	923
878	929
551	571
630	864
685	800
368	864
270	292
693	920
238	754
269	592
577	708
475	697
292	990
787	932
649	998
757	760
743	862
316	529
440	595
123	659
164	660
21	877
664	983
134	525
595	883
655	934
391	824
878	942
960	981
745	827
63	995
137	944
444	835
342	824
414	929
345	829
787	945
914	986
155	180
449	657
458	891
967	997
26	968
5	91
865	986
144	960
83	950
840	929
597	942
182	663
476	881
729	832
412	896
627	821
835	999
893	940
414	942
956	996
955	1000
652	999
270	668
605	658
335	797
11	673
16	788
7	968
277	792
626	946
271	489
777	886
680	953
900	956
523	969
289	802
858	959
481	972
723	771
698	943
221	789
307	792
936	1000
719	736
8	910
751	954
401	841
492	730
10	690
626	959
183	618
818	900
355	846
797	962
341	682
612	916
813	906
918	959
598	752
455	969
684	792
675	972
769	836
53	400
457	978
218	467
70	340
751	967
811	981
869	959
387	919
929	973
511	985
440	516
412	454
725	914
771	801
769	957
77	878
163	918
366	752
405	680
966	976
160	354
203	990
519	930
767	803
123	701
596	921
53	642
512	927
364	763
451	688
630	919
313	983
514	973
170	934
660	798
324	583
670	991
683	930
801	922
584	924
176	870
597	634
822	981
799	997
447	811
741	763
176	991
551	868
831	922
690	946
671	704
215	424
574	771
197	784
194	715
428	653
567	997
842	936
840	863
358	594
905	992
151	789
467	766
775	882
847	987
356	898
571	823
502	723
815	954
367	535
446	828
680	995
859	997
798	987
657	782
932	950
756	761
847	879
365	839
766	954
227	905
180	830
488	946
548	960
87	373
740	901
592	774
204	369
580	885
673	847
733	898
700	721
101	621
87	723
736	903
675	893
573	616
344	793
872	949
932	963
369	557
291	903
203	790
249	906
925	960
548	973
499	559
55	811
270	736
816	909
814	836
450	788
579	673
307	739
496	675
224	970
490	860
168	809
457	683
658	673
737	966
57	978
129	329
146	269
786	858
469	922
758	796
147	871
458	504
452	689
705	906
517	855
262	565
167	971
795	799
670	804
661	984
106	173
107	812
112	927
855	971
492	919
813	974
554	979
89	879
295	984
603	871
448	997
542	861
767	979
154	227
285	710
598	941
744	995
348	995
637	869
771	869
783	923
553	875
630	866
93	890
321	754
285	831
701	746
692	697
375	990
667	869
460	805
295	997
28	882
284	579
845	875
597	810
368	987
528	939
808	993
178	826
123	890
775	816
725	995
819	859
590	770
48	487
194	541
259	936
815	888
50	533
960	983
979	996
831	869
963	988
775	937
849	886
417	1000
618	990
631	929
805	816
464	523
139	726
290	370
634	934
975	998
782	832
377	783
564	875
638	824
872	991
608	652
530	998
208	947
34	831
923	929
840	931
578	894
624	781
261	729
25	718
99	667
723	760
267	480
525	775
777	996
276	714
629	832
937	948
202	499
23	793
9	895
854	950
432	961
397	711
729	955
990	996
907	961
948	999
444	971
258	552
323	681
367	953
730	776
740	969
462	732
654	902
