804	846
110	923
399	797
3	797
848	889
806	892
112	969
527	982
547	897
626	961
192	211
276	848
210	982
3	689
286	977
654	915
84	799
915	956
266	281
412	564
651	846
730	910
293	872
356	403
853	980
424	803
594	985
850	911
170	923
574	747
885	905
150	456
581	908
139	526
746	975
765	988
443	974
484	975
195	872
737	926
415	875
883	980
602	967
621	980
389	859
2	184
287	811
669	876
254	634
686	816
373	999
970	989
26	662
218	832
567	986
181	950
864	980
743	919
146	700
132	765
473	829
445	996
52	247
477	948
819	914
764	978
783	991
213	875
488	814
359	700
474	650
116	942
243	717
509	873
393	698
954	994
329	942
304	360
138	822
861	951
844	984
374	540
107	196
538	648
180	940
9	829
840	986
914	935
726	884
638	1000
3	489
349	897
872	938
624	836
935	994
668	879
236	956
714	766
721	890
826	943
523	905
289	738
187	956
421	894
80	335
921	951
453	967
742	841
640	793
626	895
505	605
166	910
381	798
749	965
40	505
909	954
31	685
399	852
344	916
709	785
602	659
93	287
13	264
178	331
771	845
213	554
196	910
894	952
434	967
102	228
813	963
846	911
832	976
338	441
384	557
475	675
270	980
600	855
746	909
713	732
336	516
649	976
786	981
519	866
524	981
739	906
603	981
795	922
478	986
373	704
73	937
577	699
623	815
67	634
208	344
526	919
39	535
135	997
350	922
892	976
267	924
303	581
341	873
611	697
767	981
371	752
546	753
342	694
540	938
961	968
97	597
336	879
878	933
33	878
294	882
5	779
373	946
459	986
660	976
734	925
766	877
857	995
664	866
452	946
873	976
465	885
413	466
363	874
537	761
146	876
844	918
747	985
442	874
543	697
273	836
37	825
812	821
963	990
118	898
44	720
252	898
742	762
411	662
87	309
171	946
914	990
509	941
729	944
80	498
324	895
439	882
48	960
337	834
604	949
304	657
694	842
881	934
246	423
449	782
319	901
219	963
71	836
244	498
14	975
737	781
761	909
714	834
103	909
280	313
10	452
617	901
587	958
749	791
834	835
77	627
435	860
37	262
677	888
300	901
603	673
88	264
599	968
230	842
610	834
918	950
730	899
293	861
490	917
751	958
173	981
778	795
286	858
709	961
184	847
308	388
767	902
693	724
163	909
581	668
127	986
297	909
283	974
864	956
420	979
93	584
621	740
662	741
753	859
758	974
44	170
427	874
834	969
75	917
892	910
952	961
286	871
492	976
385	813
827	966
426	622
109	915
271	748
642	920
433	746
774	810
801	913
326	391
765	990
498	646
630	802
393	566
472	630
38	109
40	707
678	698
318	392
815	932
639	972
859	975
33	933
162	818
229	579
616	988
327	885
868	980
491	993
692	983
21	815
766	932
667	926
840	854
905	983
574	883
155	936
414	638
548	830
854	873
666	822
690	950
817	991
734	993
808	942
863	878
11	369
117	536
634	762
59	531
826	932
437	891
707	715
523	665
531	755
784	935
555	883
599	889
764	993
939	994
123	142
763	768
620	948
176	419
608	830
849	956
16	955
668	881
585	883
893	999
700	833
626	655
750	950
249	668
124	902
710	999
25	896
388	719
902	940
216	612
18	856
923	999
279	668
22	746
154	902
654	959
828	846
351	958
593	720
147	633
719	795
471	730
27	982
204	615
880	898
355	784
102	338
145	974
346	964
797	900
464	956
712	792
920	970
557	918
216	625
703	972
818	959
380	962
559	964
99	979
415	919
869	897
855	962
786	862
772	964
159	212
804	916
260	523
176	795
429	975
360	875
690	750
11	169
362	921
205	974
296	567
53	580
396	919
69	524
371	862
257	989
305	508
651	916
871	919
394	994
669	933
741	809
512	986
584	862
284	570
36	239
206	650
178	817
720	871
563	924
549	989
447	978
336	881
451	868
148	830
449	758
616	935
528	822
896	989
324	763
577	943
287	881
529	643
391	938
831	981
99	537
775	820
324	884
453	769
580	581
530	989
967	990
29	707
461	889
722	930
161	368
133	306
485	694
550	823
16	889
714	931
750	884
55	736
96	774
13	776
462	602
145	895
654	772
907	952
923	933
68	153
100	371
578	898
724	952
657	962
13	897
751	826
696	890
663	713
277	906
392	893
337	957
411	906
571	895
640	729
712	834
717	949
309	895
610	823
290	616
860	998
937	952
853	958
8	903
930	949
816	847
469	968
543	954
598	853
703	906
661	909
941	963
737	904
599	970
24	739
395	911
598	745
725	786
496	963
45	798
716	737
661	801
895	968
158	675
853	971
691	909
443	844
825	909
374	973
332	976
160	226
607	915
505	904
101	814
114	524
427	984
769	950
774	799
152	227
864	958
303	396
215	283
142	973
799	977
832	925
100	976
293	876
716	979
339	992
586	869
691	922
591	984
685	848
281	758
456	759
850	915
473	928
929	979
970	980
588	686
123	815
785	971
114	766
84	106
232	987
829	977
350	979
512	812
685	969
864	971
924	985
24	994
198	881
354	869
662	985
646	748
174	938
58	992
359	920
669	880
276	397
873	912
565	759
396	987
671	926
776	979
196	404
850	928
753	995
241	820
585	630
488	697
815	826
754	816
644	944
69	713
330	525
48	775
731	805
898	982
713	936
353	364
666	824
726	875
891	942
49	892
632	947
57	716
255	997
847	872
122	616
717	762
969	983
465	955
427	434
504	883
325	423
531	757
624	948
416	541
981	993
796	947
601	937
3	493
397	649
872	942
261	788
569	904
44	790
654	948
681	822
805	888
763	891
909	945
802	819
270	958
485	654
784	950
335	858
200	899
608	724
635	827
568	773
587	786
573	851
91	619
399	735
578	966
526	547
476	955
85	804
404	786
450	902
832	967
529	966
656	778
807	910
108	909
765	913
401	902
547	956
752	836
633	915
746	792
737	972
897	961
198	923
874	977
794	954
390	864
739	789
188	915
95	687
307	866
265	869
442	502
595	744
33	977
454	741
621	918
60	356
206	639
618	849
651	797
409	446
801	970
551	795
95	929
857	986
292	985
493	975
583	868
46	929
733	812
945	991
581	980
28	767
160	886
979	989
817	927
46	821
500	991
660	980
516	706
557	707
796	989
502	542
9	875
465	889
537	994
740	828
377	776
437	827
311	422
151	958
522	871
696	758
197	845
613	760
184	354
497	814
446	768
826	989
726	822
710	814
520	653
673	895
590	897
717	938
735	763
955	995
740	841
696	1000
696	771
594	723
547	648
392	774
340	843
138	894
606	999
3	440
75	545
443	712
481	967
346	779
236	907
365	792
714	946
953	962
409	835
937	954
250	253
694	967
532	905
110	916
812	959
278	500
103	913
404	841
304	903
436	793
922	952
350	497
267	728
470	562
520	908
392	908
656	954
889	896
572	960
603	798
83	274
506	865
868	958
610	959
174	806
111	457
584	906
171	508
4	102
126	994
293	878
320	981
769	844
669	869
72	650
292	919
595	691
658	747
391	632
372	390
759	799
52	937
504	509
528	866
473	930
285	879
868	971
664	912
769	965
628	989
667	917
479	866
88	752
671	807
261	643
896	925
159	403
898	971
263	460
958	985
58	994
447	806
42	986
639	976
400	465
873	914
201	750
558	987
491	997
847	861
347	989
483	584
521	876
364	892
424	943
947	984
565	653
215	769
564	923
905	987
36	309
946	988
762	938
949	993
412	825
439	928
136	890
733	880
530	817
461	946
483	705
722	987
235	603
754	939
215	890
812	880
349	890
127	777
228	600
756	985
497	990
34	1000
631	990
328	952
221	597
212	777
647	934
988	998
210	667
738	823
242	656
591	773
858	888
930	993
715	839
291	777
659	944
860	934
36	672
113	892
825	832
245	257
770	896
291	898
915	991
731	941
612	724
340	790
928	960
969	998
633	783
237	783
182	847
886	963
492	780
20	970
582	673
719	907
383	729
443	780
140	742
511	914
175	965
827	891
128	853
152	981
193	982
67	385
707	974
433	442
226	378
589	955
85	927
126	928
487	907
506	920
160	283
767	961
885	953
91	863
256	930
20	165
553	628
470	859
855	966
239	697
440	458
114	931
711	921
408	920
764	784
950	974
311	987
801	851
326	329
553	749
861	865
690	754
662	921
65	702
882	924
926	967
582	928
764	905
265	992
917	918
686	985
259	689
28	756
119	120
831	851
210	238
762	980
211	877
486	587
310	590
683	872
292	987
975	980
400	749
111	646
861	878
570	931
308	931
850	985
657	819
154	464
756	798
968	977
379	582
236	762
361	942
447	982
884	983
507	996
548	768
842	986
845	991
206	775
495	649
51	901
159	700
21	995
819	975
838	988
111	888
531	693
569	948
168	375
134	993
645	943
626	701
879	881
510	526
138	883
201	939
757	891
531	814
872	878
858	943
481	956
159	942
770	830
319	894
617	773
955	997
913	1000
784	886
770	951
930	940
43	851
423	843
846	946
1	625
837	897
501	948
284	950
316	902
256	622
261	966
723	997
547	771
730	892
804	841
366	615
545	846
567	605
550	961
626	956
325	964
156	862
794	890
730	905
554	908
829	847
853	975
149	859
572	962
672	900
630	903
112	977
709	967
809	905
24	864
970	971
755	790
760	905
820	919
283	980
322	908
924	976
533	862
63	684
183	749
491	865
959	970
480	972
521	973
628	870
719	988
457	988
190	873
732	927
107	875
643	855
693	972
445	870
706	911
810	968
460	855
653	755
861	933
778	935
430	454
280	924
349	529
319	357
799	994
766	817
530	806
898	973
287	819
254	642
741	989
534	925
565	763
501	519
836	997
775	987
338	757
954	989
664	927
884	930
543	637
583	938
687	995
346	702
291	766
458	943
525	704
576	935
617	936
419	951
23	951
611	892
344	777
177	371
872	933
108	537
118	959
830	936
252	959
541	833
849	949
833	941
934	993
332	430
189	610
230	648
367	882
73	435
988	1000
449	951
710	992
784	941
550	774
761	957
148	205
547	705
659	946
4	951
536	960
350	541
756	1000
351	951
640	788
758	780
54	664
353	960
210	682
630	716
744	966
904	955
670	788
601	954
895	906
248	506
436	971
19	804
129	447
528	681
154	211
794	837
431	748
16	506
651	788
40	863
904	968
802	957
213	791
380	968
769	780
774	858
479	681
369	809
176	680
355	911
878	915
225	801
426	562
706	845
563	796
535	734
774	979
345	573
649	984
229	398
387	984
662	923
187	401
445	925
808	977
882	926
486	697
71	455
164	417
208	689
576	856
306	995
488	514
861	988
979	980
561	992
294	877
599	695
241	987
678	759
810	915
667	866
713	982
620	754
372	689
933	985
570	933
160	769
32	998
476	517
385	887
569	708
200	353
277	536
645	703
144	946
166	705
634	810
432	824
241	1000
497	926
893	926
731	864
576	990
92	648
317	995
568	577
465	893
592	934
872	988
22	323
333	939
421	823
622	813
668	929
253	421
865	985
925	999
37	833
826	993
325	711
154	600
453	896
613	885
409	826
851	942
937	945
54	598
97	968
446	893
14	970
569	963
333	952
580	829
263	893
395	783
81	327
485	942
719	843
797	948
117	960
387	784
538	953
1	748
343	485
656	945
790	908
298	971
716	730
191	845
834	951
429	902
195	735
131	979
841	846
412	440
670	964
207	974
205	901
105	963
191	966
480	840
862	905
883	964
459	673
679	905
940	946
596	907
362	740
408	856
535	897
339	985
573	923
806	902
121	799
50	101
220	741
929	972
970	973
27	346
686	921
861	922
59	271
470	808
327	988
745	747
27	467
32	582
156	877
53	641
658	980
336	929
556	969
836	986
555	744
522	567
868	975
912	981
549	929
452	996
796	806
727	972
221	346
515	527
165	939
342	986
824	989
898	975
474	876
914	919
878	996
330	639
132	883
209	349
159	757
434	696
761	825
530	929
805	868
736	768
969	976
363	937
886	941
289	722
946	992
2	894
117	881
879	938
731	811
273	899
381	661
620	943
840	983
881	984
143	789
611	894
738	935
443	758
228	604
547	586
469	895
617	830
703	833
818	820
417	476
927	992
383	599
300	601
544	961
450	774
758	890
837	954
730	828
661	957
119	674
105	776
358	956
485	997
572	656
126	798
286	787
217	953
828	841
189	854
700	841
791	959
739	769
802	825
707	965
242	902
880	893
825	957
195	790
723	946
809	949
112	792
580	897
129	207
376	838
450	787
395	851
684	954
904	957
771	842
213	551
688	844
572	898
368	839
387	852
739	782
889	955
209	967
662	683
665	917
799	917
885	957
945	971
334	854
89	986
859	904
569	576
357	922
109	857
549	863
683	863
769	903
378	981
33	983
267	921
690	758
13	745
748	965
208	691
461	871
875	925
919	968
31	240
542	981
93	889
416	576
473	881
789	858
352	820
398	707
711	938
838	979
631	915
199	992
231	944
831	976
757	761
849	993
522	635
109	991
370	995
525	640
138	874
312	532
652	866
597	930
430	753
38	414
79	415
838	992
106	777
529	880
763	818
344	605
316	772
388	877
333	941
402	546
282	895
249	718
40	315
348	431
432	839
430	995
242	944
25	946
192	305
427	845
394	668
399	783
793	939
765	840
407	903
489	713
249	960
357	493
18	798
124	965
922	945
545	958
80	858
219	973
203	965
640	966
800	955
855	891
15	914
1	979
362	729
279	960
31	858
130	608
214	979
336	676
602	832
593	783
21	557
367	965
603	912
498	630
93	810
109	791
558	617
293	871
12	858
86	807
790	923
917	964
347	848
875	967
171	622
556	958
575	971
332	984
951	962
970	975
488	679
820	923
327	990
822	969
421	625
729	741
491	869
783	977
576	913
452	877
226	800
391	638
644	818
878	985
437	754
831	910
836	988
13	692
970	988
379	520
34	751
146	928
32	826
247	751
863	983
882	996
835	921
879	927
824	991
856	980
345	764
148	893
454	936
397	402
935	980
692	993
805	870
645	652
824	883
142	526
870	999
689	924
694	773
363	939
485	636
886	943
710	983
374	539
415	540
544	950
502	953
180	939
543	991
240	953
340	662
34	67
613	942
497	996
807	892
927	994
297	827
751	997
190	435
272	770
781	876
681	709
115	786
240	966
601	945
790	844
881	999
578	961
779	951
531	886
396	432
205	837
584	833
314	972
520	848
602	887
904	959
441	969
609	782
461	618
688	846
273	567
779	964
278	682
658	903
295	851
658	674
855	959
596	964
133	974
408	913
121	856
167	972
454	736
762	852
242	328
338	790
412	739
95	574
174	867
274	805
370	513
783	911
919	957
561	983
583	742
384	798
838	968
871	916
683	865
218	994
636	753
452	932
264	881
59	220
454	978
803	866
560	916
431	994
780	919
577	819
623	935
342	922
375	870
254	809
433	811
245	989
400	634
460	914
653	814
119	355
413	573
625	752
789	860
733	928
777	971
796	984
372	922
606	860
666	874
657	825
321	876
443	573
467	930
747	984
733	820
413	815
243	663
377	892
751	810
599	941
401	468
585	814
318	699
534	997
633	710
710	930
605	648
591	713
728	947
272	704
217	768
907	949
288	648
890	982
782	954
97	851
587	944
196	830
705	936
784	1000
209	540
770	836
313	597
832	896
591	955
728	960
280	541
307	903
431	444
661	906
760	885
195	618
649	788
1	752
889	891
676	783
662	848
693	952
748	888
290	976
469	978
324	560
274	968
563	842
637	791
568	957
595	794
526	960
424	912
586	745
484	963
391	506
181	696
836	856
780	961
582	976
771	912
889	904
630	909
583	797
354	974
96	221
662	861
299	809
734	966
954	969
632	689
114	763
72	995
722	848
746	976
787	977
410	761
275	802
613	797
780	974
145	463
623	990
783	979
755	917
815	931
9	804
773	971
281	997
187	810
528	874
574	990
546	928
766	931
296	753
717	746
736	759
529	695
364	887
143	888
485	625
905	982
486	998
714	862
425	759
604	990
805	980
208	761
460	982
638	988
173	888
627	866
511	883
10	372
791	937
988	993
605	703
844	985
541	947
442	941
772	816
240	955
529	829
837	945
460	995
23	957
496	652
224	947
515	665
601	934
620	947
923	985
853	889
932	953
714	996
800	999
698	988
133	950
386	901
331	965
716	776
325	891
807	894
295	719
682	899
313	773
681	940
222	914
684	945
702	999
17	896
55	922
177	619
853	902
616	666
560	771
684	837
35	391
353	966
513	955
402	858
663	899
88	668
883	902
387	735
681	953
822	892
546	728
307	971
945	962
716	910
664	720
938	959
79	969
468	781
487	794
734	900
665	800
458	507
494	918
688	969
326	553
691	974
732	975
322	848
167	974
671	736
385	867
365	400
838	849
347	797
667	967
312	510
553	636
919	959
776	910
747	852
294	991
729	919
321	865
627	679
884	978
903	991
606	970
160	883
979	986
316	642
660	977
357	939
406	535
650	932
636	997
815	999
147	311
754	989
735	747
45	300
19	247
268	722
83	942
606	983
754	881
900	935
845	999
886	1000
638	935
173	835
481	951
195	594
921	994
599	943
310	840
777	986
818	987
288	529
97	961
707	890
738	994
913	995
622	819
162	309
816	833
869	925
888	938
907	951
63	303
587	946
427	728
143	969
366	718
581	643
985	992
943	995
568	825
513	889
746	831
374	959
594	962
593	774
188	954
596	779
804	957
655	834
466	669
452	734
765	965
584	661
314	800
704	726
781	946
506	741
142	959
899	901
515	975
876	954
853	970
658	731
685	834
811	973
248	567
382	796
709	962
841	852
753	968
54	967
544	565
690	804
621	970
68	986
58	978
829	855
218	930
278	981
396	973
303	745
74	922
107	870
669	987
483	568
534	799
28	927
745	982
671	804
487	983
924	984
803	923
476	565
775	861
412	809
486	758
319	352
733	864
585	737
857	930
597	976
308	873
657	761
613	920
164	599
866	871
543	861
717	748
851	977
37	989
111	938
925	926
293	420
358	815
298	535
449	933
798	858
187	933
839	859
321	933
844	974
756	861
687	990
76	836
907	993
492	522
631	866
717	869
772	805
87	702
249	535
419	946
78	653
565	1000
67	235
726	874
638	990
812	877
913	929
29	882
585	871
934	988
185	900
890	918
330	995
462	885
74	251
626	993
860	931
356	903
510	818
702	759
191	543
347	531
705	764
839	993
811	894
561	719
673	960
450	888
271	428
802	818
788	883
8	957
457	783
503	899
682	901
167	721
365	965
560	652
271	549
128	729
818	947
427	796
22	976
894	942
314	855
792	894
897	947
387	845
96	144
874	963
25	200
887	902
563	778
609	665
788	896
4	33
663	901
156	804
637	848
136	566
370	504
600	966
378	853
405	727
42	675
603	971
181	982
831	835
192	619
808	851
813	966
379	445
408	917
857	972
512	974
861	862
892	966
52	989
537	738
368	966
82	868
169	985
417	858
444	695
409	445
581	966
229	743
878	923
239	936
275	630
440	697
618	969
766	867
912	921
617	744
634	913
391	926
129	926
611	929
308	928
32	993
8	407
7	936
967	978
838	864
777	854
460	918
312	754
666	757
738	862
902	970
319	649
439	980
112	585
673	881
310	829
337	703
650	934
161	477
501	811
914	980
614	688
261	829
412	998
453	999
263	875
731	980
249	711
629	932
237	593
944	980
159	939
181	432
439	993
714	932
733	945
698	924
832	887
854	942
480	701
375	419
559	994
545	830
913	997
61	488
407	896
511	953
524	892
469	956
560	586
739	817
59	829
656	819
124	958
17	832
394	553
724	953
612	897
436	671
496	722
774	895
438	717
489	948
809	889
795	954
910	941
929	954
681	889
533	725
827	943
466	900
600	900
545	964
619	913
20	96
588	782
841	962
151	515
463	787
834	959
135	692
368	900
332	977
662	852
321	559
780	844
670	972
852	949
637	795
12	972
141	628
727	954
801	903
506	985
560	962
500	682
579	975
337	395
958	971
755	908
815	922
548	578
658	975
212	629
859	965
556	964
382	811
449	572
509	623
104	803
632	922
114	996
544	809
282	809
817	860
104	695
866	981
7	991
227	994
461	932
750	806
199	932
942	976
532	583
537	927
559	686
325	519
597	978
849	933
186	589
577	999
733	987
153	937
502	825
82	239
480	514
812	987
845	935
42	288
949	992
104	937
608	699
117	876
18	604
157	948
446	822
504	992
858	995
622	984
641	997
434	704
733	1000
610	866
216	481
890	920
269	307
911	979
930	992
30	964
682	890
162	366
341	597
420	890
122	967
34	302
707	839
476	943
286	782
709	885
676	708
10	618
612	952
450	661
670	893
155	713
205	830
911	992
190	441
19	559
68	680
221	959
174	847
315	557
499	903
649	847
98	973
607	850
753	904
651	893
820	850
503	914
126	927
850	958
303	331
602	893
225	906
786	973
706	950
45	975
394	863
213	788
259	904
451	845
83	449
778	974
289	517
896	966
533	914
674	853
99	393
137	685
257	979
692	907
217	385
296	678
348	868
475	680
595	974
562	797
52	991
690	982
321	627
333	681
463	976
549	979
741	920
326	678
861	985
284	681
330	568
836	928
209	278
972	974
273	936
870	926
405	863
231	939
842	864
363	866
872	972
641	810
627	912
131	708
365	646
530	979
750	982
865	969
925	983
50	756
666	988
699	936
233	877
613	869
139	949
736	939
629	813
796	990
510	633
231	952
36	713
215	944
872	985
457	477
641	823
527	950
814	980
948	980
134	992
78	831
334	528
210	721
418	936
691	765
944	982
723	983
448	778
200	713
420	716
874	886
860	988
280	413
915	924
409	823
515	953
821	996
163	767
416	947
273	373
709	940
929	943
607	663
423	842
610	934
821	888
721	950
134	187
466	660
600	660
462	955
66	955
723	996
231	268
248	437
557	963
535	652
573	907
325	842
807	845
493	655
451	658
98	799
566	904
822	830
115	968
63	778
973	999
469	971
21	552
210	976
342	607
3	912
177	799
218	571
181	918
401	958
487	961
244	974
940	943
651	840
73	863
320	969
311	920
667	784
727	835
713	900
597	725
148	633
41	507
693	958
552	982
674	679
753	972
417	794
546	679
439	553
72	988
947	959
391	741
331	461
47	702
863	965
63	912
94	225
266	746
472	851
250	738
711	867
296	625
259	972
548	580
176	974
859	967
532	572
555	970
775	973
467	628
863	978
756	852
403	993
136	878
604	983
824	986
120	641
796	924
942	978
754	927
418	978
721	750
74	939
564	803
775	986
508	642
632	937
687	873
747	924
530	926
194	940
650	991
694	997
339	540
289	948
559	809
335	835
844	978
742	930
921	932
907	997
48	778
279	647
853	882
25	996
806	807
388	819
932	946
379	999
809	812
728	887
714	989
786	828
510	930
909	935
513	935
821	822
592	999
666	948
867	938
287	363
438	532
407	953
971	995
186	954
360	841
420	892
901	936
876	879
635	938
105	894
889	939
820	839
66	902
69	382
473	502
758	900
64	977
246	954
61	679
165	736
299	965
533	903
82	967
285	801
156	687
85	218
334	959
193	983
554	962
683	847
746	903
176	787
630	957
285	693
664	955
331	516
396	911
415	924
294	863
495	624
305	500
659	732
62	513
139	467
88	916
45	51
201	793
542	857
10	996
808	976
236	521
631	791
306	994
125	919
414	793
433	806
653	809
680	912
620	632
298	581
944	958
715	869
527	818
631	912
414	914
956	968
782	815
77	474
228	643
775	812
906	972
128	183
666	990
724	931
75	522
944	971
351	871
282	1000
645	823
189	543
617	990
694	944
531	923
913	988
911	915
508	939
489	697
668	928
184	815
571	995
266	359
519	539
161	602
501	936
661	888
881	928
826	992
688	762
572	816
561	657
566	772
385	431
288	764
670	829
210	844
793	936
765	837
85	849
723	877
594	955
376	998
412	426
758	834
482	899
292	775
180	305
479	601
685	706
797	947
167	780
247	251
183	495
477	676
119	968
664	768
241	436
259	719
457	963
209	898
479	493
336	673
112	965
253	904
244	855
137	729
739	834
458	555
494	737
883	963
822	953
563	958
544	679
787	851
551	840
690	918
868	961
824	854
699	859
652	784
764	961
208	743
549	807
958	975
689	787
111	810
171	861
264	823
262	979
46	866
283	284
954	977
525	800
893	967
525	571
912	980
805	854
750	918
361	877
216	230
147	359
69	705
564	913
113	748
182	353
476	571
729	980
641	867
803	929
949	983
608	690
384	982
425	983
860	911
824	988
631	859
125	987
740	994
578	703
872	921
311	359
440	998
214	426
43	544
290	650
823	921
564	926
397	520
930	983
949	996
145	942
164	955
291	996
318	870
483	937
923	980
138	939
89	488
913	935
682	773
107	542
272	875
406	838
566	827
818	819
603	830
723	932
203	896
904	943
876	881
480	881
91	840
149	781
792	887
630	825
663	773
373	674
712	894
807	902
889	941
168	915
267	894
167	956
243	271
248	615
748	938
780	890
381	915
155	609
466	959
628	792
989	1000
686	962
639	887
231	338
210	215
776	892
982	997
241	733
141	795
259	787
570	908
162	854
644	857
449	618
766	968
577	803
799	916
582	918
47	759
743	957
514	905
49	805
414	903
328	634
451	970
124	575
740	807
247	911
541	863
701	852
365	637
2	585
318	562
268	475
89	998
240	642
78	580
826	968
541	984
123	996
398	935
544	760
838	978
48	593
515	702
721	807
485	567
872	976
421	811
13	757
849	992
659	868
708	989
689	747
482	646
298	825
229	991
647	750
242	930
944	973
25	932
321	994
751	807
118	894
770	820
803	997
539	924
14	19
43	720
478	648
194	889
152	892
749	882
169	307
735	984
936	974
812	938
913	990
393	991
948	984
122	905
731	986
285	374
510	987
390	427
763	938
702	928
663	936
883	939
423	954
390	777
560	700
499	720
256	962
70	543
228	900
792	942
387	893
234	422
552	960
596	774
862	893
399	903
669	727
168	970
503	960
766	781
582	960
697	947
834	952
961	993
873	880
792	955
811	968
170	908
473	680
412	441
618	775
444	622
232	968
788	957
667	896
438	844
468	723
65	976
454	788
762	904
794	893
30	460
403	971
222	401
339	986
6	517
726	843
363	791
657	743
247	845
301	852
669	982
884	907
759	912
845	915
233	802
756	843
260	935
824	977
189	466
551	855
592	627
19	994
234	919
757	923
228	579
489	620
539	966
384	863
893	969
953	983
488	920
113	979
844	969
223	356
742	921
902	910
239	300
824	990
717	864
1	428
7	179
661	703
485	743
349	882
440	1000
846	870
334	466
270	710
27	952
388	931
949	998
828	937
425	998
901	927
538	875
920	940
464	697
703	942
763	993
110	842
388	823
76	965
552	894
376	934
309	944
455	998
183	539
744	835
890	926
656	759
251	939
462	893
355	767
828	950
561	835
621	886
767	940
753	776
832	840
68	444
788	999
821	947
295	837
591	899
603	953
429	837
732	838
781	996
160	383
524	845
744	848
251	952
158	724
889	943
268	330
994	996
746	894
456	566
588	951
335	505
63	837
588	722
674	725
767	953
579	902
524	966
744	969
986	997
153	501
507	733
820	964
639	889
658	902
878	905
836	908
877	946
211	856
734	897
445	794
618	951
783	789
521	789
23	512
933	962
151	926
766	970
86	982
857	859
103	397
875	913
644	980
531	551
316	397
35	872
539	671
577	926
585	787
34	913
764	789
590	636
452	931
768	908
666	860
826	849
196	682
504	569
349	695
674	980
849	981
525	857
425	919
272	448
411	755
227	934
865	962
464	618
447	974
331	991
606	967
334	508
754	865
740	930
229	751
237	575
817	921
816	925
673	876
640	699
103	531
557	701
796	983
419	996
185	829
666	873
256	709
291	932
351	983
511	935
626	922
263	870
408	699
518	867
614	804
826	983
624	997
944	975
209	526
338	347
895	938
374	943
916	997
589	639
415	715
131	956
57	778
874	1000
651	699
605	997
66	948
262	594
723	989
809	992
883	941
800	943
533	828
151	497
612	892
353	897
339	962
554	887
158	658
719	954
760	763
572	712
551	589
225	833
390	900
587	956
595	780
328	436
820	898
286	964
836	842
640	967
877	880
34	376
106	215
111	330
602	833
555	721
560	836
375	790
287	906
903	909
526	959
19	862
5	927
65	978
233	562
197	639
632	796
263	441
361	976
502	686
562	737
312	562
437	742
354	973
951	963
508	622
274	980
356	524
180	793
447	908
89	934
259	857
782	861
787	976
611	979
743	906
123	932
847	963
747	796
631	850
576	914
488	801
534	917
479	981
372	855
523	987
671	922
435	645
756	966
687	866
851	974
37	986
826	917
738	804
108	637
187	930
715	820
847	976
907	990
585	976
179	288
263	925
714	861
879	928
717	866
386	766
600	695
237	643
545	759
127	771
335	949
858	990
130	288
527	890
167	584
198	422
422	581
515	772
895	993
647	928
605	931
839	869
663	872
687	1000
626	990
901	929
358	946
504	1000
308	536
115	895
767	821
238	477
188	656
526	880
801	819
388	946
38	833
234	479
781	877
304	952
423	903
827	993
348	729
843	937
619	963
591	901
406	855
588	603
767	834
560	770
579	783
940	991
871	891
623	789
218	740
37	436
350	896
350	667
41	555
329	958
348	971
447	950
540	912
121	965
551	778
181	979
316	386
789	835
519	974
794	950
250	786
665	799
577	686
838	956
70	855
465	859
933	964
826	838
432	453
412	969
882	918
68	930
128	981
219	574
692	794
337	566
461	861
356	579
824	913
865	951
653	802
639	904
233	859
458	977
365	749
595	982
956	961
653	923
23	756
680	797
532	633
17	453
148	936
275	977
537	748
583	864
481	816
849	983
425	921
967	975
84	628
411	757
805	913
51	185
529	749
339	588
379	926
281	354
687	813
659	980
893	918
455	921
381	706
675	924
307	528
215	939
380	518
407	880
214	714
849	996
16	995
916	986
2	831
310	947
645	937
282	885
189	657
846	927
36	829
605	986
784	988
135	542
828	994
902	980
2	952
681	981
855	868
464	983
557	945
772	870
271	588
445	475
832	884
837	999
642	760
614	927
853	943
490	891
825	881
603	768
503	830
131	958
728	948
406	897
392	999
423	837
973	981
510	991
744	892
697	817
802	870
568	703
482	663
172	437
806	989
302	961
410	494
556	585
57	901
781	932
800	945
767	768
901	997
1	969
656	937
361	494
512	892
727	817
185	497
853	956
591	956
415	959
492	950
354	491
505	889
118	214
931	997
31	969
609	717
53	499
130	948
364	620
468	714
795	843
299	905
101	920
535	889
755	892
240	446
264	803
873	884
262	730
878	962
384	612
463	905
86	918
669	973
581	897
686	913
59	263
498	862
584	902
243	572
294	803
710	718
546	795
692	849
502	688
381	398
147	231
831	900
440	749
173	634
569	634
49	864
328	922
669	986
166	631
625	916
699	865
191	395
756	847
816	861
687	747
291	747
604	978
819	903
406	468
153	813
166	752
345	983
419	932
708	806
942	973
50	577
523	760
178	991
508	866
71	636
162	229
198	411
175	693
367	863
927	971
94	704
930	976
66	642
71	986
608	696
907	992
626	979
395	817
629	755
501	984
535	568
721	758
160	950
182	709
56	304
159	991
916	933
816	995
492	871
874	936
906	925
389	635
31	661
375	471
867	933
490	946
125	296
572	756
302	895
742	938
24	658
626	992
354	533
404	879
115	776
293	782
224	948
298	897
619	952
163	709
880	993
663	995
181	726
360	957
748	810
404	771
304	833
868	875
357	659
436	952
114	672
334	941
513	943
628	893
301	535
251	943
292	944
834	998
116	718
448	962
377	493
19	785
869	992
189	967
90	436
255	769
182	964
278	901
223	736
957	960
456	678
21	723
272	305
494	906
470	963
831	942
671	724
850	955
349	444
357	793
128	970
431	742
403	909
535	836
507	737
644	971
341	970
382	971
676	960
679	965
250	559
26	814
740	800
473	981
674	971
211	981
866	912
62	858
134	734
521	914
376	496
815	866
245	979
565	920
840	896
465	753
252	874
398	928
558	917
921	969
81	992
483	743
254	920
212	923
501	797
768	912
143	823
652	966
974	980
438	448
605	625
715	985
632	987
169	997
967	977
81	884
906	967
543	915
376	509
818	854
823	969
821	859
229	984
845	987
399	641
886	988
201	922
60	946
550	810
407	761
324	992
365	764
714	918
120	933
199	997
854	928
55	952
932	996
99	995
233	995
532	998
721	934
724	939
140	888
410	483
360	891
742	993
184	931
962	996
621	703
318	931
175	882
579	706
675	939
138	1000
876	929
64	785
499	942
719	945
779	996
245	308
484	590
663	821
129	133
593	991
582	832
655	822
545	950
719	837
283	950
322	649
179	829
676	881
681	996
552	845
813	886
35	326
356	381
371	891
887	956
398	499
752	997
191	960
843	886
204	899
148	738
561	907
621	958
896	897
49	732
257	910
799	964
375	902
309	548
836	967
789	892
852	948
274	971
549	910
39	808
254	733
686	915
659	674
6	523
515	629
553	921
86	223
616	977
715	919
747	908
692	972
733	973
530	910
475	974
604	859
645	860
392	451
708	916
501	852
842	916
854	970
248	931
437	867
94	464
522	911
949	978
481	644
866	980
52	238
411	814
805	970
648	986
419	934
620	924
73	297
64	706
699	988
193	362
232	290
261	991
476	916
99	929
462	752
772	914
708	929
587	868
886	935
471	693
550	986
333	988
346	698
323	943
469	768
6	778
656	860
559	927
941	992
199	355
39	137
94	598
797	984
503	537
976	986
38	703
728	884
371	583
376	927
235	722
18	953
188	876
629	878
675	994
730	930
749	943
383	822
93	494
79	596
473	715
827	984
901	933
238	589
279	886
821	940
163	940
517	943
520	948
318	999
392	948
813	941
725	828
730	943
457	784
212	428
368	941
901	946
711	785
716	900
903	955
989	995
125	432
567	777
231	333
938	949
998	1000
528	785
982	992
607	849
931	946
741	785
190	911
873	941
201	548
789	947
674	731
252	742
546	960
16	731
403	911
843	954
227	685
540	916
493	841
6	457
801	957
116	854
179	910
851	899
636	745
367	557
372	672
465	863
143	812
234	967
49	921
90	922
300	503
169	986
34	798
631	788
502	866
884	968
777	842
317	857
826	963
344	694
550	799
902	958
659	971
544	755
103	753
571	858
337	691
631	909
678	984
870	925
689	850
708	863
955	969
592	917
974	982
335	995
204	283
677	732
715	987
481	820
530	978
967	979
227	940
763	920
436	525
606	973
886	990
495	876
624	761
803	992
219	941
305	981
902	971
57	879
962	985
280	399
483	987
832	875
362	697
568	802
265	764
578	995
110	661
209	869
149	589
932	998
272	925
828	877
635	748
827	918
818	869
890	974
647	987
471	990
200	941
589	753
682	944
712	823
202	721
90	251
802	982
7	482
894	985
980	988
913	998
451	644
663	823
910	929
767	880
404	828
574	714
450	944
596	998
730	998
174	780
246	656
922	939
619	901
75	774
718	880
267	715
360	906
5	678
561	667
579	950
480	944
151	624
871	950
637	783
752	770
328	671
722	827
47	917
83	611
831	999
817	835
500	899
359	896
77	981
328	563
653	848
551	837
597	724
201	724
206	573
197	982
232	976
870	967
636	800
221	558
9	904
165	922
256	286
627	953
659	905
370	802
136	635
879	908
824	972
750	794
817	969
555	969
731	902
650	977
428	864
557	749
782	867
565	869
129	982
177	235
784	913
797	852
816	865
654	803
907	983
712	744
689	797
942	977
362	402
675	862
279	633
339	647
47	246
733	988
511	875
386	880
289	947
325	641
760	798
911	967
102	303
162	354
286	649
291	993
816	878
277	829
645	996
860	921
837	937
293	773
138	936
325	762
724	996
691	819
622	985
792	871
814	926
676	696
294	365
693	865
716	997
117	180
705	875
751	991
864	868
409	998
684	937
306	725
667	704
834	881
672	819
737	948
797	999
542	709
371	827
137	660
491	892
665	779
164	497
670	894
917	1000
56	671
327	905
945	954
320	902
480	891
213	776
903	957
306	738
39	623
61	907
313	899
762	954
588	838
748	827
660	943
838	949
623	795
609	897
516	669
428	556
553	965
413	433
69	394
253	969
324	849
558	787
838	841
604	674
246	966
884	957
180	841
39	865
323	395
428	677
736	793
840	887
262	910
644	975
382	975
528	800
536	624
622	664
472	905
309	618
254	682
601	726
743	846
674	975
236	749
805	906
590	752
199	867
960	965
839	904
751	791
775	919
458	983
82	403
340	927
455	685
185	824
763	801
854	919
443	567
907	930
731	970
590	994
428	932
488	983
826	978
187	991
302	941
944	970
536	879
816	933
902	973
202	710
703	763
802	971
559	984
361	474
707	882
793	922
591	936
448	887
869	917
561	764
929	931
626	930
464	868
772	984
105	935
12	707
480	583
397	814
718	869
818	992
904	995
496	941
269	484
255	586
642	995
670	828
790	893
447	527
416	948
980	990
547	879
211	664
973	987
739	820
992	1000
482	898
312	423
759	883
704	947
506	962
239	847
313	833
519	672
598	965
444	498
116	898
424	785
195	962
410	850
877	996
393	654
310	390
53	734
125	839
586	968
746	957
116	790
28	906
565	616
759	896
358	552
74	793
146	898
924	963
877	888
500	901
343	954
477	917
84	434
53	855
521	960
540	973
796	899
460	721
713	901
773	952
859	955
569	856
951	958
137	970
472	960
379	732
491	973
255	962
81	809
604	850
245	917
59	498
842	907
647	668
12	157
41	858
646	968
720	917
775	853
21	916
62	917
544	920
258	563
241	919
282	920
315	868
805	961
194	807
958	974
41	750
397	614
858	972
935	963
742	797
805	853
171	981
721	859
297	568
569	990
844	966
139	884
180	922
345	989
601	915
707	816
812	869
677	910
355	630
976	977
79	466
159	166
656	972
854	987
532	936
251	694
113	989
622	866
401	867
253	474
203	882
607	706
645	998
431	480
422	926
384	405
983	993
105	990
480	867
394	598
922	983
316	944
140	947
897	926
594	888
795	878
390	829
832	945
716	999
788	875
72	668
153	364
471	939
586	889
223	837
605	939
672	929
806	929
355	993
479	534
864	870
630	703
43	906
640	896
238	593
30	149
475	765
320	891
144	665
402	960
195	896
792	886
52	847
822	994
55	98
472	881
155	945
348	845
554	950
452	902
778	843
253	958
831	935
882	900
725	953
296	547
843	945
542	953
333	550
521	786
391	905
597	781
327	920
321	846
333	671
775	787
150	964
750	959
650	792
507	972
405	961
861	975
625	964
759	964
738	841
113	560
500	969
121	384
539	897
198	338
370	859
689	841
4	738
377	983
129	918
872	962
932	976
154	682
393	964
849	978
668	903
508	685
384	915
442	856
175	741
226	972
166	692
837	860
413	798
353	518
721	914
740	927
172	177
668	795
673	873
659	975
29	808
122	770
376	623
629	803
317	982
394	411
430	859
302	593
352	939
219	824
814	970
525	867
800	806
510	973
651	683
90	121
501	924
647	978
628	699
134	164
619	879
779	868
839	919
489	806
487	696
962	989
607	761
343	688
269	473
78	942
358	996
894	976
397	695
677	978
190	594
214	722
693	922
552	946
588	640
409	934
725	874
730	989
688	992
655	815
302	956
388	996
591	830
718	871
538	940
426	470
123	432
135	900
658	941
570	599
459	997
813	1000
238	769
250	365
889	995
245	435
440	610
926	998
530	769
301	946
961	992
345	723
660	1000
935	939
315	965
315	736
507	906
92	664
204	905
455	487
50	438
375	908
824	963
958	963
741	965
815	914
221	441
541	796
486	860
200	503
198	393
475	967
731	893
787	973
564	672
643	965
335	812
729	968
743	903
277	578
340	634
854	855
11	809
453	925
728	864
673	928
29	863
98	468
934	969
502	817
496	514
735	796
592	976
611	989
270	696
710	968
438	509
281	296
728	985
253	463
103	933
220	286
617	925
598	646
73	761
941	985
127	997
58	409
388	809
470	582
816	990
566	815
874	931
285	536
918	974
474	997
374	995
594	998
511	1000
142	874
235	836
807	998
719	885
572	872
677	925
294	598
800	995
855	931
77	785
429	944
107	893
140	841
671	706
869	987
230	1000
786	952
343	648
549	716
581	934
466	718
140	962
878	891
877	932
739	998
38	133
370	606
609	888
175	367
139	444
245	611
732	958
701	827
852	996
439	598
255	777
810	999
856	886
842	951
264	745
561	968
622	655
687	784
637	963
287	850
590	622
180	724
840	999
732	971
410	920
611	910
363	845
872	951
149	327
659	843
865	948
884	961
507	974
534	848
243	635
300	617
673	862
29	568
244	456
483	738
395	625
548	867
18	409
317	971
914	961
513	617
738	964
110	641
526	556
564	848
872	964
495	977
770	916
233	977
48	931
571	972
645	921
777	848
274	456
816	924
511	813
230	800
478	636
216	636
114	359
754	985
380	744
757	990
163	517
448	878
830	980
556	677
645	934
469	708
744	876
804	927
301	572
554	752
573	765
490	996
457	590
723	975
797	924
525	990
700	991
786	994
524	994
235	891
389	577
96	998
853	940
677	980
767	873
376	988
188	937
692	699
688	994
237	829
746	935
892	989
341	886
456	607
676	876
681	991
464	993
739	932
389	819
549	771
609	822
91	896
649	894
831	871
252	669
11	314
491	951
250	596
785	940
972	995
843	881
345	604
484	948
377	556
426	943
734	830
623	962
301	948
414	825
144	964
639	943
625	779
759	779
456	970
421	720
849	901
701	774
233	440
884	895
56	743
400	553
685	951
284	607
592	723
65	977
206	687
24	158
939	952
750	787
433	851
45	446
565	741
745	857
872	898
830	901
757	803
729	970
668	960
847	962
907	976
392	796
326	967
942	970
749	804
661	691
881	960
900	973
144	172
906	909
97	999
413	976
702	850
96	811
946	981
402	817
569	994
469	992
367	981
802	909
2	65
821	922
499	871
575	637
626	868
698	973
373	422
381	1000
785	861
76	135
105	873
895	992
609	635
485	865
770	997
470	476
640	887
132	417
538	876
106	953
885	920
279	881
941	1000
259	643
880	990
135	836
635	930
776	869
238	705
491	885
670	887
711	888
62	479
347	648
94	956
355	997
718	820
244	900
665	893
785	995
871	998
540	898
364	672
336	839
792	890
468	766
662	780
51	855
651	887
857	955
394	965
336	960
234	720
706	944
348	970
986	998
549	960
315	793
516	783
461	847
84	143
361	909
515	558
465	737
410	801
726	778
583	958
275	613
13	842
434	606
117	670
199	968
851	894
460	780
157	971
132	914
211	978
150	968
714	781
153	973
631	783
405	965
842	966
331	750
840	893
523	920
784	961
921	966
131	810
525	737
860	956
647	848
311	633
872	966
545	571
849	982
356	820
15	527
758	800
202	582
400	863
708	979
29	812
406	533
700	751
860	969
276	918
832	870
417	628
381	705
688	862
490	877
484	574
470	639
281	474
874	988
175	987
619	883
792	811
137	587
698	920
739	921
54	818
362	705
615	885
563	695
155	641
31	834
554	875
195	942
737	996
503	829
795	937
748	862
115	949
992	993
546	647
30	87
463	649
669	717
755	757
908	999
424	657
781	931
987	999
739	934
343	705
293	847
857	889
7	490
141	719
278	953
961	983
75	890
116	891
919	986
243	437
836	951
693	939
794	991
11	87
67	891
678	779
931	996
67	662
669	959
199	781
889	999
567	948
713	773
382	902
46	953
305	655
444	733
664	773
810	827
787	843
873	883
248	794
528	848
674	902
168	276
314	330
692	956
370	905
230	373
232	971
304	322
726	954
229	673
96	558
495	792
803	908
426	958
990	1000
720	910
835	897
847	951
361	977
218	928
54	268
652	897
523	975
574	977
379	967
935	956
613	905
562	859
4	797
129	977
839	844
118	818
107	400
907	978
923	959
735	908
91	577
578	924
163	453
421	977
691	801
536	927
814	908
79	459
120	985
225	284
612	693
672	680
462	870
770	986
102	298
415	758
527	999
828	927
888	978
203	875
132	177
818	919
964	973
730	806
807	989
504	988
92	226
369	763
314	827
728	881
874	935
202	771
978	992
73	657
596	698
614	981
366	879
793	983
746	871
443	870
828	940
910	979
822	866
712	994
846	994
269	424
573	835
3	948
237	886
512	825
625	702
267	994
602	984
184	996
590	600
614	994
306	841
223	843
460	527
33	948
704	887
126	910
179	773
514	763
505	943
646	882
646	653
265	961
433	774
856	877
699	893
191	194
456	906
418	422
690	844
789	823
197	911
145	492
857	957
727	884
460	769
639	1000
83	782
685	887
418	772
671	952
294	965
657	788
65	913
935	998
747	947
186	385
683	962
653	790
840	882
644	970
638	896
583	960
261	680
481	683
632	852
236	623
507	857
455	667
231	922
224	734
652	952
17	441
812	904
583	852
710	893
32	978
168	573
824	914
925	966
156	226
289	984
784	963
624	745
963	965
135	288
178	924
281	342
439	965
819	957
700	740
122	763
309	855
736	922
422	732
377	989
550	917
383	511
71	919
186	640
194	989
651	676
67	396
523	935
779	861
531	796
388	976
522	976
11	760
57	876
387	751
673	879
323	995
35	299
17	925
50	873
55	951
438	689
677	971
80	715
79	756
814	976
15	1000
357	471
609	692
17	817
317	520
410	482
396	584
346	992
184	930
84	992
117	351
119	949
876	928
683	762
853	944
278	713
264	549
718	756
811	947
313	936
127	251
670	944
618	754
468	931
924	945
454	767
621	944
22	90
658	947
878	950
877	991
550	596
495	660
247	595
486	840
257	788
255	944
651	944
852	934
664	883
342	832
829	950
366	960
634	711
42	836
165	906
225	957
261	614
798	940
643	837
266	850
407	789
852	947
172	922
717	722
675	725
416	501
467	961
44	629
49	973
379	848
131	517
511	738
345	971
124	743
518	899
798	953
168	520
80	407
687	856
150	917
714	959
351	907
953	975
474	977
675	738
587	854
826	907
638	856
27	931
710	961
839	846
247	971
168	412
352	987
949	977
71	745
687	977
782	985
284	974
418	974
399	695
237	633
696	918
429	803
318	743
406	590
698	964
426	505
846	862
909	918
848	908
927	972
435	998
765	873
691	695
825	924
186	937
272	977
258	813
505	690
64	947
587	988
862	927
614	862
760	916
727	739
80	891
718	919
69	244
468	744
54	875
730	929
788	870
688	932
655	755
383	821
283	883
295	937
369	886
553	707
765	886
262	531
575	991
778	825
621	878
533	994
670	999
64	960
755	814
521	647
875	879
686	714
83	421
883	999
459	937
528	542
32	604
753	889
390	837
813	940
940	981
472	647
766	828
931	932
141	776
595	946
125	768
139	437
776	994
863	882
500	830
183	894
389	999
296	771
26	910
820	956
713	830
102	905
754	831
193	269
570	781
778	959
382	959
234	832
643	1000
280	948
982	991
631	882
414	884
829	897
815	962
856	1000
914	941
252	741
26	923
86	974
70	966
644	972
358	615
165	974
280	961
192	848
761	968
835	954
76	865
879	960
576	959
323	513
39	754
372	900
25	792
715	973
61	220
16	972
486	921
756	782
147	637
909	960
647	960
219	927
16	864
47	177
439	967
368	498
571	857
538	680
529	860
749	863
243	991
936	955
204	511
335	994
204	282
737	745
527	935
709	912
258	747
387	632
478	521
202	586
256	822
228	989
536	876
580	919
406	766
640	704
920	987
216	871
20	996
675	927
408	812
853	933
493	627
575	925
910	915
275	404
772	981
832	995
684	868
749	997
7	360
605	989
765	941
806	979
589	981
828	997
776	807
184	932
813	874
438	933
737	1000
126	846
406	900
896	993
753	944
794	982
546	880
899	998
208	592
130	938
686	890
787	942
179	830
437	600
547	997
924	947
965	985
156	846
439	646
898	931
433	831
529	539
768	821
534	654
176	946
773	936
873	874
47	795
759	772
509	826
132	610
156	967
868	944
752	998
562	837
956	993
842	891
565	613
451	777
726	945
905	947
798	821
555	834
393	772
701	888
444	966
585	713
783	957
304	434
900	953
726	837
201	952
113	839
536	676
178	968
374	614
604	847
516	963
612	671
72	986
428	621
501	840
28	916
196	500
844	950
440	860
536	797
646	965
186	684
384	965
805	958
6	753
340	629
900	966
666	799
608	794
682	743
313	617
934	964
846	851
791	915
87	799
675	740
446	917
292	450
724	861
360	584
464	907
6	995
702	964
81	122
325	748
302	993
429	805
85	766
816	985
594	872
222	1000
767	800
827	851
717	979
978	983
417	458
77	767
22	831
908	924
971	980
341	813
346	928
456	534
929	983
332	764
459	805
552	996
681	918
519	590
36	887
380	697
443	982
424	703
685	744
864	975
883	988
579	991
612	939
918	982
71	292
596	931
615	944
442	464
400	467
892	929
556	980
712	998
660	808
51	498
665	886
887	999
871	991
320	888
380	939
378	829
746	996
42	880
880	996
363	706
808	827
95	891
40	726
898	986
172	616
512	950
801	824
295	952
773	991
743	819
154	424
734	770
472	770
7	899
241	837
664	940
801	945
564	709
490	494
495	838
660	942
519	966
197	915
310	792
222	679
196	663
93	979
710	884
808	961
153	966
884	956
245	969
188	435
696	841
178	915
879	962
39	985
534	964
171	912
694	916
606	840
100	214
721	790
435	921
687	913
599	800
698	779
906	957
502	867
629	908
268	700
276	790
450	677
648	921
270	975
471	736
525	972
777	964
615	865
377	993
182	754
751	911
448	873
916	978
503	580
230	916
276	803
529	983
656	795
50	985
559	862
504	926
512	750
299	642
423	937
87	759
307	762
895	932
134	282
447	513
457	935
489	924
575	698
390	652
469	945
610	921
463	871
427	948
405	637
984	987
987	992
417	876
683	995
306	779
820	1000
498	949
773	925
616	941
745	826
188	945
272	350
752	987
570	946
644	895
817	823
555	823
882	952
519	900
968	992
197	849
150	545
141	954
750	769
755	884
410	849
743	995
373	967
569	613
285	854
835	998
467	602
35	679
692	949
81	795
750	890
565	615
990	993
882	965
217	548
310	739
26	980
838	895
824	960
708	785
859	954
912	965
139	978
244	277
629	842
87	559
675	729
284	844
518	782
41	857
27	693
949	968
566	678
782	976
255	264
735	901
45	454
647	788
471	562
751	845
277	925
874	915
134	913
557	979
230	621
483	801
684	791
474	981
615	920
760	786
705	850
443	850
911	955
589	904
930	968
828	920
387	689
907	984
431	466
804	977
329	455
540	638
880	972
66	984
140	933
85	997
401	745
392	925
478	928
411	938
552	877
593	915
249	876
772	917
183	522
119	995
458	461
76	130
895	987
58	527
416	989
405	571
517	812
952	969
607	705
538	871
161	884
885	915
422	925
329	697
711	762
334	812
149	995
779	933
658	872
691	820
331	477
341	936
778	937
864	977
520	938
883	990
285	775
794	918
491	880
343	753
202	777
725	818
269	538
752	921
678	706
415	777
5	613
151	667
623	891
783	880
769	982
213	764
268	434
88	998
718	936
47	731
165	952
239	901
44	662
959	998
169	842
324	487
403	780
558	654
697	998
342	770
595	950
856	991
56	901
295	954
542	831
847	878
477	850
15	496
727	998
856	883
715	843
104	726
833	835
98	386
208	783
810	888
796	953
317	955
666	843
803	848
627	888
715	735
2	799
516	791
689	948
111	742
240	627
157	858
418	899
349	799
442	963
23	979
702	779
955	959
64	522
666	856
118	987
252	987
580	789
423	576
101	525
890	951
164	995
635	846
167	512
332	808
161	926
684	967
610	789
629	802
955	972
655	680
779	975
416	923
171	338
167	862
552	932
712	921
115	702
505	857
610	910
629	923
890	964
427	937
950	978
315	467
807	929
311	991
94	993
765	932
589	972
332	821
524	991
348	765
697	919
224	995
260	652
494	819
554	870
719	937
177	654
397	923
894	975
746	811
157	416
112	939
676	981
332	942
712	934
832	999
260	544
212	473
718	870
289	427
327	719
725	994
862	999
961	978
116	886
102	722
795	945
330	357
321	537
808	884
290	958
26	848
685	935
322	883
267	947
418	591
449	658
560	940
384	943
155	891
198	258
516	833
722	938
878	956
60	738
182	435
657	728
743	768
963	1000
701	771
453	669
852	940
361	851
455	486
190	969
694	731
914	1000
410	972
108	607
449	671
385	915
337	844
617	898
367	723
14	864
160	918
196	612
523	741
757	908
833	903
714	723
488	905
529	677
97	983
721	847
793	952
867	901
886	914
70	328
949	970
489	726
520	564
428	975
791	798
358	916
297	906
242	970
383	680
300	911
756	962
830	911
203	749
497	967
612	917
953	981
194	929
524	575
601	795
694	986
191	631
163	798
591	750
718	791
508	981
262	282
728	984
24	868
492	973
203	870
48	996
268	999
964	968
62	342
100	634
265	930
802	906
485	970
839	973
589	798
319	937
420	989
487	750
170	814
538	981
478	701
290	879
51	368
510	919
959	974
978	987
152	945
642	809
17	986
394	707
672	688
61	763
314	943
401	868
869	973
201	514
10	946
266	414
197	543
307	940
582	879
628	995
581	920
880	987
732	823
503	1000
556	863
487	992
676	928
60	430
404	994
899	936
959	987
978	1000
408	884
347	874
149	889
634	638
234	704
910	987
720	826
472	761
164	608
926	931
329	712
752	815
130	997
741	885
484	1000
88	771
349	775
877	931
835	934
343	997
21	946
273	901
856	993
56	903
317	944
680	767
451	944
509	656
665	903
618	828
315	790
626	652
287	957
326	885
727	1000
317	836
844	996
736	904
400	955
923	996
266	911
541	850
35	978
539	777
236	968
208	906
645	678
909	953
430	955
592	788
784	958
162	386
580	899
263	963
199	978
495	976
547	614
137	450
463	620
661	864
499	573
108	917
130	447
691	743
448	985
608	974
30	997
322	617
341	630
175	863
813	854
455	917
904	972
620	984
224	984
619	988
894	964
99	989
514	679
670	926
931	967
91	990
760	856
682	936
566	990
109	751
155	867
655	695
875	927
894	977
405	749
896	986
533	934
813	988
178	477
362	823
81	544
203	241
727	921
61	831
121	882
429	998
905	927
850	991
965	978
51	786
183	942
274	831
141	945
380	998
438	939
653	827
358	421
542	996
289	321
896	999
753	950
871	942
414	703
727	934
551	937
432	491
762	891
720	894
257	904
539	590
926	999
126	155
563	947
301	947
101	327
278	963
498	966
14	853
666	779
919	996
237	373
833	892
53	966
172	917
698	704
777	997
183	258
9	896
735	771
28	909
537	786
624	903
467	956
486	969
217	552
492	720
772	774
610	712
598	621
364	979
97	864
675	841
99	910
756	951
522	784
566	790
736	972
63	206
56	984
708	910
386	859
64	808
620	797
592	964
624	916
710	956
825	906
11	918
9	91
828	911
599	859
907	975
399	919
677	900
448	811
594	865
915	957
506	523
758	973
221	805
362	744
895	978
353	695
471	916
27	939
572	739
556	731
360	819
561	809
198	757
313	744
695	809
786	927
32	465
25	48
161	875
609	742
306	704
619	935
834	860
402	937
166	172
589	800
594	878
468	510
588	804
693	857
679	922
786	819
679	693
563	747
408	873
494	876
716	989
688	927
633	991
366	876
746	868
295	932
355	983
186	945
929	989
299	822
60	311
885	919
785	981
348	943
804	994
582	881
43	78
120	298
820	938
586	771
603	940
343	986
577	887
164	489
389	873
193	961
444	543
655	992
378	943
75	942
507	599
207	307
295	945
470	946
107	894
616	1000
776	989
910	989
454	709
505	940
852	984
246	945
856	874
364	900
778	954
578	600
344	433
561	956
602	994
877	933
346	479
764	992
576	941
249	546
617	713
553	957
100	194
284	769
690	962
847	882
852	997
120	782
161	554
534	836
205	368
26	100
537	841
504	664
462	667
775	898
489	541
398	911
558	900
636	968
496	665
653	908
735	947
854	898
174	385
532	847
740	796
793	888
578	734
569	914
844	890
76	752
497	782
225	323
323	858
698	772
791	963
166	911
276	554
638	906
545	678
800	904
318	672
478	624
593	611
290	573
106	752
633	683
383	508
478	745
152	989
642	853
193	761
609	676
688	740
886	984
724	922
517	858
825	974
228	755
396	568
470	517
459	624
739	907
758	920
802	963
260	643
633	925
727	789
517	979
825	866
319	994
594	933
258	984
730	979
950	982
889	972
586	705
503	936
551	684
170	992
156	828
725	985
219	359
40	882
250	463
563	923
193	895
428	469
719	941
737	995
643	808
431	888
813	990
637	993
799	826
86	890
475	702
144	602
312	415
281	836
181	898
570	710
984	993
132	484
288	997
329	998
725	998
558	592
544	657
58	949
61	954
518	641
564	757
435	606
209	300
357	952
701	762
12	954
494	957
650	945
309	652
42	833
597	826
60	850
220	839
583	891
462	601
558	834
291	490
678	899
227	963
337	606
717	827
381	383
331	791
391	842
69	791
55	627
944	991
30	799
150	901
74	88
370	904
189	334
870	961
845	904
729	958
949	961
425	732
772	776
326	955
345	968
270	794
275	909
622	953
66	735
434	673
681	779
731	896
543	845
675	964
334	442
430	904
504	853
22	584
242	853
223	574
930	961
103	923
375	564
614	846
57	928
814	907
800	972
222	995
299	690
514	615
46	281
189	818
698	961
804	862
587	864
416	982
490	931
297	802
971	975
690	696
170	926
511	990
469	993
73	993
744	932
100	867
463	690
540	644
493	798
834	862
864	970
520	931
509	513
579	986
376	923
467	516
305	454
202	770
655	981
719	996
493	690
295	934
556	975
220	760
473	940
239	773
371	700
628	999
380	934
158	821
856	863
966	994
776	870
560	986
151	552
627	747
940	978
852	865
838	930
394	953
870	882
815	946
273	663
479	768
386	540
951	992
762	827
789	930
192	711
475	999
912	1000
278	899
474	545
468	996
289	728
242	424
701	938
236	838
260	966
328	612
933	951
454	953
206	851
192	953
539	768
122	857
689	941
495	846
555	897
522	720
742	952
599	903
62	964
351	838
337	903
244	446
254	905
340	908
1	459
212	908
243	975
754	962
611	913
72	110
682	793
761	857
420	564
370	972
547	605
698	774
648	916
235	518
909	957
270	970
867	960
8	741
839	898
635	839
23	985
168	814
214	701
668	908
186	868
101	760
257	519
494	691
661	868
559	857
867	973
705	911
624	986
672	734
66	924
112	811
234	508
693	793
53	352
256	940
677	970
792	920
649	871
588	861
395	991
204	642
512	758
405	632
312	404
806	976
892	979
542	866
575	814
330	458
674	756
285	715
618	861
40	884
141	707
320	938
172	774
521	928
769	801
595	648
980	984
350	817
732	882
514	925
46	591
271	938
472	928
475	704
507	885
722	810
551	928
146	879
748	984
808	998
646	707
780	936
351	530
260	900
595	890
446	538
919	987
275	885
178	952
250	828
711	957
659	767
76	446
865	872
20	780
82	197
9	887
158	192
523	613
784	883
789	998
720	898
170	431
865	993
562	955
601	654
12	259
380	426
597	949
710	826
310	855
654	665
409	834
851	950
432	966
413	724
946	958
89	105
352	973
407	909
527	974
420	848
217	785
728	735
124	971
587	732
339	630
504	963
265	452
344	745
182	683
619	684
407	801
140	686
833	909
684	786
78	976
694	979
430	906
705	845
43	874
203	863
700	915
712	969
207	982
59	855
790	808
821	912
339	872
721	974
227	402
922	964
378	571
369	751
536	928
580	971
179	627
258	920
390	810
813	913
216	694
49	288
771	916
672	910
806	910
314	936
374	987
115	992
744	934
191	987
72	770
354	641
808	811
161	1000
899	929
978	993
752	916
637	700
320	993
609	867
438	985
106	246
369	885
570	875
93	950
418	518
588	700
574	765
453	475
785	985
576	811
947	983
176	877
570	996
308	996
778	945
449	706
541	709
764	983
898	983
875	999
336	950
451	937
45	249
33	949
298	429
143	555
41	773
583	827
808	945
35	958
477	845
442	824
419	840
644	958
382	958
858	887
213	893
650	894
796	948
56	909
735	938
754	951
14	912
518	711
418	773
756	997
747	948
722	891
389	422
60	920
146	960
833	843
425	789
678	969
356	918
301	430
687	910
43	808
695	734
948	951
612	736
925	967
818	841
601	843
89	402
173	810
145	977
621	677
387	510
411	867
340	923
55	939
311	636
316	980
575	911
57	985
575	682
343	790
615	983
651	677
279	805
532	985
716	806
619	873
484	914
420	929
165	639
332	816
436	873
301	685
760	970
718	973
5	542
533	927
887	930
899	984
711	933
908	989
171	696
364	596
368	981
776	806
623	941
862	994
361	712
347	814
424	768
372	578
410	833
603	999
546	879
571	643
554	999
592	702
285	959
882	949
519	897
338	822
398	607
764	930
474	831
840	925
859	938
878	951
963	995
206	787
921	998
95	956
736	952
810	938
207	608
534	774
372	712
248	905
256	500
729	949
467	949
742	888
733	839
805	944
824	957
538	600
125	956
942	949
312	782
812	839
578	672
173	852
770	842
830	893
5	221
120	962
240	798
274	382
532	906
587	842
490	909
605	667
770	963
176	490
723	888
907	968
29	965
392	788
65	393
483	906
791	793
923	949
496	616
620	911
246	441
633	850
688	786
416	852
481	981
170	796
478	683
937	968
812	973
297	793
811	977
608	914
131	989
621	853
566	917
626	968
459	791
533	740
450	971
807	979
941	979
779	917
85	994
500	684
235	938
18	940
403	751
477	700
697	969
471	922
378	694
908	923
765	874
792	977
216	817
417	807
147	946
871	977
482	936
843	915
862	928
77	887
108	991
292	812
600	928
619	941
727	969
759	921
267	984
396	869
896	926
674	813
445	990
595	934
755	923
457	1000
787	875
451	926
484	874
119	187
699	762
509	638
219	310
408	1000
12	1000
223	954
745	999
299	949
421	646
302	429
352	775
541	711
720	942
90	775
260	957
433	885
350	887
680	762
597	993
148	901
638	765
789	934
935	988
631	991
865	929
109	128
694	781
685	998
641	891
701	942
324	726
458	955
24	434
20	729
205	482
413	660
232	319
550	665
462	781
715	961
632	963
179	200
629	665
226	955
837	843
152	740
881	886
638	899
89	162
522	953
104	965
313	550
492	781
497	896
106	745
615	851
224	966
377	979
499	676
688	841
158	383
471	614
654	964
635	722
194	979
684	843
524	625
760	838
23	50
654	856
323	985
192	273
290	808
255	558
292	854
448	872
38	974
679	741
458	513
950	975
554	975
31	934
908	978
8	987
94	990
718	854
608	982
470	752
943	972
98	880
101	885
463	978
279	928
716	929
516	575
347	803
760	972
526	805
402	998
341	988
371	867
68	829
348	883
771	986
375	757
788	926
15	185
75	990
873	970
732	994
570	932
79	880
984	986
767	988
968	978
44	593
95	824
711	827
174	888
664	981
315	598
650	817
452	832
625	760
518	634
616	940
776	929
877	981
30	550
546	881
305	526
613	642
761	769
852	924
678	771
227	835
452	953
218	786
36	486
924	948
657	833
706	991
577	840
277	548
411	548
414	819
768	822
377	900
74	899
456	964
592	596
757	892
641	717
104	778
835	997
849	895
351	884
692	948
708	892
823	879
207	381
205	537
518	997
551	945
418	830
127	846
798	822
949	954
627	940
319	787
761	903
291	725
659	892
442	894
185	972
345	961
386	733
821	890
215	851
858	957
484	487
10	567
175	900
557	965
854	959
482	562
721	844
666	908
886	911
113	961
220	269
645	970
464	895
211	449
818	898
367	962
128	451
224	913
941	968
603	680
401	731
277	924
222	988
681	785
874	914
152	929
193	930
876	960
586	632
220	282
538	857
266	398
271	742
758	860
18	821
169	465
389	734
802	903
683	686
834	855
462	983
811	871
575	860
258	924
426	737
15	937
725	804
744	817
515	994
716	984
70	580
806	914
92	110
190	645
584	801
709	981
528	640
533	755
679	809
887	987
123	591
252	476
207	999
755	804
686	933
727	742
369	997
42	639
773	858
644	936
341	935
294	823
98	948
528	761
780	982
563	984
530	807
301	984
28	825
83	532
322	814
588	933
118	718
701	810
68	897
54	999
136	772
824	880
667	933
754	821
775	880
835	931
472	879
921	934
618	933
898	987
378	951
856	990
419	723
534	710
4	481
840	982
817	998
891	947
495	947
555	998
352	898
935	990
150	949
46	74
636	842
823	934
419	844
367	425
104	954
121	369
728	781
461	962
717	888
496	660
157	965
914	944
757	960
476	947
696	950
849	963
145	847
869	878
888	891
689	947
78	793
158	493
589	716
318	896
791	850
395	850
400	965
279	904
582	676
482	509
270	855
316	971
359	375
374	912
758	794
818	845
730	961
344	925
820	854
448	982
308	450
142	912
266	453
725	738
380	969
77	702
457	923
6	233
751	912
897	966
10	877
662	803
706	846
790	988
320	810
628	926
366	926
70	635
314	995
506	936
781	912
445	926
660	851
202	939
95	813
403	700
265	995
769	794
584	977
787	811
505	869
623	824
655	813
727	918
553	765
570	934
606	628
303	590
616	821
146	872
643	695
299	885
82	887
173	480
393	749
90	711
439	636
576	870
502	655
340	593
849	884
912	940
576	991
956	983
653	945
226	649
699	832
905	937
108	593
269	955
254	832
455	822
488	770
782	951
188	478
574	958
80	157
425	835
912	953
865	878
736	956
123	204
147	561
735	768
432	959
358	781
740	846
297	771
352	966
333	724
949	956
379	840
506	615
879	897
455	835
92	783
386	964
212	848
740	967
798	945
673	913
323	800
648	856
389	602
124	856
886	913
425	969
524	911
598	860
535	548
614	841
760	895
8	802
839	959
481	985
52	579
217	912
222	990
514	610
133	918
257	459
675	972
890	897
642	795
895	975
825	916
952	957
322	790
608	918
663	854
704	855
869	959
640	870
712	975
207	988
22	942
801	909
880	973
401	975
487	978
253	811
459	916
959	973
595	696
185	303
322	803
759	804
690	704
261	298
646	863
725	927
885	916
482	940
549	701
586	997
223	945
369	999
924	992
877	917
822	981
280	698
841	994
127	190
623	1000
86	832
831	922
574	1000
335	489
398	774
62	596
136	545
521	881
650	766
567	997
606	925
988	990
699	887
275	825
5	964
844	982
476	586
283	420
462	651
715	831
238	943
835	933
136	895
692	884
461	951
722	992
326	763
317	943
611	895
951	1000
849	952
304	600
287	956
865	933
736	782
763	885
735	823
303	900
592	774
839	880
324	959
492	772
733	898
224	728
833	957
571	957
276	780
925	960
708	962
312	962
329	377
867	955
581	598
691	729
816	909
828	963
860	952
483	965
20	975
290	799
515	917
441	739
913	963
14	342
869	893
651	670
785	899
441	860
389	670
931	953
950	966
499	801
466	624
182	865
306	406
92	154
429	971
737	858
695	861
607	748
385	635
15	873
142	914
579	915
320	920
399	984
755	848
58	691
232	578
297	973
479	684
732	864
214	938
938	969
720	746
670	925
133	986
785	912
637	748
353	989
843	853
829	918
366	928
512	982
378	753
262	807
280	632
8	173
404	927
734	802
604	692
683	985
516	579
650	808
570	815
157	417
778	993
363	751
308	815
382	764
514	920
478	997
794	974
766	875
771	990
609	928
755	982
70	879
378	995
815	996
548	652
4	296
248	885
611	708
831	977
225	938
63	876
445	941
486	942
701	867
766	996
530	985
169	777
277	539
857	885
620	649
754	878
413	585
963	988
574	947
833	878
819	980
492	585
838	993
276	472
601	757
405	882
914	988
680	821
726	937
163	302
816	830
967	999
764	936
82	84
923	929
708	775
41	955
344	727
44	960
816	951
580	711
37	957
661	784
144	265
911	932
200	840
379	842
816	843
217	780
907	961
879	899
92	785
730	776
620	904
408	496
174	329
573	792
232	499
366	499
316	907
517	897
300	899
38	899
709	838
222	979
