953	969
612	676
238	435
45	565
173	979
718	779
489	956
267	614
74	448
566	910
904	905
386	979
601	904
788	959
922	959
795	854
290	867
505	792
515	985
334	681
889	903
22	823
75	915
214	993
429	918
281	754
415	983
124	282
551	615
575	972
704	857
809	910
739	851
188	977
804	980
719	872
364	644
880	975
561	929
676	916
640	993
643	739
404	982
261	408
260	708
378	929
278	991
340	408
498	994
892	921
734	978
123	824
66	290
458	814
12	993
590	704
521	870
667	695
966	991
322	926
267	990
468	980
602	980
94	244
866	989
296	873
711	886
819	914
301	988
708	817
190	891
732	945
914	922
878	999
657	771
674	940
555	760
775	992
539	752
747	930
167	355
893	984
609	996
309	704
768	989
928	941
946	995
643	994
247	994
280	942
333	768
641	884
641	655
720	948
140	373
434	591
981	989
659	938
208	773
277	378
235	610
419	956
138	943
274	309
127	784
151	912
51	974
715	954
200	545
714	766
645	895
244	551
590	959
865	935
601	825
193	505
303	902
418	889
624	728
286	669
860	941
288	486
212	905
251	833
476	951
681	831
354	436
684	836
441	849
191	674
886	970
586	678
517	844
797	898
33	502
635	836
360	631
179	556
404	903
357	562
596	844
491	562
463	729
821	962
913	965
772	962
376	962
725	850
637	737
749	978
890	954
475	675
31	927
64	875
661	865
251	967
702	903
769	893
719	806
94	983
732	745
776	788
368	734
349	455
640	927
473	521
238	624
885	960
441	983
752	845
516	568
774	863
875	915
149	811
658	917
38	980
957	984
456	702
10	881
271	922
519	758
500	516
219	237
62	519
790	992
549	637
829	920
727	909
130	690
484	922
649	989
244	940
968	971
472	804
577	820
945	987
306	1000
961	968
383	991
424	992
322	981
109	873
871	930
475	930
857	995
277	420
912	931
359	984
650	702
975	987
567	933
42	819
100	235
699	823
743	866
574	828
49	943
544	885
618	871
463	997
926	987
141	946
42	940
83	941
726	818
657	947
354	946
836	949
833	880
650	944
768	936
391	949
298	721
334	415
483	888
216	544
326	941
548	788
312	777
83	954
840	933
303	957
647	767
578	896
622	939
44	962
34	954
731	882
191	608
663	832
990	998
374	729
761	909
714	834
645	963
343	598
240	914
763	955
890	996
193	802
205	664
858	963
25	962
770	850
195	619
781	945
596	899
152	922
895	966
788	840
765	856
825	907
272	960
308	617
19	514
888	963
785	956
904	907
218	579
479	620
591	861
121	683
864	956
883	969
506	982
68	756
3	812
256	992
834	969
528	633
170	925
785	969
348	931
260	818
771	805
628	985
130	974
386	405
704	980
795	869
822	972
404	984
118	590
665	988
771	926
815	932
875	983
61	995
873	910
773	972
262	756
575	987
206	595
863	865
954	983
90	649
577	996
632	703
553	824
386	418
644	942
183	998
940	977
678	940
764	980
361	775
815	945
534	932
176	995
620	706
289	606
449	595
558	996
360	486
153	947
750	937
507	950
240	835
629	647
317	826
587	650
726	994
393	821
268	789
488	829
216	370
381	666
587	771
573	607
633	658
453	956
635	704
673	959
833	948
5	271
222	794
428	899
235	504
441	838
23	850
331	966
279	547
605	946
218	271
844	999
402	617
715	848
489	771
800	892
514	535
758	895
821	951
738	953
853	903
429	841
57	969
888	897
915	1000
772	951
846	900
1	808
906	951
818	838
596	725
950	957
724	910
603	849
589	951
420	913
566	967
161	918
389	782
513	848
683	734
260	402
600	965
306	518
125	443
355	905
506	808
280	731
693	900
450	913
436	978
686	860
672	733
61	808
880	911
52	988
795	803
43	939
505	970
87	982
334	859
843	965
213	798
683	747
447	736
292	862
774	865
567	801
713	855
487	808
459	975
316	401
519	989
155	978
375	981
931	970
263	511
232	932
311	996
908	986
465	645
487	929
553	879
97	599
243	653
611	820
979	987
220	935
509	809
583	758
220	706
877	976
555	925
52	304
461	997
158	996
755	986
359	986
188	350
933	992
532	648
905	930
844	920
285	956
544	887
516	825
474	599
699	946
60	959
583	1000
817	938
944	979
624	772
574	951
374	597
412	889
483	769
956	989
9	886
564	879
467	946
324	897
269	961
761	898
98	554
731	992
860	877
865	992
428	954
543	941
345	956
823	995
909	998
942	946
353	780
680	946
721	947
427	500
798	938
462	952
402	672
696	890
830	890
16	902
294	330
24	726
626	831
703	785
207	847
386	849
854	954
301	482
911	936
816	847
700	901
543	954
128	675
804	958
193	804
702	947
163	898
792	840
295	559
599	970
258	677
337	970
357	619
381	976
596	901
320	737
788	842
196	967
545	855
149	855
11	921
709	963
676	786
492	965
11	103
904	909
496	855
661	922
347	732
311	809
561	920
616	627
621	971
841	974
82	693
799	977
697	966
62	455
370	571
716	979
499	981
644	810
811	987
313	976
368	683
60	530
533	979
887	982
200	281
582	871
488	684
479	864
512	812
685	969
382	931
519	936
679	925
720	926
68	771
425	520
394	941
958	983
741	985
259	753
498	998
787	872
224	466
630	925
354	761
398	767
7	882
530	923
562	875
736	762
89	951
671	818
99	592
747	813
819	918
678	942
783	995
731	805
650	880
653	885
54	68
372	643
231	667
513	582
537	939
578	711
504	533
550	649
236	947
255	997
134	936
851	991
166	888
648	662
768	993
229	944
303	893
289	729
416	770
509	998
798	872
946	999
374	544
439	939
332	547
772	819
340	896
414	882
837	948
851	883
71	893
214	447
38	716
76	742
511	899
617	837
6	912
367	662
620	842
532	958
540	553
751	773
714	891
304	727
502	971
64	974
212	909
802	940
241	378
471	840
531	891
402	740
608	845
468	542
478	735
464	837
268	925
147	864
152	979
274	447
788	897
707	972
430	960
414	427
545	910
880	900
429	735
723	953
506	689
552	805
371	730
353	861
296	327
535	609
779	969
75	853
88	563
561	746
602	784
271	913
794	954
827	902
579	800
950	972
342	564
889	962
77	818
776	792
786	985
390	985
412	744
403	924
577	811
301	913
246	977
815	868
223	993
572	918
312	513
322	972
373	937
574	927
216	990
343	802
379	459
752	970
912	922
141	816
103	295
92	631
162	875
905	919
354	816
662	932
863	922
371	985
574	819
560	921
338	808
701	860
444	709
58	939
540	942
204	993
326	690
639	921
861	997
625	986
129	819
542	988
399	414
743	978
638	696
500	991
417	993
95	942
893	922
972	986
810	924
842	876
671	994
349	943
891	997
784	871
817	819
849	1000
167	414
411	774
222	609
865	981
925	995
823	984
56	842
735	871
399	656
349	835
70	188
944	981
775	943
814	871
425	830
838	999
879	1000
717	938
721	828
710	935
599	838
511	725
805	943
276	828
362	373
738	889
127	964
237	607
242	951
638	951
839	941
797	944
673	908
800	949
712	836
515	965
876	944
779	782
751	949
148	390
234	430
404	612
712	728
610	717
427	973
614	836
344	975
724	967
586	737
512	559
536	916
454	554
244	744
596	903
895	970
614	957
719	973
792	963
115	980
827	957
469	983
780	845
357	513
141	629
554	798
77	873
163	913
130	736
820	917
966	971
551	729
322	906
663	970
470	804
602	960
215	285
640	986
247	503
20	460
722	732
834	973
171	629
787	861
231	643
556	965
644	812
795	981
743	791
662	866
607	930
808	920
412	691
887	984
288	921
329	922
623	874
86	935
117	285
356	530
447	914
625	691
643	974
261	643
766	815
898	971
259	984
433	871
741	987
741	758
240	476
14	887
357	997
847	861
169	946
852	976
824	877
306	951
424	943
826	923
859	871
949	993
300	584
835	928
384	992
360	369
731	807
597	992
872	931
335	955
495	944
550	651
558	1000
851	993
455	764
78	777
548	726
568	641
251	705
499	541
564	936
187	949
710	990
154	772
321	949
527	788
544	957
700	945
318	651
16	959
434	718
420	783
428	903
651	652
279	780
446	957
532	960
969	998
466	606
828	958
542	601
10	740
43	688
557	909
684	950
450	783
288	721
536	971
575	899
38	960
57	973
814	952
846	904
887	905
287	388
672	724
42	557
498	571
9	380
448	979
640	920
103	981
459	845
197	579
596	850
614	904
655	905
199	396
512	856
746	794
792	910
897	963
560	789
871	910
623	808
292	974
540	810
630	969
294	754
547	971
643	679
581	969
3	992
856	908
567	805
861	986
331	528
336	872
919	964
294	875
239	939
588	864
206	533
472	918
21	982
12	933
342	808
350	928
732	993
501	572
685	918
363	867
418	574
671	754
154	464
445	936
269	939
286	354
310	711
945	993
418	695
963	983
715	881
303	829
234	995
308	944
745	945
872	986
261	832
550	706
677	747
687	940
833	994
819	867
557	601
722	934
235	550
708	999
638	940
757	891
182	660
784	994
335	902
839	930
858	943
816	946
305	767
136	958
566	771
152	902
886	897
564	883
710	937
784	886
71	950
781	817
87	665
496	833
941	954
366	494
517	892
300	665
561	669
203	732
202	736
656	943
147	571
35	101
45	789
408	612
494	615
531	948
718	774
811	965
406	916
170	676
579	844
973	1000
885	887
381	859
169	451
802	889
394	798
609	723
415	628
24	743
454	556
841	965
101	926
716	970
315	626
494	857
397	961
429	913
704	852
594	980
113	384
524	921
885	900
207	985
310	403
628	978
433	739
801	906
433	510
383	918
639	844
765	983
66	982
212	282
685	731
561	924
877	901
598	991
899	919
959	970
477	701
917	973
829	860
875	976
116	924
61	988
369	875
470	927
850	919
795	983
110	126
951	971
748	908
398	758
16	464
274	988
329	924
618	798
408	988
153	698
631	737
810	968
843	916
144	878
653	755
102	881
745	987
789	801
783	986
359	924
507	822
135	950
317	927
878	994
836	997
951	984
808	935
20	825
543	866
969	974
826	925
388	699
555	876
522	699
267	409
461	948
576	935
125	999
923	979
496	646
620	941
412	948
682	772
131	669
372	997
501	882
592	1000
485	645
844	992
930	995
641	892
797	880
580	882
236	843
39	972
515	901
876	880
270	841
812	895
622	1000
195	667
832	958
376	715
730	947
804	896
386	908
8	962
127	913
526	659
839	890
407	967
300	841
468	654
368	716
841	899
183	670
510	836
790	853
862	958
77	917
853	909
186	860
855	955
684	844
292	734
280	616
684	965
422	965
746	796
405	503
396	912
528	802
780	794
516	684
91	986
282	288
581	850
470	982
93	995
767	976
329	979
100	927
764	907
306	995
543	679
111	756
875	923
166	463
831	853
597	686
836	931
541	754
753	933
835	972
558	923
497	684
782	816
759	869
50	409
440	823
674	761
178	823
287	995
903	998
70	997
823	975
553	885
606	977
279	582
625	990
960	980
817	931
858	932
877	982
51	903
541	996
338	933
756	921
318	695
356	950
15	657
213	938
791	878
433	941
54	127
293	372
518	985
113	936
13	998
407	888
145	888
888	932
442	882
923	926
782	950
515	835
432	837
96	888
738	880
60	965
319	896
305	998
379	947
2	960
236	898
79	426
915	927
626	824
37	954
381	727
298	958
334	652
446	893
793	937
751	940
107	609
687	955
186	673
781	819
6	971
661	902
922	943
75	778
572	830
448	794
797	948
874	902
511	850
560	712
807	848
435	976
718	776
508	966
552	972
519	566
790	800
325	966
503	972
415	859
506	977
640	977
473	571
202	980
133	917
664	782
31	869
788	848
369	864
952	956
52	928
126	877
253	918
795	972
762	795
651	964
618	787
568	966
480	853
903	919
70	689
267	974
783	975
480	974
856	965
493	913
75	925
625	803
220	754
588	921
527	645
164	593
912	981
678	814
884	919
166	639
861	935
947	975
330	747
798	852
762	929
225	990
495	814
882	994
35	829
7	996
659	922
754	930
284	523
657	997
66	529
654	699
692	991
585	865
296	762
125	880
37	996
507	945
842	935
787	999
391	999
988	989
625	937
726	989
633	761
187	940
605	699
803	943
902	922
236	832
222	897
29	768
733	884
805	989
516	886
543	989
275	945
705	758
817	999
333	886
682	774
176	185
76	964
731	932
758	769
823	935
909	938
501	884
867	941
289	964
55	797
311	723
638	889
710	994
911	984
374	779
580	884
602	643
698	876
839	1000
125	196
874	957
159	194
114	451
430	953
760	828
302	916
589	946
718	831
608	959
102	333
410	449
506	911
800	900
206	390
323	975
464	951
524	965
290	798
790	855
265	741
792	901
809	841
561	739
392	967
206	511
371	615
73	921
769	890
210	926
820	855
448	983
162	626
387	973
547	962
753	801
216	862
128	749
771	855
237	921
619	986
686	976
760	962
875	912
181	989
690	866
363	508
258	980
660	960
693	908
794	960
539	670
255	911
912	915
857	979
631	673
292	978
636	751
746	919
704	922
108	339
495	748
528	696
863	915
178	583
202	940
305	395
155	865
507	987
581	973
424	989
28	989
432	584
382	992
657	931
490	525
137	932
250	809
477	1000
367	576
446	869
713	984
50	640
652	974
201	809
146	873
118	774
756	802
766	995
403	943
604	933
708	990
427	482
803	998
104	997
338	935
775	936
33	299
254	941
180	763
367	818
823	869
666	885
67	68
723	867
594	716
879	885
612	770
502	898
381	608
143	965
430	995
335	906
383	425
497	941
717	944
818	996
4	779
694	960
749	896
788	824
30	916
649	665
860	885
409	949
343	595
615	788
325	955
922	945
545	729
168	742
584	657
28	439
448	796
533	840
698	944
739	945
637	668
790	910
895	963
232	619
526	837
751	955
214	979
336	676
737	791
910	948
313	729
492	960
519	797
290	974
219	276
802	893
922	958
600	907
719	858
792	848
883	966
776	840
771	910
134	555
774	915
311	925
56	635
570	856
234	678
910	961
951	962
11	340
57	227
447	907
273	754
452	985
634	733
245	692
14	759
181	936
5	710
63	917
546	805
799	985
488	800
741	980
33	930
850	923
891	924
569	644
95	990
577	993
112	405
659	803
153	931
337	523
669	996
653	988
947	977
570	990
826	916
437	875
643	980
866	988
750	813
180	926
958	991
851	865
870	878
548	827
226	813
345	764
229	818
77	424
104	823
935	980
286	534
112	418
544	829
153	944
565	888
721	876
559	814
270	711
163	585
509	993
784	932
863	996
439	934
425	999
179	300
81	960
659	937
170	480
772	814
4	713
680	996
210	552
201	998
536	951
696	940
117	775
698	757
851	999
702	876
316	840
438	537
481	907
129	196
728	784
681	938
781	876
693	763
216	838
610	994
147	738
78	904
730	830
895	897
922	1000
760	938
232	324
99	963
355	889
503	787
346	840
43	802
874	959
626	894
423	794
887	898
59	783
67	607
53	443
218	510
608	961
883	900
547	951
321	379
271	787
524	967
813	841
885	946
123	394
774	849
760	951
383	964
317	610
63	730
329	849
177	980
58	800
639	782
181	870
523	570
748	954
371	967
51	760
679	854
238	852
692	793
262	916
229	510
616	919
899	978
912	917
120	459
366	929
722	793
732	986
410	935
148	935
831	965
146	862
775	804
458	868
945	986
623	935
287	986
667	978
689	737
460	914
798	909
674	873
519	999
99	413
431	886
733	928
893	917
351	634
972	981
48	596
231	946
336	999
680	809
432	707
757	992
192	991
352	943
393	981
589	627
90	943
967	987
645	936
764	924
571	758
342	935
805	925
323	656
361	948
185	951
548	774
740	944
12	242
22	664
449	768
784	987
944	976
173	833
921	992
860	982
230	586
791	882
455	933
796	997
529	653
100	247
191	594
406	667
48	959
731	989
879	887
740	957
402	669
481	962
319	900
797	939
816	952
453	900
728	839
640	955
392	890
874	893
73	844
694	962
895	952
535	646
788	826
807	839
168	623
737	780
547	885
929	950
511	962
800	836
422	890
702	944
941	960
25	961
503	734
883	955
712	844
730	898
119	973
177	914
355	957
198	973
850	899
215	388
561	796
371	901
155	788
820	912
327	979
616	853
621	968
477	923
169	578
697	963
716	976
857	915
898	953
278	979
345	740
873	896
745	859
970	977
242	275
403	866
53	753
134	449
120	285
947	966
666	687
299	930
838	915
731	789
414	853
722	969
226	573
840	961
358	463
93	946
817	977
641	751
747	918
365	587
356	767
411	474
414	745
567	987
653	990
400	581
675	749
518	802
644	941
303	648
270	471
858	870
209	461
687	759
117	643
879	929
461	941
262	997
914	923
900	988
485	746
724	762
74	128
714	754
497	756
194	947
631	985
865	923
113	995
311	485
218	257
858	883
770	999
467	998
742	937
28	133
888	991
409	993
920	943
142	420
923	985
152	842
821	937
110	616
798	990
622	993
825	827
830	942
219	788
272	880
236	957
934	999
309	947
390	606
791	950
918	991
596	711
307	608
436	493
320	547
624	958
11	960
603	606
608	950
566	953
332	786
473	496
813	830
832	843
818	945
964	999
601	947
675	896
936	937
277	971
478	961
175	960
593	719
679	722
450	899
197	453
422	837
496	786
790	967
320	789
380	840
994	999
470	733
649	964
179	786
822	892
560	892
376	842
697	897
339	923
287	504
58	681
102	687
214	928
792	905
690	857
679	735
389	902
771	967
623	803
667	846
586	921
672	961
350	910
713	733
387	977
473	980
762	854
662	916
882	919
618	846
384	679
783	913
405	738
620	626
78	343
465	752
773	905
570	805
859	908
468	794
239	934
588	859
849	863
646	800
95	926
274	928
755	972
433	921
815	986
264	883
391	924
4	286
205	276
470	988
418	569
456	824
583	865
192	980
338	805
539	795
434	513
164	652
617	634
803	989
252	886
324	991
217	636
833	868
879	984
562	819
101	195
18	655
372	924
27	889
146	877
657	827
16	996
269	947
750	991
689	752
721	933
363	996
457	594
963	991
44	950
159	937
860	984
469	833
106	781
818	987
675	938
441	771
694	951
804	823
955	992
504	827
578	776
624	892
911	922
396	476
208	950
334	766
408	715
344	959
705	938
149	491
283	720
23	86
506	728
492	830
5	217
235	908
276	946
54	604
936	992
232	610
168	854
186	908
649	669
103	910
202	623
155	548
64	918
334	779
149	733
880	952
405	430
82	908
352	503
343	720
444	506
769	828
889	893
94	918
383	792
591	970
18	105
892	898
607	914
651	957
412	446
632	678
384	613
458	562
752	780
686	914
284	382
50	215
602	957
579	973
632	799
480	967
337	393
750	791
457	983
776	965
65	873
266	863
753	981
40	816
692	742
571	681
259	860
433	747
644	930
757	807
280	919
558	863
2	645
241	927
851	856
144	994
856	971
597	976
60	1000
817	979
830	918
434	689
425	640
475	986
824	874
865	912
763	864
166	645
680	866
449	933
863	987
25	642
338	873
384	989
425	990
525	928
81	951
370	825
678	941
478	587
87	702
20	712
562	995
226	817
587	759
13	938
756	982
508	880
511	885
184	527
893	987
593	695
825	937
911	977
355	759
635	813
326	997
274	312
485	761
344	785
707	837
779	942
812	890
894	929
765	778
302	788
195	662
374	893
811	894
30	854
649	832
401	767
897	934
492	885
239	439
700	834
170	605
758	775
124	903
570	660
145	962
84	952
901	945
491	781
904	950
193	858
26	452
347	773
22	976
619	966
834	891
894	942
42	662
512	611
536	968
350	549
998	999
468	541
889	948
306	627
760	834
487	904
478	855
482	974
642	963
246	963
494	799
81	401
29	211
535	837
769	775
328	507
446	499
93	869
148	576
657	682
695	974
896	964
734	902
794	953
931	958
442	501
34	447
667	848
484	912
160	522
454	740
170	981
431	756
618	848
172	761
686	982
8	515
27	528
808	864
849	865
764	794
494	933
428	808
722	797
534	975
102	823
243	762
644	877
872	970
509	918
426	920
863	921
104	869
109	984
761	873
847	913
764	915
925	981
326	918
185	713
534	867
312	525
363	985
127	708
550	811
168	480
500	990
696	865
720	993
527	827
164	775
136	713
4	759
331	888
854	929
232	357
247	931
355	464
439	872
747	988
459	521
906	981
543	929
268	724
221	878
109	179
647	986
141	360
55	845
421	939
99	888
751	814
663	701
654	881
203	716
313	359
934	935
34	944
777	988
505	529
851	937
59	708
362	480
367	824
113	944
154	945
512	653
407	896
489	935
663	822
888	940
310	963
593	763
656	819
462	953
589	765
630	766
184	945
392	894
901	1000
557	961
269	494
307	786
348	787
848	881
586	844
383	781
355	948
272	950
332	964
929	954
113	368
533	725
887	957
472	715
202	854
463	895
587	961
695	908
822	949
478	910
211	566
899	903
241	674
857	906
554	905
366	854
961	1000
773	949
792	962
704	849
831	890
850	903
743	777
646	844
362	856
389	959
871	962
259	849
278	862
350	967
88	967
93	816
160	577
799	978
637	916
838	906
396	975
951	968
388	562
753	983
357	983
486	868
810	965
502	583
410	994
201	857
456	881
583	922
863	976
398	647
2	647
136	876
824	984
851	858
634	860
166	526
485	508
951	981
204	229
954	986
425	871
48	655
37	991
823	917
18	483
391	994
625	932
605	694
677	799
844	976
613	814
819	919
166	997
376	578
840	978
881	979
633	877
652	927
757	943
784	817
383	473
816	998
668	871
654	936
814	925
571	938
266	302
455	992
749	944
854	997
716	767
928	946
499	769
394	487
297	820
145	951
846	998
106	959
436	605
601	938
311	839
572	880
825	831
676	708
874	952
918	995
510	941
207	903
730	944
614	998
380	831
34	194
237	782
397	771
825	952
462	900
591	785
336	495
864	880
869	995
594	790
174	847
153	495
655	891
600	955
897	949
630	834
561	963
533	901
581	834
691	965
369	914
350	672
33	965
66	913
864	893
165	855
542	613
885	952
155	847
89	981
181	984
776	901
146	734
354	912
393	611
417	968
780	791
379	447
213	909
810	899
873	955
52	991
671	969
344	345
523	576
32	753
882	923
541	630
546	974
683	979
540	930
273	815
648	692
460	907
856	907
875	920
339	351
616	925
233	635
40	994
315	933
604	807
678	756
912	923
263	514
636	988
180	745
493	976
534	977
553	990
842	864
740	816
248	879
745	931
831	971
863	923
701	861
654	749
866	928
370	761
502	880
328	764
928	988
735	859
124	705
210	479
158	289
330	810
583	990
619	647
812	813
76	893
673	883
599	705
273	949
400	990
763	813
105	584
91	649
872	985
624	883
569	947
335	780
591	706
134	992
122	901
906	983
276	816
909	988
45	654
457	598
659	998
717	939
832	889
694	955
274	369
895	945
573	894
897	991
456	494
626	942
404	829
395	780
785	935
436	552
172	442
839	942
880	943
536	904
336	550
38	893
63	657
189	796
918	942
207	850
295	899
290	969
257	792
563	835
871	951
427	974
72	746
23	332
704	959
19	856
52	804
468	719
896	900
579	964
646	725
213	843
245	795
548	567
336	684
107	861
836	970
467	615
114	985
871	964
293	987
26	643
884	903
240	572
787	970
437	628
776	848
417	915
563	969
301	969
731	782
461	921
497	615
534	911
419	695
732	926
699	749
31	61
574	983
352	870
849	922
329	923
474	752
768	970
264	942
947	972
465	932
88	982
358	806
611	986
647	680
432	526
726	744
745	986
462	634
183	990
613	803
626	742
227	996
777	911
722	975
259	985
870	873
83	988
320	406
210	534
812	868
613	924
150	934
95	998
153	939
631	978
213	990
870	994
969	973
740	884
564	924
297	809
27	948
237	529
837	938
615	825
648	773
923	978
793	868
22	725
853	882
622	986
916	938
497	991
408	653
375	476
688	707
196	770
971	995
612	833
285	438
779	946
457	895
218	384
880	998
111	258
806	820
696	948
448	846
797	1000
313	887
554	720
80	800
883	895
46	664
464	948
417	836
44	96
945	955
664	713
843	944
194	269
534	603
80	921
396	898
5	747
387	849
478	967
588	610
808	842
376	956
813	957
832	970
535	720
452	914
686	852
691	967
267	905
333	441
926	955
103	393
576	842
801	960
653	796
551	785
726	786
831	839
197	930
720	971
838	963
26	819
815	979
842	853
262	803
509	909
891	974
550	681
863	912
585	904
203	573
507	755
830	856
250	806
444	820
260	999
442	976
530	860
595	989
362	458
202	240
190	940
231	941
372	917
336	994
69	879
504	807
349	933
504	578
757	758
204	286
729	925
696	748
448	646
632	992
590	995
185	946
532	761
900	928
537	876
839	918
108	470
756	920
112	589
464	748
596	638
367	815
138	992
656	689
854	933
427	600
378	415
438	466
467	938
668	928
79	304
607	652
478	538
469	947
837	885
909	990
501	936
485	928
740	952
867	993
388	995
858	944
484	703
522	995
682	947
346	998
943	988
599	949
800	939
934	939
772	877
205	995
876	934
936	985
702	818
110	906
297	998
154	949
506	842
332	726
588	652
887	948
670	950
163	890
108	954
705	944
567	714
806	996
718	883
621	950
404	952
841	953
423	965
598	966
35	560
802	998
174	675
719	963
457	963
493	657
374	965
630	891
14	393
170	906
607	907
500	781
491	961
725	899
582	850
595	789
553	792
415	858
454	557
588	786
734	840
51	581
183	966
582	971
838	897
318	373
320	971
89	809
405	786
732	915
762	794
290	984
577	977
692	964
623	864
650	738
199	573
455	499
479	856
966	974
537	797
528	748
27	466
412	802
678	921
939	962
815	926
9	799
611	867
179	981
522	795
342	864
290	408
340	525
421	864
844	967
42	50
520	577
444	996
939	975
175	579
796	926
345	990
518	918
377	942
597	982
490	590
145	821
236	939
571	929
254	993
851	983
629	641
226	931
661	822
509	990
784	929
770	994
85	891
318	870
323	948
698	862
703	940
684	698
837	940
735	929
941	997
853	884
677	924
547	814
700	827
436	488
241	249
927	991
8	950
443	878
517	827
911	983
709	997
828	948
362	889
964	994
642	943
297	945
402	961
360	735
566	840
404	778
827	881
54	894
610	883
959	1000
716	784
480	773
521	545
94	966
223	851
484	663
391	435
883	897
621	897
354	782
566	961
343	889
744	967
482	967
29	204
628	792
223	972
281	913
322	951
396	900
602	776
211	854
637	962
311	977
378	738
498	803
206	631
445	913
835	839
752	841
246	969
722	898
378	859
666	737
437	914
349	801
561	980
528	803
421	677
555	906
145	513
398	693
34	682
208	569
414	903
273	927
669	927
116	980
372	677
671	973
674	978
266	924
238	862
613	739
926	970
736	809
777	847
741	924
842	976
264	999
205	392
64	416
363	978
129	811
759	978
826	968
963	973
641	922
627	795
291	580
222	709
68	242
551	921
680	806
757	989
13	757
481	825
300	750
849	992
221	871
119	594
513	750
647	979
721	928
826	981
110	774
60	953
921	989
483	992
698	917
455	930
955	987
292	643
724	825
489	699
742	879
524	885
6	959
501	938
105	709
246	648
724	946
880	934
462	946
985	987
522	997
2	961
681	990
800	941
918	933
802	987
936	987
86	551
55	972
108	835
490	900
663	828
814	997
552	960
593	998
670	952
880	947
184	951
82	903
560	713
885	998
353	908
181	801
313	957
616	729
693	949
156	973
321	552
173	388
290	973
305	544
549	904
568	954
741	845
116	793
47	922
13	557
841	968
664	783
86	806
158	911
177	924
77	986
727	839
551	842
859	958
592	614
146	793
324	799
291	622
389	965
549	917
678	802
15	458
669	982
78	514
699	861
583	915
539	845
687	743
580	617
618	909
375	922
411	579
359	914
378	927
653	866
768	853
613	915
250	863
714	738
230	625
865	907
194	702
488	920
763	859
207	641
565	874
532	697
927	967
839	854
25	637
847	974
401	628
921	923
805	977
290	531
340	877
367	751
435	885
932	937
462	759
681	803
934	983
700	816
249	880
428	882
895	991
661	824
196	990
707	940
471	700
605	929
316	826
779	816
508	996
902	923
281	310
198	541
332	770
337	885
496	878
133	826
656	867
23	954
482	714
293	549
191	767
480	641
881	985
256	667
111	249
811	889
401	762
392	942
915	983
934	996
59	998
496	999
749	950
114	439
513	939
315	429
301	531
688	940
499	775
820	830
420	896
87	952
118	265
519	609
64	968
655	884
595	604
853	899
517	950
121	950
300	952
589	826
396	660
167	837
229	254
277	968
808	833
376	947
408	899
535	940
829	892
595	725
908	956
994	996
512	727
369	907
314	971
121	842
556	999
432	438
418	540
468	886
621	899
748	940
261	327
266	671
882	903
753	789
472	776
697	894
683	730
89	974
133	263
718	953
859	892
938	956
762	959
789	833
491	910
442	725
254	445
433	676
474	677
732	972
446	615
93	985
368	961
504	556
49	915
706	956
346	384
945	972
424	977
157	862
787	800
625	738
845	970
836	921
257	985
458	746
733	914
590	865
851	906
382	872
690	988
32	988
729	916
569	698
412	980
613	970
181	293
654	742
967	973
590	986
675	801
694	814
248	993
666	752
490	755
113	805
921	978
147	308
9	869
377	999
53	121
564	862
677	739
632	996
925	989
763	927
303	942
564	983
944	975
448	771
816	938
580	927
962	992
442	993
538	930
698	919
192	293
703	997
777	983
524	537
4	996
601	986
876	925
155	411
432	948
647	873
270	886
668	932
833	999
115	719
593	758
846	938
610	927
598	836
703	889
169	430
909	994
124	953
265	892
298	840
788	933
807	946
364	376
943	992
800	943
115	840
684	997
579	715
980	995
869	935
421	479
712	951
211	669
973	992
469	964
582	841
769	933
175	194
672	771
794	882
697	949
898	939
755	890
919	998
685	831
616	731
349	616
473	911
546	901
665	852
150	672
39	575
278	857
190	973
364	631
877	893
627	718
49	741
173	282
197	639
898	952
810	839
189	226
129	855
149	275
228	339
486	863
118	467
701	788
849	915
852	957
444	637
72	994
15	460
521	857
829	973
106	578
144	870
190	986
947	965
570	978
509	968
605	676
729	971
151	994
189	468
741	981
689	791
634	855
298	640
509	860
555	976
849	928
314	355
626	856
483	807
694	990
842	925
60	889
531	740
839	856
462	869
536	589
608	694
687	987
761	936
902	912
76	833
444	1000
604	989
689	804
548	828
675	869
782	995
476	925
421	989
605	810
228	823
830	928
668	866
976	982
511	882
953	998
557	998
909	928
867	931
605	931
663	872
599	887
728	772
313	530
560	636
161	890
161	661
240	954
23	956
705	990
520	944
800	998
304	831
390	834
772	936
730	939
471	944
388	946
281	783
621	888
385	611
417	600
241	603
380	947
540	899
875	889
644	727
864	996
957	958
795	896
299	958
896	948
706	824
177	739
452	907
168	919
806	947
685	886
704	899
561	850
65	912
10	976
808	956
306	974
903	964
655	899
221	378
567	786
875	902
364	686
938	958
361	802
815	972
460	781
586	920
245	627
303	797
542	850
280	850
844	892
627	894
546	969
766	972
370	743
120	568
328	746
722	902
278	925
419	864
606	956
840	894
551	791
19	930
671	856
239	933
558	915
893	905
731	843
461	982
857	982
634	910
245	869
157	985
854	913
358	746
745	926
247	915
495	751
486	931
646	920
71	689
632	985
305	627
169	995
761	870
775	805
478	518
636	875
529	749
128	176
735	854
358	867
523	934
416	579
407	988
696	862
420	698
728	814
733	929
120	702
647	862
242	813
591	701
434	983
318	808
409	926
304	644
804	930
50	993
284	931
581	629
242	934
858	937
267	698
742	991
131	837
217	877
920	997
717	934
818	986
496	935
193	668
237	711
154	942
226	293
355	703
869	924
888	937
506	606
450	711
26	612
325	945
286	953
279	950
688	889
311	902
253	897
192	658
73	966
771	779
581	884
526	948
545	961
727	938
503	964
487	956
244	969
780	949
39	685
727	830
570	846
759	782
198	974
239	975
795	964
762	787
51	924
233	443
540	859
452	746
460	607
418	610
308	738
481	629
269	975
458	682
317	908
569	863
550	621
85	292
7	867
824	860
464	554
273	986
101	236
9	913
264	937
826	906
284	623
182	346
30	706
227	991
139	878
144	993
923	960
345	983
479	983
17	629
437	986
858	979
187	811
159	978
352	878
393	916
585	857
411	704
10	360
254	986
185	886
708	927
749	928
565	878
413	750
740	879
251	688
499	524
438	514
677	796
844	973
949	989
627	975
742	925
824	994
464	688
620	935
821	925
353	591
374	879
816	995
267	524
654	933
351	932
681	807
98	486
392	704
626	871
953	1000
906	925
455	989
257	479
785	864
353	941
196	994
628	651
526	640
751	987
691	707
828	941
635	812
525	940
739	869
188	766
642	936
182	951
366	543
457	890
746	764
897	933
809	820
98	728
454	592
832	952
609	651
889	934
765	898
718	823
140	846
186	962
24	900
178	549
524	957
238	600
813	831
711	783
752	821
664	708
843	939
554	836
540	901
359	597
149	787
498	904
171	546
584	944
537	603
561	960
14	333
836	899
459	949
426	772
554	957
72	917
810	883
667	834
264	858
831	942
253	965
618	834
100	908
122	401
120	557
326	433
542	960
743	950
46	265
472	901
491	914
852	893
403	801
576	958
273	920
144	806
741	796
37	680
891	969
453	743
766	974
823	956
601	614
639	906
861	982
36	576
710	786
963	966
16	634
497	678
218	997
400	974
815	987
501	797
138	745
592	915
303	812
826	853
671	979
932	983
90	933
544	874
585	912
645	697
460	917
21	281
446	982
187	987
784	977
457	582
803	990
173	823
62	992
337	931
497	920
244	474
557	705
629	810
78	707
513	635
413	697
96	990
913	983
550	931
388	869
392	988
571	990
249	939
598	827
510	980
510	751
402	888
245	416
883	932
538	934
381	950
596	875
821	993
413	939
573	891
471	880
217	1000
514	698
702	934
922	937
809	996
607	781
901	999
577	609
494	840
755	881
80	971
591	958
556	937
410	617
630	886
690	900
795	953
514	940
373	964
662	838
519	789
200	255
931	999
783	835
488	658
438	837
341	904
556	829
817	833
285	972
145	211
241	673
535	891
683	789
810	830
878	964
795	966
354	735
766	908
852	948
764	835
172	923
636	798
861	916
551	956
465	687
845	908
398	862
398	633
692	851
958	970
942	962
364	985
565	975
592	849
110	580
146	799
742	793
453	690
673	693
650	975
414	964
199	810
634	967
345	864
422	559
372	967
721	855
504	628
798	846
536	809
930	965
467	975
250	977
585	967
923	962
782	986
40	349
152	590
605	801
624	814
178	993
258	693
208	872
404	518
851	978
804	866
279	752
532	932
129	993
611	996
297	806
691	696
930	978
682	876
176	287
907	994
208	993
120	880
147	717
496	871
614	863
283	763
934	989
758	992
68	545
100	763
702	868
688	933
347	640
765	887
66	886
797	876
327	432
712	997
901	933
161	894
904	938
642	938
582	658
163	711
894	930
663	997
157	371
47	499
575	884
883	1000
184	999
385	723
395	953
959	995
250	535
370	371
829	885
268	323
259	769
429	951
410	672
327	674
299	841
32	497
651	771
255	771
785	1000
945	952
475	774
43	97
686	957
512	841
484	779
415	908
148	564
46	782
679	954
577	677
637	728
310	333
755	949
507	847
92	376
248	852
46	903
655	903
264	981
498	919
671	847
745	796
690	860
261	683
687	791
553	976
372	672
872	958
349	688
476	729
696	732
121	272
250	911
668	670
169	986
549	978
764	903
83	919
611	809
798	901
321	976
963	968
522	737
453	866
164	763
62	981
351	855
791	861
441	748
702	789
377	992
206	881
118	997
674	986
203	812
544	876
906	969
312	984
413	807
867	977
779	864
531	799
209	748
13	873
200	928
324	994
668	804
833	871
700	985
411	882
180	986
1	489
707	880
251	637
330	930
605	869
580	812
890	974
174	767
91	769
751	815
663	931
630	754
874	885
373	603
59	938
769	805
936	982
325	828
853	947
728	952
910	929
514	700
552	955
524	893
730	998
293	960
269	374
931	988
807	952
704	945
368	767
506	960
387	780
21	659
31	852
977	996
180	423
507	552
281	963
644	786
105	249
8	316
725	896
188	957
191	962
361	848
628	963
650	722
686	904
644	907
45	90
514	834
459	898
780	953
650	843
273	627
111	565
9	783
658	963
317	670
165	801
954	961
461	799
194	684
409	609
768	956
418	843
191	386
382	920
96	563
192	796
627	953
543	730
226	794
4	681
364	987
515	631
215	864
160	699
163	445
440	982
71	856
733	975
673	695
136	756
530	912
72	1000
446	918
145	697
453	813
847	969
819	907
502	934
474	872
680	977
821	916
578	700
858	983
316	700
440	995
622	972
352	882
830	921
816	986
681	798
772	916
698	738
1	773
937	983
21	230
642	806
449	936
971	981
467	990
69	126
888	983
249	996
469	999
128	706
469	770
983	991
821	929
397	867
724	996
167	590
217	936
781	978
607	825
593	927
390	827
772	929
178	190
785	868
381	778
707	948
600	822
168	899
691	940
167	940
828	945
676	817
813	822
655	879
176	881
897	937
473	609
959	997
188	891
353	958
554	948
91	958
688	948
829	887
471	950
570	663
253	727
440	553
882	898
679	835
477	849
477	620
521	663
163	955
80	920
162	959
762	954
868	892
752	946
535	948
227	566
135	977
295	966
570	905
454	959
225	907
403	913
945	967
310	456
246	966
824	906
754	847
248	746
921	960
351	844
653	916
74	980
289	868
412	975
632	978
747	965
29	685
750	970
428	919
20	865
925	971
83	921
386	693
625	975
680	911
647	734
826	965
881	901
707	748
58	339
701	970
849	868
225	452
879	976
772	850
749	866
320	460
913	974
27	881
13	983
250	926
814	968
772	971
846	920
906	971
890	963
749	987
109	169
647	976
85	943
811	818
860	976
356	948
483	989
557	938
955	984
36	943
22	779
316	997
536	1000
80	720
233	999
341	532
654	992
626	930
973	974
271	473
862	877
292	761
600	877
364	371
718	869
286	946
542	643
709	820
795	823
640	949
874	887
304	1000
230	822
82	658
918	930
917	934
769	807
12	599
545	833
209	884
52	900
542	764
98	787
184	827
313	712
588	651
574	716
426	589
660	756
679	769
183	831
744	898
255	707
444	606
125	597
672	995
765	957
405	651
880	944
341	895
809	1000
165	669
357	610
193	916
917	947
190	847
80	975
671	891
275	662
660	998
426	831
692	950
274	962
213	952
810	942
115	151
130	954
787	958
61	854
107	970
863	953
178	850
407	444
627	713
214	278
747	778
375	906
898	947
958	961
708	786
97	632
317	901
859	955
878	968
638	727
239	981
775	961
49	857
173	398
109	908
852	952
494	978
590	915
428	853
175	444
567	968
523	861
500	914
641	853
678	920
315	868
764	960
139	871
796	912
474	861
782	977
942	966
620	686
537	917
812	856
399	458
197	997
953	980
221	573
515	525
565	871
517	800
407	928
173	761
930	969
902	907
227	997
132	171
791	810
614	625
309	928
257	472
7	297
721	872
113	989
56	189
489	980
503	878
30	954
64	952
243	954
325	993
36	890
466	703
719	883
760	921
883	991
33	592
107	541
101	955
660	690
395	944
610	869
381	780
793	990
751	993
575	996
186	955
709	996
189	960
593	821
549	714
540	894
600	945
705	998
135	845
317	593
737	950
385	498
384	539
790	961
337	427
442	480
889	940
493	711
820	840
314	968
993	997
611	666
649	958
762	835
662	897
206	617
211	961
257	848
259	665
150	843
491	907
692	897
274	909
873	945
295	968
47	866
286	330
733	790
783	907
644	977
900	903
44	689
849	857
351	617
631	900
87	507
507	864
815	980
224	741
413	677
715	978
687	916
907	919
865	959
166	921
763	911
818	847
363	977
146	979
624	981
724	919
798	905
736	929
37	928
821	973
105	803
738	975
536	989
233	988
916	981
131	940
272	687
948	970
404	806
208	931
786	871
92	985
890	965
532	991
793	803
457	588
219	945
525	988
781	914
874	876
529	878
615	881
358	996
955	986
17	703
373	715
887	936
32	193
469	948
26	607
209	994
176	817
778	885
943	989
459	876
423	953
500	648
885	984
790	895
600	1000
130	822
479	710
591	951
262	712
451	648
162	545
198	956
850	882
577	723
403	607
862	892
595	777
366	954
540	841
400	538
419	551
658	833
685	936
220	607
665	957
799	957
119	969
565	726
59	137
17	140
528	844
27	562
183	846
315	965
34	723
769	943
230	369
268	395
666	670
745	963
377	567
407	675
660	892
604	731
356	629
328	796
364	978
639	954
666	791
294	919
104	795
411	686
264	932
699	860
757	801
397	495
435	750
476	788
729	968
481	866
164	930
659	909
824	976
6	758
740	982
246	447
707	805
41	981
449	806
252	935
88	275
575	622
117	976
15	699
139	994
358	809
129	986
793	966
490	928
729	981
278	291
622	855
352	994
608	920
71	752
365	933
629	979
675	866
565	994
661	931
614	856
330	868
58	409
89	476
471	578
677	912
696	925
272	863
874	931
423	995
953	995
235	944
340	997
510	920
582	759
853	993
672	689
228	941
388	930
402	828
346	933
846	990
445	646
403	420
788	985
688	818
619	947
880	988
520	941
574	652
395	946
706	808
40	718
422	820
697	988
265	836
512	942
686	829
553	714
228	954
765	893
792	996
778	832
148	665
850	937
79	831
352	431
274	777
711	778
769	985
394	842
380	944
628	780
512	834
639	646
102	670
602	993
289	496
519	958
660	705
780	999
706	821
403	783
53	670
166	547
8	375
32	732
333	431
467	660
926	945
296	778
516	781
884	948
553	848
501	658
584	952
759	953
878	904
597	891
363	724
531	537
632	848
384	783
752	950
315	912
375	963
755	955
39	748
363	845
215	681
294	974
434	725
775	789
766	969
287	971
925	962
708	964
842	964
201	904
657	918
407	743
365	746
617	967
650	915
502	751
400	969
553	982
754	972
86	284
380	502
671	974
108	568
674	979
252	990
370	982
263	856
906	962
717	797
620	864
881	905
691	744
350	451
770	808
700	978
411	875
754	985
895	924
518	974
413	692
894	965
913	978
378	405
154	926
932	991
830	980
709	919
827	911
104	287
529	988
367	926
848	970
177	765
559	867
237	816
383	870
765	935
99	882
161	942
813	868
362	703
601	985
895	937
315	362
399	999
936	975
292	873
55	960
834	927
94	888
677	980
897	983
484	585
635	983
332	945
767	873
612	999
610	926
568	929
31	953
614	816
190	488
778	887
809	991
561	889
588	763
533	827
546	766
155	881
347	822
438	940
787	828
377	435
850	884
767	886
670	953
535	765
134	421
70	894
243	327
877	879
338	830
544	669
67	781
810	825
347	835
56	851
133	317
135	915
176	953
759	779
671	895
308	843
275	666
514	948
8	322
85	505
431	913
329	902
870	960
460	833
221	322
620	785
97	744
47	923
88	961
430	661
266	967
104	905
252	803
183	969
7	972
516	849
318	376
125	964
209	554
555	962
486	862
539	954
701	787
893	957
475	969
330	965
724	855
569	981
321	916
742	909
714	847
543	736
284	970
740	984
36	639
41	983
3	462
44	988
814	906
84	572
557	984
152	935
854	978
587	634
187	929
209	688
949	986
907	989
492	747
258	580
304	696
323	709
142	634
598	648
804	982
67	460
375	576
661	704
721	984
196	870
447	452
499	642
705	976
392	930
197	425
629	873
207	884
675	989
399	825
688	699
70	586
314	946
709	987
69	132
929	990
440	533
505	928
679	815
920	941
417	815
436	828
785	982
711	767
964	984
119	892
279	881
36	894
498	659
171	301
864	982
360	954
649	828
198	892
491	656
790	952
135	957
419	487
61	779
385	839
827	992
338	764
51	505
49	661
365	372
315	551
53	780
480	884
600	949
686	952
56	556
556	879
93	852
602	995
776	882
192	831
137	895
104	489
651	887
852	877
260	736
465	845
231	678
47	857
713	718
866	896
348	970
306	973
521	898
273	796
648	673
768	775
159	667
546	847
425	786
84	493
461	968
636	969
359	957
539	780
654	730
26	932
332	450
263	616
549	973
750	963
708	966
513	727
757	858
282	979
254	917
73	347
754	974
210	581
330	912
481	815
527	931
681	846
538	797
268	936
82	288
400	863
441	635
606	968
826	971
289	995
578	869
682	697
635	851
198	584
103	990
879	982
309	866
818	972
529	869
182	990
306	531
8	874
300	982
233	992
374	931
654	985
468	566
368	628
828	872
29	933
423	823
409	925
906	977
721	931
691	759
723	977
785	808
279	936
895	939
977	978
603	996
806	867
811	945
38	995
799	827
494	716
848	985
287	423
149	718
773	811
126	963
505	996
271	829
123	665
417	883
54	831
7	719
361	722
572	942
314	906
676	999
799	840
291	370
67	891
241	778
392	422
595	781
625	660
126	976
239	853
316	548
563	950
819	876
857	902
364	969
773	945
243	679
248	794
641	725
750	897
884	897
344	623
605	664
863	959
21	909
356	862
464	661
15	569
736	854
376	548
741	969
726	846
275	910
220	974
798	951
817	964
283	505
935	956
88	266
254	972
854	967
124	862
449	918
256	752
550	970
946	970
218	231
352	985
949	975
195	513
539	848
365	924
648	983
240	929
923	959
642	680
900	975
251	566
559	682
536	927
90	877
222	996
313	397
717	975
1	768
340	988
629	862
703	811
918	965
642	801
416	754
522	921
299	583
645	991
469	994
469	765
417	575
648	996
661	935
807	989
325	757
633	873
416	875
341	701
593	922
698	975
758	989
472	632
109	580
18	950
937	991
334	927
614	981
172	370
801	807
443	870
751	986
952	976
157	247
360	835
887	995
482	946
91	832
364	432
396	650
616	882
635	932
822	987
238	707
450	886
177	956
834	997
773	987
50	134
437	543
579	892
945	949
986	987
535	822
843	938
989	992
42	889
465	726
859	882
778	957
418	651
905	998
327	792
385	962
500	720
300	366
114	913
420	431
106	500
512	959
914	939
143	567
537	723
211	967
926	949
477	857
986	1000
62	615
856	890
553	852
465	968
446	726
224	613
845	960
19	918
398	685
544	739
65	216
791	845
796	960
381	452
36	454
569	917
140	511
613	960
668	896
766	973
824	914
430	731
784	963
742	966
761	979
733	917
626	791
20	981
139	932
199	983
598	692
400	973
694	925
715	984
157	168
828	861
308	337
76	768
277	758
328	989
670	689
496	573
105	917
928	984
867	974
705	912
187	986
173	822
522	976
781	907
800	920
221	984
123	412
340	935
832	872
97	948
399	990
955	979
215	940
75	637
591	931
572	689
649	872
673	1000
411	1000
73	941
785	918
100	586
807	936
922	923
806	977
223	656
572	810
773	800
112	825
943	982
165	651
555	577
901	985
758	936
904	990
482	772
821	992
779	995
820	996
672	869
894	982
465	539
676	988
929	939
794	980
109	877
439	523
348	664
892	993
107	723
809	995
79	890
65	955
662	945
794	872
843	993
86	785
554	890
470	896
284	477
537	657
575	949
910	939
868	942
912	948
213	947
669	961
595	783
634	711
220	842
877	883
780	950
439	657
255	836
359	893
1	394
419	678
501	717
878	963
248	796
19	973
798	940
407	560
632	907
543	835
717	722
851	951
870	964
667	901
884	899
441	558
114	163
625	904
182	563
710	948
743	896
481	630
136	861
406	456
331	807
592	848
793	838
402	687
150	917
131	638
497	961
328	923
235	695
601	789
694	980
209	679
383	566
911	951
520	800
82	574
717	856
367	972
298	872
224	694
633	862
793	851
204	456
283	749
228	813
508	867
520	921
15	934
538	975
832	927
73	646
568	854
298	764
672	682
806	911
536	821
128	703
45	934
716	873
485	977
184	985
280	693
915	975
574	645
827	862
524	824
59	990
427	891
628	881
655	755
753	768
87	944
684	934
219	309
804	999
792	881
878	884
19	894
225	999
436	953
40	953
394	956
39	499
378	719
243	494
831	930
387	953
354	776
706	935
222	327
650	774
488	712
162	956
435	556
982	991
857	959
664	830
414	884
653	900
14	913
467	666
747	949
866	900
444	911
184	314
442	838
268	685
161	559
326	892
23	854
861	970
229	959
757	849
385	977
641	903
775	903
668	777
835	954
747	841
315	918
879	960
870	911
606	838
275	967
523	803
509	905
594	683
907	914
351	733
750	967
925	968
111	980
909	960
348	398
358	857
826	962
449	975
578	860
830	852
30	762
902	957
962	971
698	898
832	861
744	748
559	968
812	919
316	981
283	804
140	526
76	999
368	619
456	466
772	968
422	626
501	919
688	745
187	988
111	175
589	968
737	866
811	815
580	919
2	942
656	914
876	917
339	712
760	971
410	592
131	948
910	915
327	594
426	573
725	869
133	994
422	868
596	755
697	807
31	946
452	481
589	981
47	661
943	984
79	650
767	987
533	820
285	489
642	992
339	954
760	984
875	934
820	998
517	997
59	119
594	951
547	876
855	992
159	471
725	882
711	947
785	933
582	833
889	990
746	941
470	777
778	893
509	705
968	990
174	900
843	995
356	611
917	944
138	654
878	952
618	998
227	847
750	888
829	952
37	723
873	995
924	960
201	602
877	885
385	911
627	939
866	955
563	954
692	839
406	445
571	778
898	944
134	548
72	865
741	960
220	965
242	724
168	280
830	894
687	845
733	961
142	493
245	914
119	509
641	850
949	966
520	560
687	737
492	727
423	627
749	797
735	899
205	441
303	976
261	979
710	842
555	968
272	845
411	923
510	902
890	894
269	281
501	853
807	859
108	858
663	851
902	904
291	979
217	801
244	638
716	862
568	735
485	737
523	992
738	917
300	920
195	638
219	995
508	869
117	984
106	825
529	928
353	931
642	805
361	526
655	744
888	982
258	815
29	992
203	879
712	985
323	944
266	410
753	757
703	936
804	988
807	993
438	638
658	870
462	995
603	934
83	410
401	985
14	310
662	760
132	531
679	929
271	875
739	980
832	942
697	983
876	985
573	947
484	875
424	595
575	993
671	701
882	884
450	998
491	770
403	886
114	783
150	477
683	940
521	878
856	868
584	934
19	667
789	814
734	878
813	942
54	890
766	830
521	999
177	960
521	770
910	996
99	488
431	961
382	961
616	899
435	558
357	904
214	330
835	943
453	612
342	781
669	910
175	375
713	953
451	953
570	904
124	558
294	969
803	846
696	720
219	795
379	784
310	684
731	943
664	953
172	979
865	943
92	727
221	612
823	946
465	972
358	846
826	951
96	846
619	621
297	607
756	892
135	279
121	381
66	445
830	841
414	899
615	623
694	916
735	954
587	790
462	795
42	209
508	911
282	864
328	980
601	846
83	920
702	898
826	964
688	734
159	915
429	510
902	959
203	692
700	744
240	988
837	978
78	926
730	852
224	980
518	969
573	868
955	970
447	500
177	639
429	860
319	988
203	813
175	980
610	908
818	857
721	924
471	978
880	917
691	752
742	983
69	180
552	822
441	991
730	865
480	919
158	639
39	193
591	935
695	763
202	830
238	524
325	937
807	940
848	978
658	817
355	816
487	935
487	706
491	825
73	837
380	994
801	987
336	658
437	481
10	902
261	484
725	884
164	322
843	876
309	417
727	930
713	995
116	776
892	997
685	933
231	497
215	489
201	591
473	784
885	994
85	150
97	618
156	969
159	715
481	500
522	538
276	482
349	731
165	910
949	955
715	788
302	390
252	798
838	895
939	947
576	895
377	914
14	862
74	913
456	978
597	954
305	782
141	270
143	868
325	616
421	849
140	570
117	852
208	970
636	922
615	799
942	965
675	850
348	455
515	632
158	331
490	804
476	906
839	958
613	911
763	855
386	868
532	922
793	963
232	401
278	517
930	968
162	342
291	981
203	868
277	817
307	925
881	968
517	920
916	925
249	876
813	918
978	985
361	528
765	877
811	993
649	931
234	689
98	828
822	859
63	578
785	977
198	887
129	299
313	874
748	802
952	982
465	598
674	708
90	428
568	992
697	877
461	600
526	995
796	819
479	883
391	770
606	695
138	361
556	874
179	887
745	773
877	929
822	993
541	714
68	790
35	613
549	834
713	942
732	955
850	947
546	950
986	993
328	727
498	909
60	912
486	791
257	968
527	792
668	768
81	971
24	437
777	940
189	275
142	200
634	891
231	915
243	740
933	958
495	961
622	773
742	838
847	891
511	676
925	959
735	835
666	964
449	737
3	391
228	738
701	958
167	499
673	859
777	953
343	432
812	910
476	961
913	962
443	784
116	389
770	913
663	787
434	964
728	916
370	979
390	628
548	985
41	925
564	966
705	905
302	700
635	846
962	975
244	466
409	799
725	739
955	972
416	923
490	872
360	762
492	918
712	921
323	880
730	975
670	695
749	988
647	977
438	803
682	934
368	744
786	991
901	978
54	813
665	701
609	806
77	945
182	998
765	824
470	647
248	534
809	867
560	806
577	709
119	834
366	940
130	929
586	943
223	891
883	937
602	924
198	834
363	413
621	937
968	981
142	939
445	711
95	598
898	922
831	868
676	994
877	984
123	781
128	896
260	786
810	930
667	881
567	943
553	779
933	1000
685	935
107	958
905	938
46	719
748	991
495	545
343	942
884	1000
493	886
358	432
220	956
344	497
342	838
669	967
474	728
873	999
606	884
23	563
158	199
5	923
569	965
844	941
696	777
632	792
728	729
865	1000
617	669
157	913
74	915
523	970
214	629
747	900
170	559
404	497
156	395
617	790
474	970
532	911
592	962
633	734
812	965
335	811
30	929
585	959
579	619
777	900
670	737
45	685
821	906
50	800
251	790
900	970
941	971
379	975
291	862
673	927
152	932
17	744
848	901
132	172
279	865
380	917
264	476
589	798
682	989
38	924
423	994
87	816
159	167
665	756
832	933
637	694
442	455
707	938
416	991
457	992
490	940
572	750
952	971
630	920
487	871
445	874
49	416
801	923
820	936
586	769
295	822
415	887
40	946
71	296
741	764
314	956
952	984
556	984
239	782
583	592
863	875
132	427
271	1000
852	982
463	941
655	882
125	653
350	771
484	1000
878	890
778	952
456	901
440	893
643	764
896	944
982	984
197	906
217	592
692	885
852	874
141	782
623	785
516	659
507	839
446	829
680	767
234	946
65	908
51	973
467	659
747	942
644	965
165	967
321	955
256	331
770	781
613	834
714	886
263	721
282	734
199	965
419	968
763	778
212	904
430	605
294	973
872	950
324	852
122	866
225	321
689	950
400	847
4	847
419	860
909	953
666	966
124	683
619	625
839	894
603	617
16	857
580	899
277	861
516	914
230	557
39	989
730	843
532	858
298	691
89	517
335	987
913	964
434	966
434	737
645	920
552	692
268	933
331	989
633	802
407	984
66	691
346	974
962	977
514	558
786	980
15	874
502	992
656	907
563	679
265	756
466	746
584	738
814	971
640	818
373	703
827	910
596	977
436	759
255	684
152	1000
466	638
663	923
608	987
341	872
575	810
258	874
767	980
843	975
499	936
493	862
961	967
878	932
341	993
897	982
225	818
478	998
868	924
463	875
530	636
320	826
732	999
212	475
28	654
470	999
905	927
588	991
151	724
541	650
835	868
926	986
577	603
604	706
898	924
493	875
801	991
718	993
726	817
762	999
421	706
440	719
385	783
549	891
623	840
750	881
972	994
842	884
694	720
551	937
102	845
410	961
451	999
518	760
5	912
426	942
665	958
488	773
91	319
440	961
443	478
622	709
357	963
305	773
766	902
475	955
851	946
78	730
367	604
312	668
437	848
344	620
583	902
803	905
458	907
24	386
442	899
939	951
534	902
17	612
96	905
724	733
302	744
178	974
302	515
733	967
20	802
661	798
270	913
611	977
485	609
182	571
710	956
729	969
825	906
839	841
949	972
291	743
387	680
846	965
601	905
721	970
834	847
297	908
232	284
85	988
319	926
520	916
937	975
21	451
174	464
688	914
397	967
853	981
228	929
603	806
809	911
112	754
234	451
286	641
700	924
472	508
100	865
526	744
111	236
406	827
101	945
156	652
362	986
18	947
133	934
301	518
92	344
171	637
262	526
753	992
505	927
475	755
586	1000
498	887
410	545
280	701
660	922
157	715
933	936
363	820
253	948
140	253
439	815
527	662
852	984
57	484
348	956
86	956
507	949
562	656
597	879
137	894
560	997
81	962
637	951
708	831
639	997
212	664
28	843
451	946
93	972
473	964
402	495
646	892
539	766
2	790
272	422
678	844
750	949
342	895
115	438
328	960
884	949
708	723
638	893
335	855
522	718
379	898
590	852
648	793
9	843
666	847
611	911
793	888
12	94
826	836
932	966
89	277
302	799
723	829
530	959
48	919
515	799
620	852
881	893
248	980
41	916
858	909
536	858
541	973
756	898
742	963
387	506
170	508
612	624
837	971
347	555
366	568
295	624
195	686
916	971
76	994
318	793
151	350
386	927
587	917
397	793
489	796
126	707
781	904
538	917
753	805
362	691
205	973
675	922
320	694
399	987
122	184
894	966
602	794
855	974
189	884
385	530
772	976
887	926
804	928
466	640
490	997
101	892
546	754
758	933
945	988
351	515
463	756
661	1000
292	874
204	761
245	533
878	934
520	997
49	594
475	931
122	547
246	879
631	690
774	998
908	998
713	759
391	708
451	759
267	938
597	813
905	929
299	890
156	841
917	939
428	482
938	998
690	896
743	988
137	949
660	990
472	939
255	941
766	891
750	883
18	439
270	431
486	958
333	487
324	896
665	960
838	888
301	949
259	952
634	829
606	996
465	791
451	893
399	437
118	912
151	860
71	608
453	673
585	829
230	601
538	717
648	848
92	667
504	840
319	794
305	896
90	742
659	899
387	440
428	966
636	915
615	792
633	846
144	160
709	841
346	789
84	789
934	959
299	448
804	849
531	727
116	448
527	985
599	861
337	861
46	160
450	738
367	740
922	962
705	964
80	646
811	865
360	929
814	907
714	969
492	856
915	959
593	908
10	587
207	872
188	630
97	1000
563	736
296	392
697	736
895	980
719	983
172	356
531	969
223	816
751	972
911	961
503	870
718	795
437	516
566	926
725	919
436	816
582	870
683	693
283	988
171	518
429	813
503	762
883	983
506	996
621	983
602	741
693	859
114	886
329	811
752	914
130	638
806	921
776	978
588	927
13	467
574	763
288	931
799	881
563	870
380	934
567	989
107	775
382	714
817	871
137	883
321	475
794	924
546	822
711	889
530	585
521	994
595	943
442	472
870	882
171	881
658	999
831	927
951	992
954	997
720	830
706	932
81	843
24	309
26	907
783	886
912	1000
180	822
156	199
722	876
768	992
759	943
555	884
63	947
863	1000
44	668
527	785
687	774
921	941
72	915
395	602
652	938
35	969
525	833
714	769
617	836
648	903
185	913
348	382
243	854
840	881
17	548
558	902
57	620
122	978
879	957
576	956
851	895
923	1000
55	924
380	492
564	838
58	212
495	967
517	726
333	905
369	562
846	901
717	787
529	965
64	865
821	844
564	959
580	903
962	968
387	508
860	957
879	970
18	870
496	909
670	796
837	973
138	972
224	746
578	978
316	978
218	406
619	750
56	115
336	398
341	742
131	932
874	976
612	976
827	901
832	979
758	801
890	957
482	866
77	817
289	996
429	747
962	981
483	983
524	984
862	979
760	968
359	624
256	940
397	916
619	992
503	817
630	858
377	412
753	928
282	296
778	877
368	979
547	981
695	879
165	650
421	576
560	920
1	956
885	976
307	999
642	989
12	822
623	710
917	928
58	938
194	304
760	981
433	586
383	994
639	920
713	869
768	805
322	984
28	537
377	654
957	1000
896	990
334	994
774	1000
567	936
873	979
644	890
196	471
542	879
690	777
32	777
329	1000
458	656
843	992
342	710
521	941
326	702
919	987
611	834
256	377
421	710
963	993
829	949
474	721
735	762
308	954
789	998
687	950
659	888
824	955
631	826
939	942
629	716
837	894
622	713
393	890
319	675
599	958
814	883
189	565
309	896
736	963
435	971
550	958
3	331
25	844
803	909
608	670
525	901
645	966
409	955
20	914
502	917
689	780
721	961
858	966
622	955
770	853
608	791
492	616
230	845
571	909
156	630
717	963
656	724
413	966
531	958
435	984
242	855
682	861
869	953
888	966
901	905
408	743
210	987
143	997
325	745
633	861
707	810
471	799
366	517
416	863
283	748
457	635
571	904
503	751
167	802
520	920
57	930
827	848
598	988
362	748
207	874
672	910
154	984
572	743
709	977
910	967
552	993
712	982
16	232
587	987
628	988
755	800
966	983
317	574
745	755
555	631
734	862
959	980
852	854
237	995
278	767
221	233
295	936
732	937
773	975
704	875
597	749
528	878
10	952
294	482
431	716
458	819
829	991
47	955
396	880
234	818
280	934
335	604
641	647
720	940
764	983
444	776
227	549
636	717
438	998
512	947
680	760
776	993
817	994
454	942
588	942
662	891
440	778
789	932
365	604
477	845
664	937
516	773
157	840
353	486
382	958
160	845
247	999
558	891
346	483
819	932
585	765
636	959
703	720
870	897
147	502
116	960
754	951
565	786
504	776
638	776
550	663
756	997
849	959
701	832
659	835
469	674
510	712
909	946
842	956
293	448
680	894
143	918
624	962
434	838
508	787
57	851
728	790
516	907
192	258
455	897
6	805
675	900
95	96
592	902
320	443
633	674
757	969
228	854
351	961
492	900
833	964
406	631
48	923
821	846
69	982
784	964
200	913
828	970
365	980
298	926
358	977
788	790
853	919
526	561
672	844
603	744
52	870
916	975
415	693
186	870
346	859
709	911
957	976
98	757
373	696
285	354
343	790
307	867
312	982
697	793
554	744
158	744
581	847
490	988
519	642
161	934
252	527
147	999
802	967
12	811
265	991
719	932
512	868
369	819
181	768
695	989
910	914
65	593
385	534
426	572
899	984
200	229
394	997
153	642
535	744
350	927
45	62
690	766
621	932
665	938
739	924
35	542
7	709
246	991
676	989
836	941
896	992
574	712
753	943
868	930
486	599
169	892
857	1000
972	987
72	959
483	530
424	889
160	779
671	766
757	769
225	945
604	941
461	892
307	425
201	938
349	836
583	774
256	379
32	900
338	943
775	944
122	793
972	1000
284	828
633	716
131	734
43	621
939	944
326	717
174	323
36	618
41	962
812	839
622	944
715	906
558	959
833	898
53	972
31	395
564	895
729	962
888	955
420	621
263	903
860	893
106	919
431	450
191	734
740	976
485	723
61	395
649	794
594	858
599	973
728	858
84	793
106	811
6	873
463	560
895	971
301	498
812	973
306	347
127	870
374	976
489	963
589	901
594	979
33	454
681	904
841	856
249	981
142	626
545	979
311	812
283	979
765	982
732	805
797	971
640	987
63	683
175	924
276	976
436	699
477	700
895	984
91	930
554	691
3	817
741	746
834	974
154	986
295	925
584	799
765	874
126	887
74	468
201	509
382	584
456	533
127	294
609	977
807	992
452	764
443	981
454	810
225	987
371	812
739	979
692	867
752	918
348	828
563	753
287	818
75	935
801	810
551	864
314	951
878	993
795	995
734	985
431	947
472	985
491	998
581	928
755	815
787	996
570	998
224	361
652	808
123	952
835	929
940	982
870	886
726	878
671	942
435	665
35	960
150	947
117	770
530	939
276	305
288	359
620	832
685	998
726	999
845	950
468	1000
110	501
564	937
5	973
81	968
112	318
318	652
323	730
703	722
432	673
812	894
144	206
393	947
401	542
6	915
610	652
41	909
297	606
522	953
736	912
37	911
936	943
99	971
682	797
319	745
186	859
79	504
263	850
587	910
69	984
251	961
319	866
272	791
580	907
276	910
601	966
422	735
339	929
614	905
774	857
779	972
894	959
695	978
676	736
855	967
459	738
887	919
651	908
615	985
353	985
691	980
603	867
84	982
593	859
598	937
158	867
655	919
452	819
875	922
584	975
575	926
957	991
17	110
55	365
371	867
632	642
637	986
164	308
260	770
609	924
683	873
345	585
861	879
387	996
473	999
523	591
968	978
505	988
563	929
394	891
540	945
479	935
732	886
859	927
253	888
541	766
835	984
453	653
525	529
347	937
562	825
636	774
956	981
185	838
782	828
148	956
528	948
789	989
321	655
393	760
720	889
324	660
604	943
623	956
174	312
652	876
41	722
674	894
252	905
365	782
65	261
139	964
736	954
956	994
56	966
768	943
694	728
143	854
187	897
397	478
266	961
302	618
352	964
233	784
797	826
949	954
120	843
636	908
565	964
702	710
638	954
812	841
677	882
715	908
178	969
902	1000
340	967
155	433
298	970
513	895
760	772
108	617
132	974
569	975
190	390
527	978
728	968
103	916
786	909
598	858
1	639
837	911
143	988
399	914
839	957
696	908
424	449
603	680
723	782
785	842
329	562
413	970
361	514
256	757
825	914
186	927
179	510
602	613
115	983
188	973
904	914
802	903
136	288
755	791
559	916
466	688
655	853
760	906
774	804
922	968
765	984
811	871
594	873
82	927
216	927
379	396
596	919
876	973
67	575
48	296
908	925
94	937
484	863
470	928
253	930
533	755
794	796
887	987
664	686
658	871
685	974
234	809
896	928
808	815
747	805
389	868
260	717
829	874
204	822
245	823
419	710
181	838
776	984
310	659
296	761
389	989
801	933
185	664
424	946
680	872
845	939
905	990
542	938
522	700
701	931
720	944
604	769
29	538
460	761
446	597
740	778
743	820
172	967
645	662
824	893
229	949
666	950
3	377
541	955
921	947
538	657
851	888
450	544
488	836
463	483
798	998
118	973
715	963
200	783
219	796
217	723
43	570
92	957
400	844
735	834
205	605
339	568
624	966
911	996
369	447
11	739
682	907
365	971
714	896
43	691
332	565
573	856
22	753
273	335
434	963
556	660
453	976
312	973
441	858
802	837
705	904
589	729
98	869
406	985
695	859
579	684
417	622
656	904
821	971
559	971
600	972
22	995
176	681
262	684
897	966
341	748
649	864
459	969
874	982
151	587
500	741
461	520
653	690
283	928
820	867
11	994
759	857
84	984
299	872
681	974
445	926
390	990
901	977
288	979
618	625
549	754
391	582
630	864
74	646
877	970
63	753
389	923
475	926
727	918
537	757
308	934
437	819
643	924
440	824
426	926
808	991
968	980
987	993
40	890
525	639
241	651
590	768
722	924
254	590
171	821
419	657
102	950
443	462
352	832
285	842
30	552
21	998
838	991
53	950
423	483
755	993
713	996
745	948
270	426
583	886
27	668
44	608
164	673
180	883
736	835
502	668
735	876
699	953
569	843
770	833
233	894
742	771
953	954
469	612
611	961
191	375
135	443
28	88
888	946
179	257
208	958
543	948
400	899
656	825
518	891
941	957
121	666
85	743
539	950
222	977
733	964
139	979
216	674
372	958
69	920
210	859
812	964
886	913
139	161
182	797
415	739
797	841
860	897
183	618
763	964
95	505
293	749
881	956
344	980
25	971
792	847
682	975
635	900
25	153
338	384
357	397
334	908
174	690
199	454
223	811
572	965
952	957
704	855
887	976
307	926
427	991
408	749
210	993
619	932
686	693
765	986
517	921
966	976
314	821
24	988
389	857
876	975
394	935
719	991
457	991
195	991
910	973
753	989
38	226
250	405
375	814
70	932
586	997
405	693
966	989
162	935
281	886
162	706
341	937
621	991
373	889
137	878
211	827
156	891
197	892
555	637
582	999
67	819
213	873
529	584
658	994
247	871
588	935
445	886
546	938
871	994
650	995
433	997
424	948
498	897
532	710
685	989
289	723
836	892
646	997
981	987
477	959
777	928
224	715
914	933
55	677
569	898
324	838
48	903
356	790
821	826
751	767
701	946
585	1000
879	952
307	726
105	777
34	79
559	718
366	552
932	963
214	683
698	998
459	487
504	903
624	968
737	845
11	741
379	908
401	667
860	952
235	863
818	955
307	739
515	917
955	960
916	968
277	981
874	971
165	511
693	896
304	855
931	953
848	955
540	573
690	746
148	463
920	979
683	743
282	399
614	909
223	987
820	977
138	391
957	982
112	927
406	879
748	845
679	974
813	974
142	806
123	527
389	912
75	981
345	576
767	979
192	519
926	972
265	997
581	974
600	987
204	987
815	875
820	990
262	699
674	872
351	633
141	823
581	866
331	654
215	479
252	775
238	877
202	954
539	576
604	934
824	937
388	528
481	490
546	885
618	990
136	721
222	724
731	867
972	993
851	932
562	829
70	892
956	985
534	996
430	646
46	949
599	832
291	716
337	832
645	719
736	837
722	939
837	889
205	420
523	958
160	906
559	652
784	999
550	832
558	952
525	775
474	958
212	958
353	439
485	595
132	965
770	956
990	996
2	855
62	906
227	973
612	784
557	848
450	493
568	714
724	961
520	902
649	787
33	326
538	956
511	853
356	979
