772	894
717	958
474	971
237	735
498	510
663	843
503	625
346	907
828	910
676	782
804	967
501	966
210	982
941	972
781	956
698	958
557	982
276	969
730	910
339	988
614	964
489	969
547	910
533	975
822	849
841	862
290	988
343	851
785	967
87	107
686	695
584	684
229	456
396	633
583	688
836	868
841	983
408	872
810	852
655	978
116	929
713	919
658	983
952	972
616	757
514	975
748	913
607	937
646	865
319	470
665	878
26	891
664	919
711	765
727	975
149	998
424	937
606	685
465	709
88	759
267	990
17	290
836	881
643	752
896	932
674	819
238	932
579	996
627	744
563	988
259	991
870	879
787	881
873	921
537	706
93	958
110	373
338	991
305	814
954	994
650	997
810	986
130	998
419	835
50	709
344	661
300	362
2	668
764	991
103	720
571	596
636	954
900	1000
726	884
490	607
729	889
715	954
742	828
351	943
48	905
631	997
414	999
4	606
28	963
592	776
564	943
583	956
159	894
668	1000
814	825
700	952
681	710
323	736
404	432
395	841
617	954
717	892
515	906
372	894
754	959
55	921
605	836
830	954
828	844
695	729
907	908
700	844
304	844
376	720
610	658
477	506
909	954
325	903
204	613
267	669
520	849
828	965
566	965
681	952
698	892
598	917
596	615
802	949
243	985
572	901
767	847
660	721
82	744
118	172
785	901
293	698
110	991
3	865
419	514
388	972
101	878
82	636
441	983
769	785
499	924
140	991
468	793
561	984
813	976
389	914
334	978
683	866
774	984
479	578
643	686
968	971
505	981
66	116
799	933
535	860
394	884
34	578
359	863
322	981
238	987
104	529
752	979
771	992
241	763
375	992
972	982
669	944
815	998
741	820
345	820
501	579
418	810
905	928
454	992
127	597
342	936
538	582
259	938
42	940
624	770
830	875
849	888
921	993
282	777
956	987
190	959
430	877
845	890
844	931
407	664
269	959
580	592
805	939
404	595
483	888
139	849
1	390
54	482
284	944
826	998
193	331
960	998
858	950
44	962
302	503
131	621
833	893
249	613
601	772
694	963
193	452
31	390
812	955
784	893
200	842
117	844
860	888
137	493
105	955
716	843
721	958
941	961
316	909
297	667
858	963
25	962
374	850
816	966
198	624
874	907
161	742
505	552
684	783
16	95
59	731
312	911
482	797
642	786
834	956
512	676
283	853
223	573
770	971
369	627
396	730
809	899
594	745
695	797
235	812
661	920
394	805
922	961
144	630
267	737
415	635
327	522
132	512
459	678
832	923
436	923
918	963
389	848
274	632
480	966
292	915
556	732
91	107
712	979
137	748
304	925
445	864
431	700
417	802
670	982
771	805
663	979
487	982
662	754
841	985
2	415
604	749
917	980
227	533
722	741
910	977
3	7
560	864
338	751
766	932
274	995
112	179
521	872
378	823
634	749
768	978
861	940
9	697
487	995
333	528
489	516
250	759
838	929
122	722
189	254
722	983
507	829
856	983
840	975
565	770
817	991
569	889
808	942
558	996
360	486
747	932
475	998
750	937
516	770
460	875
928	943
735	814
905	996
946	997
481	897
728	774
446	832
518	937
344	784
481	789
935	996
444	907
529	951
548	964
288	367
69	966
303	904
418	891
305	950
65	214
491	551
474	907
601	948
661	962
334	604
694	910
482	502
289	861
812	902
833	961
695	731
71	86
697	777
265	854
647	956
628	677
559	843
886	972
311	741
209	959
195	795
107	682
602	661
901	957
44	104
205	961
718	728
57	982
225	795
566	859
804	916
716	803
81	292
691	975
157	287
778	863
201	559
514	790
786	983
32	521
862	978
399	988
576	621
120	341
19	932
519	989
734	914
574	696
216	988
660	736
899	981
764	793
664	855
683	868
741	809
75	985
548	643
908	986
639	798
473	994
505	983
458	871
576	863
856	917
801	981
611	820
440	938
51	897
679	991
305	750
618	981
747	866
475	932
34	701
158	996
529	643
391	938
638	815
416	473
756	807
632	1000
665	948
747	987
186	425
967	990
244	366
328	774
629	702
518	871
858	939
879	998
645	831
185	846
4	542
27	903
654	772
907	952
733	836
225	366
865	992
939	941
386	957
657	962
424	431
589	764
314	559
641	954
816	955
902	995
635	651
833	895
318	715
298	965
867	893
760	767
927	944
308	377
390	446
818	893
207	739
320	616
485	949
737	904
57	916
781	947
225	500
464	782
560	719
255	608
298	978
746	845
154	970
228	919
66	857
410	630
162	565
487	850
184	849
313	734
450	968
887	969
362	855
651	729
904	909
807	976
573	809
685	727
561	920
313	855
165	691
855	909
794	899
381	989
530	560
499	981
688	917
361	522
643	851
533	979
371	917
261	291
159	509
338	740
491	982
123	586
785	971
40	817
692	743
530	681
581	912
433	748
567	977
686	928
18	240
28	699
267	981
124	407
74	815
616	869
561	933
841	987
789	797
95	645
442	689
653	872
606	797
312	350
148	885
523	762
456	772
542	812
220	761
514	979
951	980
646	869
539	743
747	921
35	715
764	861
213	987
727	979
147	367
551	982
845	934
924	998
354	882
844	975
555	872
137	884
627	748
720	939
121	122
66	186
296	877
359	933
553	947
680	988
798	980
146	825
569	891
206	839
830	932
599	770
733	770
810	990
309	708
488	939
518	818
641	888
104	949
775	888
434	595
921	942
777	934
598	666
207	781
840	990
721	773
913	943
932	956
42	192
814	937
714	999
640	784
409	888
106	850
23	852
825	951
11	963
314	735
448	735
869	994
387	725
368	483
700	956
920	959
371	488
596	835
152	858
279	899
790	849
614	889
894	943
677	945
693	889
712	902
890	945
749	969
790	970
950	959
746	900
943	956
542	612
84	966
82	856
298	925
719	918
820	970
575	910
198	923
492	912
392	974
827	902
491	916
477	523
783	795
342	564
889	962
163	858
691	977
589	966
167	977
809	969
616	803
695	867
767	972
674	744
304	982
546	744
577	811
558	569
530	736
86	759
175	279
636	637
875	919
116	867
713	857
410	819
451	857
418	680
360	998
239	937
877	965
588	862
519	762
563	805
972	973
53	703
595	757
774	988
204	872
861	876
33	990
882	935
505	985
926	978
838	865
153	762
166	701
460	690
658	934
840	911
674	878
11	534
365	537
590	884
428	822
414	695
713	991
14	953
925	995
345	945
155	296
754	884
377	897
55	617
440	953
963	994
756	930
80	381
902	984
150	891
57	663
126	268
420	486
411	666
650	948
51	94
689	876
529	658
4	773
661	777
702	815
666	892
726	943
738	997
886	895
872	997
490	666
214	731
797	823
250	950
847	940
888	941
131	733
332	723
544	902
800	828
230	712
20	902
92	778
474	843
559	658
233	902
429	548
286	499
915	936
120	961
936	995
12	610
380	777
191	612
499	728
61	502
85	859
395	792
703	908
45	908
463	667
265	911
298	859
862	901
688	785
941	965
457	852
228	800
368	780
640	973
318	959
354	616
800	962
357	392
744	801
716	968
895	970
848	895
55	993
295	911
639	721
630	901
396	734
239	750
827	957
82	803
100	857
683	912
401	970
542	680
275	565
215	285
877	899
381	991
366	868
639	734
773	963
625	799
313	978
910	968
500	804
725	922
141	871
310	414
669	990
581	914
861	931
484	981
759	920
79	932
426	976
729	748
882	990
835	915
899	930
678	931
958	985
461	704
669	882
636	705
567	871
6	309
773	976
47	835
643	866
421	753
588	930
951	982
118	486
954	987
16	704
852	976
711	1000
764	863
796	815
400	815
787	995
28	943
279	525
391	766
759	933
5	959
132	771
421	645
764	984
879	934
488	820
345	1000
331	836
840	979
551	876
418	990
256	662
784	818
803	831
379	769
847	874
310	669
617	826
221	826
689	931
629	651
345	892
587	654
163	363
930	993
508	775
761	955
733	893
282	957
612	832
450	541
307	721
548	847
23	962
413	888
251	826
707	840
160	967
70	256
673	963
874	953
846	891
6	914
610	651
890	934
91	729
289	973
261	911
825	953
869	996
602	652
225	665
901	948
813	835
684	721
811	910
332	912
478	966
767	840
612	966
183	560
790	972
52	979
79	853
643	666
87	973
384	671
422	963
100	912
619	982
248	517
662	800
679	740
257	751
780	792
771	972
408	920
174	753
227	579
889	964
311	987
727	902
359	506
190	697
505	974
780	913
436	874
153	751
265	992
856	908
488	512
567	805
176	920
718	974
322	974
878	926
234	861
776	915
454	864
836	929
500	980
412	867
868	918
252	649
530	859
595	988
89	887
75	989
861	878
685	918
588	985
789	975
664	980
543	690
28	998
243	657
330	811
803	994
836	942
63	992
197	955
49	828
319	652
439	983
761	768
475	936
511	593
318	464
222	490
634	929
975	993
601	752
133	418
102	839
974	997
826	870
251	639
504	590
891	999
550	706
99	770
819	867
356	840
777	870
418	937
127	724
495	891
261	724
622	932
599	948
714	935
136	958
337	948
411	897
700	771
731	875
557	722
207	609
735	994
229	893
172	322
215	958
330	945
946	948
173	961
575	712
43	851
425	953
547	650
221	894
240	907
629	719
343	362
81	325
215	850
545	725
443	943
517	892
944	996
985	997
374	843
29	845
612	900
538	722
380	779
485	832
154	961
517	784
911	940
374	964
663	838
575	725
203	853
506	625
21	553
752	772
642	900
582	620
941	967
811	857
883	962
459	900
423	977
197	634
119	980
691	913
765	862
806	900
410	634
341	800
594	980
170	918
552	983
598	870
293	988
769	954
494	749
480	851
595	801
75	802
658	857
336	806
792	857
93	819
896	914
674	801
899	919
530	564
581	795
46	636
247	626
76	478
291	403
246	926
843	916
245	930
947	973
859	860
502	707
708	812
152	594
570	878
878	994
872	920
352	884
462	527
81	835
566	584
562	879
870	995
185	892
23	830
138	817
694	769
969	974
657	887
508	764
632	830
981	984
824	1000
923	979
601	699
914	930
393	935
522	820
527	898
453	720
700	826
645	890
573	721
215	784
127	900
677	815
481	903
439	943
921	946
76	854
814	820
920	950
353	839
812	895
853	896
916	952
668	887
156	675
395	957
118	154
785	883
609	657
624	965
443	890
591	788
286	906
828	960
869	998
681	947
122	983
758	901
307	736
936	944
210	803
111	272
503	796
162	503
225	788
127	216
593	955
175	967
63	497
371	613
582	796
311	976
144	570
892	958
825	968
649	971
406	984
170	973
640	922
679	850
579	912
384	673
482	979
320	917
466	971
834	909
776	904
110	289
216	981
755	966
686	866
746	917
831	961
31	117
597	794
68	938
885	968
463	979
582	930
623	931
838	856
394	879
755	858
259	920
600	984
732	874
644	990
74	874
836	931
51	890
388	512
660	971
546	869
417	984
29	579
170	289
433	928
312	638
653	702
473	1000
321	872
183	938
706	979
115	245
199	882
359	871
424	1000
23	656
537	877
275	877
743	982
354	941
352	831
835	985
356	721
736	942
377	780
738	988
72	144
324	890
833	996
409	705
823	988
858	945
696	883
425	834
819	990
629	829
648	842
73	611
109	305
133	662
312	893
334	652
515	727
293	385
333	952
687	955
828	894
698	821
73	732
288	657
670	722
78	847
793	829
297	891
880	946
423	966
15	912
137	380
21	434
716	959
790	908
936	999
163	783
751	953
374	966
9	316
616	728
728	969
910	946
103	917
478	794
151	399
87	909
670	964
637	787
408	964
705	958
663	961
341	910
415	859
776	838
299	684
49	509
431	574
697	959
535	897
655	733
457	977
551	612
597	728
671	677
253	689
841	859
156	756
125	625
586	983
168	995
245	690
283	982
484	972
317	566
704	975
470	808
487	977
220	633
734	854
940	959
301	972
595	924
249	287
438	977
171	862
204	810
33	928
726	855
327	880
720	811
269	875
255	977
659	801
903	932
259	867
856	857
699	873
281	885
666	696
762	929
662	991
481	650
775	868
958	989
810	862
689	801
942	981
534	927
680	981
914	919
413	637
798	973
951	986
192	934
622	747
178	770
673	712
516	994
543	868
166	881
689	693
782	884
405	934
823	922
513	696
231	781
726	989
449	940
517	586
384	996
342	999
939	989
684	699
763	992
837	941
881	984
798	986
314	378
520	712
511	892
249	892
59	768
501	884
97	794
928	951
721	887
499	774
407	956
541	956
525	948
423	900
101	620
749	841
694	905
881	997
746	772
737	952
30	861
888	892
471	725
283	903
952	998
448	970
869	1000
198	795
365	972
566	962
354	554
593	836
753	788
3	970
619	973
727	772
672	836
853	911
718	952
214	924
341	736
129	328
277	980
982	998
151	346
610	897
436	973
832	973
931	952
370	390
466	623
75	738
512	739
658	793
151	467
371	736
288	967
623	691
554	857
134	271
231	581
181	989
465	519
792	914
957	981
373	930
271	919
319	401
665	809
269	580
563	798
375	976
428	573
815	982
419	753
295	983
501	563
861	869
748	965
863	915
838	858
26	714
595	871
543	681
903	987
815	874
584	978
317	863
481	705
613	861
329	873
852	914
511	584
731	853
534	753
294	771
486	941
153	768
884	987
925	988
450	466
667	989
782	939
634	812
842	990
928	993
881	918
960	982
726	815
784	985
321	995
296	938
442	992
956	984
666	885
377	782
430	874
654	767
236	779
332	487
193	557
353	546
201	943
195	603
608	772
635	875
46	251
161	726
615	896
675	947
372	946
270	898
8	898
39	211
283	837
116	431
930	944
415	498
814	998
929	948
79	549
712	950
552	732
821	893
182	906
677	885
99	908
85	973
709	837
640	966
800	955
758	958
339	974
246	554
380	783
295	675
179	729
679	786
257	797
237	855
773	835
561	686
896	905
285	751
739	958
496	971
320	974
573	925
892	907
970	975
808	913
491	977
147	938
389	966
752	789
370	458
631	728
843	907
727	961
746	974
138	566
88	974
281	874
432	518
294	584
555	854
192	802
445	982
822	969
665	985
546	805
940	961
692	859
20	695
414	851
479	980
364	764
18	127
836	988
674	926
706	915
810	972
884	921
452	998
699	875
191	405
41	875
757	816
177	241
324	934
761	935
425	757
585	746
838	926
534	929
854	870
592	870
724	760
421	759
536	709
503	532
355	405
976	981
558	993
747	929
277	714
604	880
953	997
824	883
507	947
928	940
680	875
564	929
330	762
366	419
545	650
536	830
184	644
617	940
123	139
474	891
430	821
812	886
416	886
495	950
976	994
401	763
874	946
51	384
925	948
221	832
340	783
22	851
96	837
927	994
173	791
373	556
901	941
483	953
502	966
161	673
818	943
496	663
237	897
311	617
520	956
272	891
308	548
828	843
547	830
277	969
869	881
411	969
626	894
285	564
716	787
26	340
344	915
908	957
911	999
52	743
186	972
382	618
943	951
184	899
602	658
841	903
920	967
739	892
276	902
164	395
422	956
45	969
563	666
77	921
256	923
199	389
402	977
166	212
718	954
676	957
982	1000
244	805
588	615
174	975
81	518
273	688
77	813
306	636
773	782
189	990
128	980
725	970
857	860
158	859
581	962
567	798
190	811
584	967
372	559
74	865
468	792
794	962
549	865
535	967
783	803
287	865
177	993
889	970
345	577
639	795
644	873
704	924
597	798
371	980
720	868
269	932
403	932
444	704
838	860
884	976
287	757
565	701
963	976
242	462
238	986
849	874
472	924
742	748
766	876
731	855
595	994
455	691
400	755
768	922
854	925
592	925
316	761
546	994
539	806
948	974
659	871
750	989
23	660
707	767
523	946
220	945
622	925
173	833
217	876
511	828
258	419
469	831
738	992
476	992
261	838
825	880
522	879
916	998
816	831
700	885
189	669
543	938
617	887
890	982
50	776
347	474
89	438
297	653
723	990
434	887
194	905
758	947
68	500
790	899
110	911
58	492
33	664
508	957
612	785
598	850
386	967
427	968
427	739
200	962
506	968
580	954
327	508
318	954
225	726
874	906
651	834
417	667
563	721
444	504
697	721
848	890
180	202
561	796
762	786
695	796
422	903
427	981
461	565
807	973
686	912
166	388
181	925
602	955
65	750
560	958
665	974
343	960
609	850
278	979
149	865
778	807
280	796
137	976
607	925
560	850
623	869
787	977
699	864
905	969
294	815
261	638
403	987
186	235
310	530
409	509
655	979
446	805
83	753
479	753
773	971
726	859
817	977
495	697
211	938
701	802
291	409
604	869
623	882
787	990
501	633
229	928
726	980
745	993
835	923
866	990
544	939
2	656
879	929
824	993
139	890
791	816
923	972
317	933
262	997
702	744
872	926
710	864
550	646
71	877
849	942
976	983
893	985
309	934
592	993
826	931
325	649
330	993
289	726
803	947
723	924
742	937
847	990
626	991
818	932
183	421
86	488
591	889
94	608
118	965
57	726
277	729
571	947
791	950
238	249
279	775
77	789
751	999
589	937
85	909
489	770
520	837
561	609
257	383
779	953
99	965
751	891
448	853
52	853
36	91
160	386
781	999
10	627
679	722
1	807
848	945
270	968
311	969
719	794
691	961
672	719
179	557
8	150
660	830
472	779
7	450
719	915
56	571
195	915
919	946
778	970
831	833
387	856
813	964
688	969
686	859
801	846
284	327
382	862
690	749
435	459
734	792
439	615
370	515
609	797
120	569
667	967
264	991
345	687
262	918
500	975
137	923
211	872
197	937
541	747
618	967
420	457
595	983
447	856
829	921
553	986
201	800
965	967
808	983
673	758
315	821
838	862
601	626
861	994
738	860
127	706
237	349
817	924
440	937
200	696
541	760
126	252
796	986
870	935
378	998
1	257
460	808
451	988
537	991
148	950
234	990
724	817
116	180
849	997
219	830
907	938
194	773
529	763
708	994
620	881
229	996
881	922
160	896
292	527
583	999
392	650
557	946
955	992
927	930
710	932
333	945
869	925
373	492
483	889
992	995
155	535
702	933
821	884
807	949
36	843
622	940
663	941
811	839
797	941
785	823
802	992
936	992
535	648
834	944
72	392
416	956
531	943
572	944
608	897
360	795
869	938
931	998
482	906
168	975
302	975
503	965
776	831
506	970
24	738
275	320
538	959
35	567
515	975
91	913
526	841
218	688
135	919
417	790
274	970
843	898
746	965
820	914
966	968
732	801
107	978
924	971
160	575
68	986
339	991
446	565
699	745
358	452
831	901
368	911
795	978
46	860
354	976
60	529
192	914
321	799
646	855
104	572
109	916
650	974
15	234
653	750
28	927
966	981
551	739
65	994
13	804
280	919
569	756
822	973
574	871
183	986
398	874
351	799
692	863
29	519
208	750
364	997
875	984
281	999
191	288
745	874
294	938
817	979
528	876
747	920
631	974
698	735
669	1000
606	917
102	889
886	934
90	1000
360	595
337	877
208	763
309	815
923	974
689	807
840	976
647	810
284	758
652	925
707	824
738	928
435	890
932	942
99	941
406	603
492	643
631	987
240	836
441	826
854	995
688	703
485	640
550	998
209	705
462	885
858	885
302	667
911	977
668	990
360	608
365	952
818	934
23	959
397	877
397	648
756	995
448	842
203	782
32	375
918	993
376	710
876	996
513	944
788	883
848	934
108	895
94	960
383	834
388	949
911	990
391	429
470	722
809	942
181	619
869	993
43	914
827	996
235	855
54	780
885	937
422	947
596	834
482	961
563	657
683	722
237	901
163	723
416	903
218	393
424	498
874	963
31	688
774	961
526	896
533	791
885	950
342	671
380	963
232	799
289	515
127	224
269	802
384	789
618	727
158	971
172	640
126	938
468	904
220	802
280	853
299	866
301	912
370	517
364	931
138	625
181	995
373	936
574	926
692	918
310	587
475	920
764	794
535	971
53	702
451	977
687	924
319	528
664	977
731	738
249	698
282	646
240	649
197	952
849	878
439	980
921	983
150	877
241	995
53	944
791	873
557	706
15	423
870	937
648	824
708	875
615	647
812	932
531	690
94	652
527	948
356	837
656	806
73	485
430	988
60	960
232	249
333	826
536	660
830	878
448	547
101	668
684	760
6	845
78	950
496	709
40	429
315	368
807	830
600	766
913	997
948	991
906	994
106	904
513	999
702	935
89	671
278	378
603	663
410	497
420	956
654	894
566	781
390	784
598	962
510	886
17	953
375	432
760	997
457	730
737	784
286	848
363	543
313	951
869	940
24	848
827	943
249	966
973	997
114	741
581	887
526	951
672	776
33	789
336	561
341	905
704	728
253	792
473	795
855	897
266	502
794	887
235	923
697	954
755	895
139	397
892	900
308	849
910	954
505	905
546	906
238	561
213	733
361	631
543	608
130	964
669	747
14	752
5	703
882	976
467	505
940	954
180	677
856	960
400	680
534	680
102	757
303	518
165	813
747	909
141	870
884	914
359	800
89	939
432	524
905	973
500	924
445	988
541	696
665	991
720	927
227	994
879	920
939	971
510	565
636	704
565	760
336	937
513	570
358	696
757	930
550	866
951	981
555	981
49	880
824	876
777	801
629	637
216	239
284	868
499	527
177	476
710	747
173	771
863	989
902	917
539	865
544	943
604	994
497	868
134	816
648	1000
469	540
534	935
675	874
694	887
738	930
453	946
934	990
557	774
937	995
763	879
909	933
485	871
867	936
355	761
484	646
319	838
888	995
409	997
818	936
837	949
496	656
675	887
793	879
705	766
621	772
411	962
464	825
390	610
749	957
353	957
48	92
3	844
471	949
765	901
952	993
473	729
662	665
786	960
151	449
106	972
357	554
582	901
512	842
317	603
415	909
491	904
18	980
871	896
394	971
58	793
512	734
603	852
372	431
644	853
773	775
649	968
864	893
662	907
142	908
431	745
725	963
147	986
577	799
683	966
58	914
42	906
542	734
280	963
220	683
657	684
63	965
114	930
623	807
609	909
501	558
451	966
266	920
789	961
678	864
172	992
447	968
521	917
460	907
680	910
592	797
454	863
519	992
30	535
38	396
291	576
296	920
315	933
975	979
216	523
648	705
331	998
405	984
900	926
196	810
324	995
492	579
53	946
629	813
854	931
793	921
108	818
591	706
888	929
833	993
673	775
6	955
455	818
441	883
224	885
303	949
361	365
638	939
305	995
594	832
76	906
659	998
97	965
955	996
633	945
330	944
295	428
593	765
890	988
399	899
820	892
278	609
732	779
24	958
580	947
533	835
767	773
87	785
480	945
769	819
894	999
586	617
214	974
718	773
709	953
910	943
563	606
683	900
461	558
22	925
366	735
727	943
369	969
253	794
621	961
822	951
404	963
593	899
491	851
651	840
477	687
716	969
12	853
535	894
917	959
732	913
47	810
574	741
109	907
393	437
169	921
692	962
494	977
623	862
843	902
625	908
74	805
243	348
726	731
882	978
521	972
958	973
540	985
639	964
680	736
643	854
627	846
849	922
549	926
87	343
259	864
78	523
349	757
440	875
61	290
104	926
252	824
659	919
56	885
441	467
633	637
292	344
724	755
555	983
622	744
233	703
398	999
558	988
571	927
516	991
414	980
532	935
465	945
694	768
839	863
278	301
228	709
71	991
907	997
411	830
538	642
749	825
800	992
29	886
851	994
744	831
152	956
633	1000
751	763
930	994
305	942
575	766
742	943
730	825
821	943
839	997
107	782
695	952
915	992
832	957
376	714
890	935
582	782
228	964
911	994
11	966
262	548
93	739
459	833
593	833
417	836
307	964
17	902
573	854
600	957
218	626
779	959
126	808
253	620
855	954
660	715
753	906
505	841
73	918
771	960
609	898
755	952
208	325
130	900
567	672
135	978
691	967
317	726
850	960
822	898
794	836
764	893
482	978
650	791
708	732
776	903
98	988
373	927
168	229
500	739
706	844
577	693
549	860
153	860
53	922
172	873
227	580
139	467
345	572
465	866
336	752
759	855
671	971
831	960
775	799
90	696
766	979
678	866
750	971
824	920
903	984
400	858
245	984
264	997
28	986
498	935
410	822
358	632
592	799
330	570
710	791
803	982
27	532
674	868
701	971
472	919
21	983
618	973
375	986
432	702
430	858
363	868
611	933
872	974
528	935
283	579
803	874
178	822
269	940
907	931
928	990
40	70
545	700
858	931
751	805
756	920
558	935
442	989
423	710
895	934
325	818
531	923
420	597
593	754
101	551
226	997
587	710
36	836
605	993
277	898
220	364
290	608
246	767
936	985
996	999
705	823
765	837
374	952
709	942
131	965
814	995
332	726
100	605
628	724
177	559
336	552
644	668
470	552
318	949
748	762
915	939
538	952
535	883
438	721
383	785
709	955
200	260
871	953
544	558
447	891
210	978
116	791
586	740
765	971
66	970
322	896
456	630
748	775
192	557
324	676
379	383
329	791
558	614
692	843
771	907
438	963
570	853
745	854
206	576
187	334
522	553
472	732
122	582
810	956
884	905
58	863
326	614
5	936
710	725
636	924
102	761
396	979
592	854
60	993
239	995
426	858
613	913
35	936
692	977
711	990
10	125
562	867
386	641
152	474
437	872
902	908
439	918
764	974
805	975
516	872
359	925
529	811
837	927
367	749
680	980
932	935
715	937
599	991
632	939
714	978
833	929
544	826
847	864
805	867
230	636
6	891
171	995
9	933
518	810
182	824
89	367
302	889
209	469
547	693
136	893
703	940
670	763
568	752
790	828
932	948
159	998
369	542
291	888
598	779
804	884
707	951
545	889
438	763
930	996
97	204
401	652
230	999
901	938
68	671
964	994
790	841
443	999
83	198
767	830
10	622
27	37
813	946
193	972
950	951
292	951
639	766
910	1000
327	679
406	972
542	604
786	964
901	951
579	900
780	890
885	943
381	915
169	507
549	728
683	957
669	793
834	897
345	440
451	836
745	788
957	967
154	320
104	499
71	322
595	965
576	723
669	914
70	851
452	916
570	679
382	857
775	788
85	341
453	508
90	456
26	929
678	855
361	919
576	844
741	911
768	785
625	965
762	970
132	803
440	919
899	975
711	924
752	962
650	914
870	917
956	957
212	688
138	510
470	983
308	921
690	986
201	795
509	682
866	919
576	857
507	986
548	758
699	927
284	685
845	981
270	521
383	398
701	973
238	983
379	922
687	809
838	978
122	771
956	970
326	803
427	589
611	935
16	762
439	865
507	999
474	822
147	427
210	712
845	994
96	876
691	756
733	938
874	877
617	992
428	827
469	828
918	920
348	538
854	935
45	537
31	602
191	591
96	997
339	718
738	989
27	897
187	886
724	825
489	699
814	984
648	951
651	697
72	495
707	777
182	892
705	933
941	944
589	987
522	997
503	718
401	707
423	954
175	889
381	957
675	946
760	761
314	903
786	898
464	884
13	194
772	1000
143	159
290	852
876	949
769	823
306	796
534	660
350	839
591	965
892	893
350	610
396	726
332	970
822	834
115	972
767	898
271	960
541	555
799	850
628	968
884	894
223	919
537	557
555	840
101	929
412	562
136	627
347	847
278	976
553	915
831	896
817	961
951	961
35	696
852	955
67	914
411	458
111	691
768	961
224	339
504	622
775	856
665	984
145	460
236	807
577	871
301	973
939	964
142	162
708	802
754	918
262	981
336	930
699	982
41	753
62	812
7	876
296	750
370	928
98	240
276	512
842	923
129	987
738	802
839	854
569	993
710	740
715	818
30	715
310	998
420	641
585	974
678	936
282	936
824	990
543	977
562	990
419	941
515	649
243	715
215	882
849	939
453	939
208	879
717	985
689	923
224	823
196	990
666	939
578	826
797	870
761	947
203	885
901	927
63	353
235	837
837	942
923	982
279	651
941	999
448	837
723	813
318	993
698	985
786	832
717	998
109	590
804	886
100	770
348	606
908	943
75	713
111	141
4	15
864	873
415	781
14	437
280	593
800	888
670	778
752	817
255	536
661	958
526	999
391	545
470	609
520	955
556	649
24	788
277	968
459	945
514	652
533	894
445	781
210	914
438	778
204	611
424	843
18	155
952	999
556	999
690	733
533	786
45	968
655	897
713	838
518	599
234	840
60	687
514	894
477	975
260	748
774	969
328	623
259	789
474	677
149	917
787	908
181	869
93	985
542	848
437	566
643	900
239	810
385	864
51	759
123	864
766	970
153	743
282	628
306	985
466	974
801	964
157	862
102	926
188	212
878	918
745	803
75	271
159	679
567	918
933	975
413	451
335	760
285	939
123	877
539	792
167	395
384	918
819	846
571	744
507	988
617	631
226	975
158	282
963	975
641	924
352	821
379	924
497	916
222	711
202	473
735	973
64	768
606	859
702	796
187	875
844	916
715	994
508	930
236	996
351	983
645	935
188	696
823	978
886	997
591	820
402	655
302	717
283	475
682	938
617	994
918	922
955	989
853	941
526	583
894	979
173	953
333	942
830	994
93	435
392	997
621	820
175	999
268	961
909	994
839	935
732	772
682	951
506	725
385	435
758	946
706	756
469	843
510	881
802	989
936	989
760	992
149	838
452	610
195	954
663	830
290	733
799	839
307	902
202	620
155	545
31	738
672	771
295	784
704	723
146	432
841	957
175	315
281	970
575	959
129	613
795	962
662	847
299	795
357	736
670	967
408	967
306	919
347	957
340	503
350	962
369	975
176	846
47	924
102	631
385	919
266	739
752	898
461	914
958	966
70	800
190	865
787	855
840	947
831	898
349	858
468	846
509	847
588	911
159	734
329	916
893	958
172	932
273	984
367	390
231	758
685	965
223	345
949	974
324	922
26	999
428	750
20	696
562	750
262	983
456	997
113	860
550	861
583	809
300	457
222	766
516	984
244	525
631	971
731	909
694	990
909	915
9	924
316	815
624	931
839	856
797	859
164	946
337	874
356	887
268	774
923	971
656	856
212	879
601	691
754	933
242	758
374	877
916	931
497	984
37	999
532	941
380	813
839	869
517	818
825	934
484	641
30	959
148	426
492	990
506	659
901	929
610	753
54	535
675	882
297	936
640	780
804	888
205	825
572	996
167	947
864	875
129	426
346	949
910	991
473	495
82	839
711	781
64	970
306	732
223	963
479	660
152	265
575	893
38	954
734	886
216	960
376	949
450	898
114	912
852	878
463	837
554	955
590	612
221	257
470	961
822	891
147	981
95	562
100	906
273	797
521	670
686	966
234	842
720	964
319	391
477	748
260	979
48	571
378	971
787	910
690	977
660	842
357	804
706	958
169	982
838	848
750	964
342	681
83	915
372	789
247	794
701	964
123	987
577	928
851	908
713	974
872	967
187	864
528	928
335	762
865	964
515	585
193	534
740	932
960	972
8	754
775	926
921	980
35	887
626	803
837	986
290	359
367	808
620	988
895	927
974	991
316	991
476	751
173	942
233	993
742	870
761	883
888	924
833	988
420	590
29	934
948	975
645	937
299	300
428	939
381	827
763	929
255	459
205	867
587	932
821	870
241	295
682	940
85	721
902	980
286	711
915	919
675	937
876	927
298	950
64	783
821	991
462	829
589	870
484	588
429	652
654	999
533	709
712	940
106	901
656	816
513	996
174	547
848	986
605	999
242	947
283	948
438	593
443	937
685	699
797	940
267	711
811	838
473	550
901	997
533	601
1	969
412	540
706	758
651	822
59	947
615	899
515	961
697	709
163	775
185	268
584	768
262	717
718	997
415	959
938	1000
170	899
247	594
693	940
68	851
568	945
697	830
494	730
628	959
466	897
540	846
848	999
125	375
653	723
295	786
663	953
47	684
308	725
780	949
651	835
576	661
595	674
639	946
498	970
148	857
910	951
163	199
748	889
310	397
824	847
829	962
507	911
111	453
460	607
713	787
445	972
431	808
200	387
21	910
131	516
838	903
669	865
741	970
364	983
437	973
597	962
233	685
357	980
444	868
141	867
664	908
208	628
72	996
428	860
268	642
650	973
226	911
735	788
570	980
151	996
844	960
338	859
7	988
604	978
141	988
502	930
958	981
120	636
837	920
648	755
97	881
735	909
262	985
353	578
699	986
41	986
13	924
489	624
700	807
282	819
805	860
115	413
254	986
736	989
937	979
909	917
675	750
532	930
867	920
430	690
605	691
321	932
668	976
85	655
121	349
902	914
659	927
772	804
39	953
923	973
615	820
983	987
740	1000
900	989
397	863
897	920
599	997
41	181
538	758
717	989
133	938
205	814
513	930
504	881
710	986
825	936
369	656
11	948
589	925
157	248
341	594
635	812
929	993
860	930
983	1000
457	890
154	889
317	358
401	766
184	768
225	540
450	887
739	761
887	888
86	610
584	823
704	888
341	836
304	954
753	780
109	715
238	600
75	838
584	944
42	661
396	664
957	960
561	731
836	899
478	962
407	493
389	890
628	906
361	791
873	939
732	963
570	901
706	947
780	896
491	793
631	773
843	952
199	850
218	863
686	968
815	853
778	971
896	963
467	786
627	775
637	968
29	560
12	916
442	729
306	868
796	961
873	952
732	976
914	953
537	737
270	622
891	969
550	676
195	219
359	852
782	918
597	909
382	984
671	858
215	578
113	796
33	49
53	930
273	933
629	797
290	348
400	745
152	643
248	876
406	644
731	966
103	643
78	586
427	703
146	986
2	941
626	805
442	984
152	885
675	926
448	883
814	977
703	880
399	883
485	923
672	749
429	762
742	993
800	934
1	729
82	425
818	988
904	991
656	926
614	929
36	952
655	701
88	590
681	875
626	939
642	883
191	947
922	937
149	721
586	722
765	953
179	829
464	998
901	999
408	837
554	891
405	768
773	935
470	897
850	889
973	996
293	971
711	730
494	961
301	832
683	897
783	835
447	886
135	799
503	966
229	663
905	946
206	679
417	899
141	964
697	953
838	892
917	956
58	966
859	951
446	553
570	848
616	964
368	899
711	972
530	897
727	953
801	902
842	903
947	956
363	676
165	920
539	838
866	967
632	800
659	674
263	674
783	969
516	625
736	857
958	970
708	795
551	848
19	987
454	915
951	967
315	985
884	913
273	988
372	738
418	854
366	398
182	577
757	808
569	757
756	849
599	865
6	765
92	805
326	743
942	975
201	977
330	862
132	877
608	806
508	868
219	994
252	942
300	690
164	829
272	628
117	754
98	475
934	976
312	929
212	991
611	996
614	742
330	983
531	973
946	986
839	860
687	991
654	814
323	943
4	934
587	989
243	950
922	979
163	698
550	878
691	817
341	704
327	540
387	591
670	879
744	828
790	944
427	892
647	932
848	922
751	989
424	594
314	722
668	991
580	878
473	715
767	933
753	769
904	938
95	540
403	656
224	950
862	941
273	317
121	943
355	881
795	887
568	881
683	831
265	843
834	1000
864	879
547	943
901	946
250	427
986	990
792	895
363	718
690	847
514	887
500	723
217	371
260	970
631	654
190	911
831	944
574	793
472	782
458	847
62	618
903	968
479	906
840	885
396	908
878	911
179	910
616	911
165	975
627	777
357	916
486	801
323	514
414	898
669	922
854	904
914	955
253	980
564	842
905	906
729	909
168	347
426	908
627	898
756	783
305	618
442	852
170	393
925	969
708	971
419	868
264	994
900	912
476	621
696	853
761	982
687	804
291	804
241	983
511	807
227	819
851	912
92	860
870	925
455	683
605	856
25	806
145	871
613	976
566	635
925	982
763	920
532	987
559	632
756	917
434	866
921	984
962	985
615	877
936	969
974	995
125	232
624	882
603	759
718	746
508	936
453	1000
360	543
230	928
464	866
175	763
596	756
647	987
619	888
742	995
828	998
340	951
188	823
260	662
380	993
821	995
862	996
686	770
728	952
151	611
445	829
739	818
255	705
92	189
135	788
880	942
589	995
181	904
420	957
387	780
299	667
598	963
202	963
150	544
898	932
507	781
727	821
9	541
214	973
607	904
426	829
86	909
487	960
965	999
426	950
285	745
202	976
250	724
135	922
873	888
451	899
456	977
555	956
789	894
167	322
379	501
494	976
48	630
551	958
88	968
270	450
187	681
662	974
269	979
530	791
411	574
521	971
634	848
942	964
42	973
754	913
335	700
789	907
197	995
632	923
580	733
692	974
689	905
245	928
465	931
248	933
668	967
272	738
365	929
733	867
332	523
698	846
128	464
386	988
942	977
821	916
592	864
13	928
424	462
816	986
425	872
731	915
763	867
362	523
740	883
457	760
71	990
797	865
520	816
203	880
681	919
645	996
920	935
416	880
605	816
209	816
916	937
126	781
649	822
272	872
580	988
276	991
178	190
978	997
532	947
807	886
779	824
672	698
498	545
346	942
492	996
901	935
156	781
538	883
307	950
246	711
746	997
80	907
737	948
162	717
602	989
363	478
15	963
450	891
940	984
959	997
458	486
26	792
67	601
595	720
649	956
778	841
151	679
882	898
903	957
600	956
328	497
768	769
773	884
718	948
919	938
465	502
597	887
676	951
41	440
86	856
507	849
551	892
243	510
704	905
574	795
780	900
145	389
236	736
277	279
903	970
686	972
754	847
207	220
551	784
625	733
358	618
537	849
177	277
344	454
555	903
197	929
453	626
282	744
356	693
669	924
254	682
78	456
372	674
652	957
826	844
294	983
743	846
384	913
444	927
549	980
708	973
229	975
449	978
476	852
761	984
613	857
814	847
833	860
194	873
39	999
376	621
738	973
160	996
913	974
932	987
223	527
723	850
849	989
161	817
326	921
708	986
441	642
587	696
740	938
344	938
867	979
58	352
272	806
2	945
332	820
222	948
170	529
617	989
362	699
837	992
403	471
21	177
707	882
812	935
545	820
916	992
229	291
98	774
827	920
188	933
554	761
339	607
526	928
633	825
806	982
438	586
880	931
462	943
773	805
575	820
709	820
681	987
885	982
338	355
381	954
422	992
744	777
904	995
771	880
298	956
788	820
600	769
894	987
272	940
79	774
929	944
160	204
752	759
124	143
46	489
431	788
711	842
783	947
315	613
843	998
554	895
755	885
667	772
639	939
386	493
910	944
373	968
569	614
123	793
491	960
305	541
824	840
590	673
232	965
125	839
548	676
801	893
207	383
460	600
845	899
611	732
456	858
354	847
266	963
863	953
316	326
940	944
260	919
320	970
158	908
287	793
218	922
276	375
37	618
653	850
61	975
620	673
840	942
859	955
363	788
564	778
209	321
481	743
164	578
912	966
411	684
494	978
497	724
571	673
810	955
829	968
884	904
653	971
861	920
826	899
444	753
442	909
791	797
958	974
231	874
435	869
13	917
214	641
849	923
33	108
43	530
731	904
791	918
617	802
156	178
166	866
648	869
40	232
606	909
69	933
592	974
303	871
270	694
949	982
723	905
235	821
648	990
240	936
964	967
638	982
724	756
278	410
770	872
85	769
511	877
648	882
633	988
867	926
289	949
888	985
907	998
409	987
790	827
807	996
941	996
622	987
751	872
300	936
737	937
800	993
354	647
827	867
716	999
334	705
130	646
608	944
704	881
346	944
561	832
24	893
146	361
519	835
560	873
563	878
596	826
482	953
457	896
792	886
38	949
456	671
852	873
246	834
172	619
452	902
672	942
364	789
653	663
759	830
831	935
382	843
327	907
449	604
55	219
285	910
305	596
472	773
111	730
801	948
83	668
699	900
759	951
685	773
778	964
519	969
558	897
940	999
659	720
803	849
300	494
348	979
590	741
667	961
796	846
686	974
248	977
124	453
652	838
60	926
462	677
668	782
650	913
620	741
293	346
266	923
789	964
412	977
525	854
571	741
488	972
818	847
450	451
823	962
143	708
738	854
201	915
96	633
839	906
22	418
283	688
44	931
331	880
936	960
974	986
55	945
578	757
476	975
605	860
495	988
913	976
489	914
300	749
869	906
48	942
115	703
791	986
529	986
496	809
513	978
802	852
22	889
635	860
728	822
84	757
578	999
894	976
746	812
616	702
593	984
767	871
323	894
505	642
573	776
443	932
168	727
663	935
157	309
635	873
943	989
621	938
258	886
203	950
593	876
519	661
885	984
343	701
596	881
725	766
394	895
306	782
760	989
347	591
897	994
809	881
910	933
547	881
390	897
973	989
871	941
57	199
628	954
650	713
526	943
873	987
56	499
556	822
64	94
253	784
148	502
65	962
665	728
898	936
58	959
460	710
171	607
658	954
551	828
509	602
192	895
266	844
660	1000
794	1000
329	900
824	842
553	793
88	959
924	965
877	890
863	955
756	829
352	739
692	844
136	626
783	962
645	732
222	400
42	964
639	954
14	636
546	911
117	734
893	955
273	981
636	804
185	868
611	976
647	670
504	850
486	981
816	856
337	858
361	986
364	991
81	114
638	971
187	806
462	745
484	504
80	414
16	924
286	519
805	855
538	740
483	804
684	794
455	971
395	691
212	984
64	820
620	809
509	978
189	707
557	874
161	874
629	979
147	710
740	995
573	589
471	807
242	984
56	299
209	578
392	928
265	594
397	979
853	993
168	890
302	890
677	804
811	996
448	944
971	985
112	766
767	926
827	977
920	939
118	251
758	877
904	931
246	702
581	692
182	946
705	987
536	949
368	584
313	648
492	879
244	777
304	828
739	985
338	412
73	895
193	960
540	775
424	829
228	954
295	715
360	844
170	949
304	949
753	775
357	775
147	965
241	600
683	945
922	998
347	767
479	657
355	887
391	544
327	788
313	890
607	842
68	793
725	834
711	899
637	721
254	660
933	948
224	259
745	897
657	784
393	482
799	904
199	845
361	678
199	616
264	974
498	912
181	976
919	942
243	393
79	965
583	727
729	781
734	896
431	858
359	955
171	904
685	896
363	845
845	848
789	953
393	953
11	622
687	905
747	956
282	627
161	337
842	964
553	861
465	977
47	989
212	568
541	972
902	951
458	974
879	967
538	674
562	802
956	958
185	815
823	843
955	962
740	808
812	913
32	987
844	902
135	405
742	854
673	754
87	630
510	733
837	862
928	980
298	813
105	684
881	905
826	969
886	983
858	921
457	577
495	869
489	566
921	977
714	913
390	523
340	931
18	651
675	921
174	639
255	335
69	882
399	757
853	927
387	639
519	529
436	531
568	916
513	980
950	981
532	993
339	827
413	813
605	983
186	999
943	978
542	634
381	945
436	652
672	865
517	991
806	865
38	993
712	937
486	594
128	886
560	580
780	812
499	829
801	871
176	819
369	719
778	887
98	899
464	993
560	930
376	880
412	537
857	887
29	247
581	989
493	647
980	994
105	242
537	653
368	881
5	792
509	591
725	889
329	889
632	661
351	419
609	943
62	316
475	714
972	995
829	946
433	717
144	614
746	948
168	971
88	948
570	951
864	940
877	879
285	967
841	956
687	718
497	594
878	959
616	959
891	898
574	962
808	900
178	733
95	735
659	777
153	905
664	892
213	956
461	792
884	895
548	680
861	911
845	903
468	953
798	828
657	852
509	725
743	892
555	841
500	905
250	959
585	949
218	926
815	916
460	954
735	893
45	217
437	970
757	911
430	553
495	911
836	975
674	913
522	785
140	454
398	978
747	903
475	969
612	678
72	993
851	960
488	908
467	970
949	973
62	921
571	798
730	791
702	729
275	921
490	809
839	963
195	632
379	978
714	968
681	791
854	978
446	924
143	886
196	978
666	927
443	855
770	984
467	983
723	909
69	119
401	629
635	796
681	912
179	287
621	632
800	863
964	971
485	973
140	938
797	979
608	814
38	927
816	992
654	930
280	460
846	871
918	976
18	719
890	914
688	928
471	930
550	994
591	766
589	922
11	945
189	951
323	951
274	766
582	882
697	869
711	767
716	882
600	936
774	823
883	995
556	637
186	838
580	994
896	934
693	871
142	997
35	605
288	822
133	948
725	823
221	243
253	949
244	900
121	951
468	995
14	559
19	674
459	946
748	820
646	772
128	846
651	887
771	952
130	892
190	906
713	718
644	847
759	834
671	950
454	952
421	775
588	952
519	852
338	777
172	973
162	965
878	906
597	893
196	549
210	218
877	947
95	911
213	903
254	904
650	904
796	958
689	832
106	511
493	957
634	896
708	845
743	839
435	686
421	788
646	906
742	843
150	968
346	385
263	845
884	963
254	796
562	912
740	918
826	958
325	676
707	741
321	971
624	743
385	986
434	848
164	987
921	966
833	853
860	956
731	842
53	927
194	637
114	119
191	568
96	974
344	810
826	850
619	749
872	966
916	972
849	982
217	971
150	981
356	820
750	976
791	977
617	861
331	992
408	687
496	571
749	751
22	651
462	694
541	987
608	977
816	926
879	982
758	921
596	630
64	769
210	823
182	990
476	979
913	980
350	574
291	933
15	998
712	926
610	915
906	977
615	993
821	869
848	972
867	985
20	66
765	937
682	939
943	980
258	877
681	980
841	932
786	996
874	880
524	996
54	818
818	985
904	988
380	988
774	878
466	533
811	945
938	986
313	934
868	927
271	708
730	993
513	995
991	997
788	934
447	641
526	934
433	477
792	824
487	942
588	765
901	996
579	945
919	986
179	947
776	937
877	989
711	956
810	935
540	845
762	894
968	999
472	832
417	896
558	606
722	943
856	943
875	956
639	945
61	968
262	958
599	728
653	964
565	851
196	496
476	779
335	803
990	1000
180	673
23	689
421	735
236	689
120	743
694	978
113	969
803	921
844	959
352	985
696	795
930	962
401	618
439	910
805	967
442	915
939	967
483	687
254	864
532	808
793	849
481	991
613	918
525	805
1	768
615	927
152	937
77	763
839	857
930	975
682	873
113	164
846	981
524	930
739	855
119	652
17	870
311	822
705	978
457	876
531	862
512	583
883	984
167	814
470	586
616	640
640	768
15	945
304	819
271	642
296	406
788	868
466	817
751	986
429	935
369	655
186	948
709	989
602	863
684	932
716	884
261	425
552	897
808	823
574	656
794	925
959	992
852	866
389	876
755	933
342	535
688	943
691	948
314	961
47	617
52	961
473	954
868	995
785	997
136	551
521	887
347	1000
655	887
294	844
456	677
588	833
292	956
831	941
706	946
780	895
227	911
342	898
465	968
840	882
859	895
845	960
671	844
757	847
94	274
434	608
351	839
599	675
819	944
442	957
48	801
134	841
375	967
39	752
510	603
842	847
77	455
891	968
627	895
236	973
590	976
342	911
64	637
826	960
757	860
490	516
407	747
902	955
167	506
879	971
254	919
104	157
307	745
601	734
754	976
110	645
335	992
140	753
217	973
76	997
184	796
84	629
354	453
846	915
169	407
807	923
740	933
881	909
256	820
278	579
825	977
99	873
828	982
640	931
700	982
211	525
20	994
557	933
703	987
813	859
496	923
656	912
205	747
661	761
559	979
635	974
217	986
615	995
785	918
441	879
931	972
950	985
344	946
490	1000
38	876
280	638
799	937
885	977
422	987
293	836
862	993
755	867
834	931
572	931
639	692
195	944
792	934
575	936
594	949
437	477
588	875
128	890
61	836
644	891
410	724
303	598
748	985
436	898
637	888
563	710
475	826
669	840
4	194
556	936
477	791
117	485
884	886
366	960
861	902
322	890
129	724
831	996
643	945
877	883
445	960
49	960
403	963
444	735
576	891
39	686
479	958
102	971
817	953
849	905
852	947
370	678
631	948
161	275
372	953
798	832
8	447
476	552
173	514
393	783
384	963
866	966
659	902
585	724
571	789
299	330
367	730
485	722
90	866
893	961
934	962
258	450
629	851
703	800
400	799
256	754
858	859
321	920
544	928
626	967
800	854
846	970
20	928
137	281
240	931
790	809
193	590
900	977
8	810
421	979
149	520
550	864
770	867
668	856
506	757
392	921
120	987
288	571
174	469
394	701
427	649
554	690
682	875
728	991
645	993
156	765
483	931
106	944
629	985
427	999
279	872
246	695
721	988
922	978
536	942
374	880
630	806
198	883
676	693
874	937
915	975
758	991
918	980
145	239
279	993
334	700
191	880
34	408
158	703
619	832
630	927
267	875
575	762
387	940
10	953
84	939
693	983
40	832
463	935
804	999
904	937
769	978
265	950
103	134
347	760
292	824
378	827
727	981
713	817
410	779
267	996
32	604
560	989
959	994
176	999
231	440
19	786
487	891
79	837
810	992
989	994
185	674
248	730
657	669
660	940
44	671
233	607
646	776
940	994
219	443
346	484
764	997
590	844
378	961
553	962
826	828
564	828
32	967
44	792
25	550
546	959
720	846
866	900
458	846
497	774
356	798
34	784
461	851
226	954
606	946
372	779
50	499
192	848
176	315
527	801
310	803
203	677
79	153
650	908
620	965
133	389
754	965
124	798
914	954
14	926
872	957
160	751
673	976
948	952
395	510
565	921
518	846
886	976
622	903
539	905
2	929
332	575
180	972
32	54
445	452
763	798
55	940
215	929
471	855
619	753
913	971
242	803
806	845
536	984
374	922
71	921
145	870
401	796
846	917
142	801
142	572
758	804
155	511
807	925
624	989
228	989
462	927
522	978
112	814
635	855
131	827
258	868
25	108
384	455
642	979
661	992
67	519
413	927
936	968
96	991
719	933
737	987
162	527
616	697
392	989
376	752
642	871
339	833
628	707
270	999
707	1000
765	941
984	985
758	938
370	533
716	941
834	933
297	994
61	717
831	864
377	428
910	928
929	941
247	355
771	998
582	833
153	656
19	841
850	998
822	936
767	1000
183	949
255	825
458	659
764	931
623	955
604	713
356	611
447	995
452	844
130	830
859	939
138	425
919	990
500	777
156	967
321	546
371	892
522	536
324	780
542	895
877	885
11	441
126	162
461	906
356	624
502	678
815	909
400	667
422	426
694	848
798	942
333	842
467	842
472	957
954	960
296	960
351	667
736	966
568	601
69	917
528	973
701	901
508	735
717	845
422	439
331	809
501	732
301	378
900	966
633	851
160	927
435	866
113	852
770	856
453	920
599	974
673	923
84	794
208	860
953	977
309	912
851	966
548	928
895	972
449	922
751	964
784	912
484	620
30	938
140	581
902	904
907	982
511	982
48	992
166	984
804	975
821	915
196	863
913	918
222	1000
165	466
918	969
455	979
670	867
471	923
416	987
705	861
719	759
746	862
765	875
185	300
602	625
299	587
679	808
610	974
469	998
49	412
329	466
802	915
862	929
941	993
724	995
402	944
677	920
140	944
811	883
286	769
594	885
809	810
382	477
202	775
12	880
917	986
246	818
806	926
778	827
487	880
406	955
929	996
786	947
524	947
637	824
741	881
686	945
727	983
264	727
759	935
478	952
407	483
393	585
412	827
899	945
324	714
472	649
527	548
169	611
301	996
604	768
452	899
116	950
336	953
646	886
62	606
989	996
502	612
204	955
861	959
845	951
146	950
308	783
583	951
81	740
263	717
98	155
898	999
755	950
78	671
188	314
465	851
523	792
192	958
99	730
211	971
789	948
678	851
115	445
106	625
620	846
157	856
105	666
334	489
666	962
531	774
490	507
696	841
641	905
539	894
851	900
689	838
367	787
611	918
294	982
696	962
411	978
409	905
750	969
409	676
564	964
682	919
742	970
902	959
761	983
962	973
117	918
506	693
568	790
876	906
413	916
779	973
350	567
346	862
74	174
645	929
230	687
906	970
156	472
598	817
615	986
744	871
274	693
312	985
124	934
573	760
619	876
765	930
470	524
828	986
525	985
148	244
65	704
263	985
813	863
832	876
656	916
515	940
62	177
535	626
853	935
603	760
910	917
929	930
392	991
781	803
593	981
63	752
790	1000
549	645
672	981
438	814
825	994
630	984
303	360
607	1000
40	889
255	814
119	953
136	368
306	779
655	933
572	935
658	938
410	836
685	812
371	881
679	997
604	823
549	658
889	992
567	941
528	949
560	938
16	545
783	946
543	705
768	823
248	787
349	839
297	420
467	602
750	890
667	892
395	433
391	957
914	998
21	902
782	963
185	744
565	965
418	952
377	685
891	906
555	957
756	947
352	857
337	734
548	917
171	967
782	855
284	844
927	950
27	922
60	870
206	924
930	955
715	801
700	907
326	962
923	952
782	976
422	670
26	175
196	852
900	968
517	678
319	693
953	979
918	958
890	896
212	981
642	794
193	702
531	734
591	748
409	973
598	872
105	976
614	853
504	981
633	866
619	931
941	982
724	984
880	972
443	742
420	987
76	948
934	979
978	985
119	995
119	766
769	848
265	820
526	861
512	697
402	825
811	993
410	649
112	992
98	828
13	232
885	915
587	992
480	866
383	933
584	694
231	539
107	769
514	635
799	996
155	931
394	947
397	989
834	990
685	867
630	931
69	369
421	528
871	993
843	931
856	870
80	908
476	585
899	947
852	872
12	895
480	1000
750	824
433	888
529	596
625	829
47	852
157	495
644	842
993	996
211	960
426	885
555	770
747	940
777	819
328	727
722	883
648	668
405	947
97	565
180	950
304	491
736	902
504	781
252	974
90	912
90	683
351	953
370	966
530	955
819	829
328	969
70	970
111	971
675	784
845	966
449	966
638	902
206	979
641	907
814	835
413	905
531	897
264	287
888	905
772	959
304	625
906	959
925	972
202	577
532	977
480	558
344	926
867	967
540	572
429	512
404	684
684	967
703	980
307	751
441	980
790	868
399	983
36	931
17	689
688	857
955	972
779	975
3	525
825	862
355	684
434	977
570	572
318	802
827	908
524	870
804	924
707	991
526	916
237	813
658	806
737	870
365	998
695	873
483	990
744	994
744	765
463	752
642	983
790	881
821	985
447	515
894	975
295	875
406	891
206	537
786	883
307	885
375	760
213	698
66	944
649	999
809	988
864	924
968	981
71	241
7	714
875	938
787	825
718	991
762	997
289	319
384	822
871	940
155	770
67	886
84	301
521	827
768	933
713	997
842	882
861	895
873	986
88	945
762	889
701	879
338	827
16	776
403	956
819	871
198	258
447	999
455	594
460	938
859	943
55	394
373	969
80	158
472	948
370	900
414	714
708	895
611	962
647	656
167	433
907	960
764	948
144	974
837	901
293	508
597	956
944	1000
316	677
715	911
236	913
733	965
585	838
673	685
698	715
543	841
937	960
37	969
237	505
949	970
503	624
250	969
478	567
524	683
362	621
298	865
259	385
121	680
589	785
811	861
915	955
103	811
225	508
934	968
791	919
550	978
154	978
388	916
797	855
57	816
901	912
610	965
737	925
811	874
267	747
556	621
184	978
117	963
313	634
376	919
395	932
615	935
334	922
688	925
807	876
848	914
268	302
526	863
746	866
383	814
331	358
778	818
709	984
728	997
10	946
693	976
454	465
901	925
598	887
114	774
45	940
568	981
158	817
325	994
328	474
366	766
493	578
672	809
176	871
303	417
676	928
146	699
662	764
82	714
813	933
540	774
33	943
704	882
662	885
211	949
808	939
660	812
799	890
871	995
70	946
669	780
815	834
386	428
336	836
919	928
143	441
982	984
338	653
981	988
287	836
273	672
474	662
768	880
386	549
914	934
8	374
32	731
486	901
701	826
632	955
613	713
866	893
403	903
623	906
139	793
306	970
488	947
796	834
124	670
585	772
218	978
562	788
870	904
923	996
113	898
252	976
539	777
57	737
169	978
92	960
54	210
504	904
657	917
797	897
52	514
599	912
819	952
122	987
736	917
340	917
469	802
518	960
721	794
325	794
270	858
471	619
495	976
663	789
214	697
252	989
527	928
492	678
459	501
221	858
749	977
839	907
369	692
612	864
385	407
298	933
642	743
471	861
779	977
916	982
220	232
579	808
469	936
730	977
496	810
769	905
702	915
688	980
619	880
46	695
244	939
464	979
679	867
524	993
582	934
563	692
637	641
843	975
876	923
573	885
755	862
655	695
176	926
787	814
59	112
704	816
468	805
676	983
748	859
899	991
950	993
264	894
864	926
183	942
324	423
241	883
174	893
463	996
898	924
394	896
741	940
80	965
245	544
465	547
528	832
473	896
743	757
877	986
159	706
445	834
835	989
12	952
623	840
783	829
245	894
382	899
349	722
256	494
239	850
836	840
926	999
576	886
777	876
278	963
294	907
242	488
219	733
819	994
240	792
501	833
927	941
583	902
784	892
654	782
907	962
948	1000
207	507
231	864
349	856
132	858
481	746
608	787
552	626
590	918
698	717
166	856
288	324
466	559
504	851
710	956
687	972
299	567
376	787
610	725
821	908
191	741
702	728
740	983
435	872
302	986
2	990
712	857
175	918
92	920
257	462
568	620
3	811
600	801
908	917
397	738
154	980
911	959
952	960
888	975
74	233
368	451
695	809
781	849
65	413
464	913
739	852
758	865
100	865
587	983
521	629
292	806
108	985
724	988
350	747
589	800
286	762
538	983
412	578
183	755
362	986
12	644
719	994
378	701
621	873
827	978
739	865
771	817
77	894
278	884
567	758
883	994
10	840
445	997
128	832
477	949
274	886
771	938
783	992
43	199
667	817
741	766
831	925
17	183
354	1000
13	707
734	992
882	890
522	584
780	879
852	984
829	1000
456	903
541	718
835	936
940	989
525	710
458	720
692	887
731	815
898	992
227	787
180	712
268	559
6	559
312	602
569	901
247	887
632	957
847	882
10	156
455	772
446	723
303	674
844	998
333	782
352	795
714	888
134	838
717	893
59	664
840	1000
377	973
518	720
209	379
747	957
337	793
404	554
257	275
909	955
928	968
380	611
481	922
682	912
186	745
131	809
700	966
442	967
818	958
675	909
694	922
633	912
614	670
228	863
517	737
333	916
715	981
830	968
322	498
888	909
596	737
188	683
702	904
325	917
430	970
867	971
171	450
388	973
448	987
792	797
30	999
406	761
213	568
554	632
619	990
402	992
37	342
718	969
869	909
253	640
468	565
855	974
101	1000
417	748
95	697
950	982
67	635
573	995
311	995
163	868
705	922
567	692
713	746
880	923
371	753
679	869
233	294
238	638
716	936
516	582
91	884
134	288
399	1000
773	918
737	995
552	949
439	520
931	982
991	996
361	829
722	808
1	28
432	480
382	659
583	649
822	931
385	664
780	934
217	528
576	875
655	939
741	942
919	985
938	998
701	762
35	901
618	993
912	945
623	842
461	780
722	821
350	949
73	146
157	783
50	657
570	952
831	993
803	894
247	713
285	968
385	906
879	889
309	544
42	954
601	652
18	331
97	624
467	837
742	776
145	557
423	501
273	971
37	731
694	735
638	840
256	509
184	606
497	837
430	783
333	850
190	276
668	840
90	863
455	961
207	859
807	854
113	968
911	948
66	627
668	961
888	964
626	964
230	735
290	749
207	980
837	918
463	677
716	857
205	678
260	577
284	971
108	974
314	813
811	865
387	574
786	808
717	974
340	987
100	746
463	569
661	813
432	990
493	677
83	284
382	580
393	446
412	459
408	983
711	755
114	536
771	806
658	865
883	983
841	986
552	883
54	872
665	760
279	990
403	531
17	990
466	816
853	996
89	600
709	988
850	927
868	981
274	996
444	653
144	886
746	991
498	889
391	534
468	983
401	993
327	778
638	640
662	997
404	998
574	884
882	1000
959	991
741	997
144	778
667	819
553	946
831	927
201	760
349	658
951	992
94	139
954	997
40	842
475	999
764	873
461	835
810	989
903	951
861	954
430	704
5	969
822	999
580	648
713	948
205	478
336	961
504	774
671	951
509	889
495	954
476	712
421	776
300	486
678	846
631	771
488	951
754	841
641	900
448	734
439	951
566	726
370	851
343	425
708	846
69	859
499	672
724	790
715	970
145	854
134	961
763	903
749	968
647	957
573	742
719	796
536	860
387	737
203	916
263	967
332	572
109	271
596	618
802	952
296	326
895	914
532	862
834	904
223	750
932	981
536	981
236	985
197	468
178	226
661	868
603	863
9	390
809	968
406	992
24	698
206	409
712	806
132	231
91	873
619	992
957	987
133	991
950	984
908	987
283	935
56	478
451	748
792	812
850	982
607	995
45	999
351	517
917	928
31	835
204	992
572	930
281	946
542	987
776	925
187	530
555	697
563	817
769	922
331	659
9	645
924	944
863	934
968	987
692	823
131	261
461	890
43	148
540	954
70	776
446	538
657	721
963	993
228	544
720	777
893	934
972	998
740	840
826	880
847	939
879	891
529	549
601	654
377	909
449	785
944	993
178	965
121	431
935	944
599	958
714	716
222	742
953	961
170	323
703	786
400	785
735	775
647	891
592	955
946	958
770	961
337	850
860	891
268	979
702	719
536	915
407	801
797	956
374	624
654	907
184	729
222	984
34	970
478	681
510	899
675	966
760	781
435	984
281	517
742	912
308	391
84	912
487	622
318	850
695	800
404	624
276	853
610	729
853	864
443	737
897	907
662	744
404	745
533	630
371	568
381	761
136	405
568	853
110	941
366	867
471	920
765	872
892	913
135	705
415	759
621	864
799	870
904	923
628	988
862	926
77	885
391	523
105	166
38	930
745	755
24	995
235	949
959	980
164	480
334	928
790	942
287	816
447	805
875	986
586	883
553	706
878	991
644	824
528	878
910	980
720	819
398	539
310	426
433	762
634	752
479	878
685	754
778	945
437	652
449	706
487	998
379	647
899	942
351	585
857	945
609	880
634	644
479	770
50	593
470	950
831	929
638	763
60	786
36	200
41	544
588	942
27	609
440	778
454	942
743	816
546	945
458	832
389	998
180	824
405	942
50	714
564	706
159	886
62	953
618	942
673	841
103	725
634	886
317	950
933	953
564	827
932	957
407	843
328	964
276	545
226	953
59	547
738	835
471	720
624	733
214	569
167	494
310	802
736	910
340	910
534	961
293	569
895	903
358	964
661	736
399	736
187	853
572	664
916	962
434	730
415	451
360	515
906	954
68	343
496	790
312	969
802	833
545	682
89	402
111	161
608	967
200	913
392	854
276	908
128	744
596	849
408	798
587	800
672	844
223	523
388	856
484	793
811	922
654	975
14	120
323	875
101	762
790	984
329	397
110	996
320	577
765	927
880	914
176	569
809	970
828	983
621	919
579	922
178	349
343	682
491	809
799	925
582	927
205	977
39	419
438	690
424	755
806	857
355	921
129	578
561	989
230	926
403	817
615	996
389	690
320	819
628	935
311	999
125	580
149	937
168	950
479	812
56	480
83	583
630	981
286	942
51	779
665	709
260	889
576	637
774	881
383	996
644	1000
759	987
597	696
877	979
679	994
109	878
329	881
86	894
829	938
975	992
372	699
759	879
234	994
165	894
201	588
440	833
266	717
398	607
898	930
581	994
636	664
801	997
653	833
768	820
380	415
660	994
539	933
646	830
107	256
577	959
634	941
680	828
353	433
845	895
946	947
687	723
326	946
796	895
479	959
317	897
413	605
399	670
635	654
654	667
337	960
309	898
469	850
592	957
50	674
793	947
490	909
261	857
388	898
677	772
99	795
784	898
52	454
781	829
552	740
221	906
629	731
923	949
614	837
839	955
402	688
622	957
281	398
602	719
365	806
800	963
915	950
194	924
436	686
515	979
196	970
848	896
908	910
297	793
737	799
382	571
198	521
827	958
436	807
651	732
904	912
441	922
855	912
280	452
63	454
579	748
628	869
227	525
251	919
633	984
209	922
154	986
575	979
112	989
561	815
406	941
165	586
271	982
885	912
904	925
604	633
72	772
903	929
880	982
966	985
924	988
597	630
506	1000
822	977
404	989
813	928
725	815
628	882
350	874
787	875
878	993
556	979
759	813
234	928
308	877
671	700
275	700
607	944
789	921
25	525
51	726
753	998
546	934
491	998
169	947
458	592
609	990
208	646
347	990
534	816
264	955
484	995
704	998
743	926
896	939
49	774
269	777
857	947
898	985
917	998
851	873
364	785
606	813
776	995
96	482
46	890
523	549
588	944
266	893
761	835
631	991
97	791
248	960
358	603
666	719
798	875
659	945
764	998
277	614
43	447
34	893
516	896
115	323
400	950
235	388
638	778
932	959
388	832
30	858
682	784
250	898
312	958
675	781
969	999
603	612
682	905
263	958
497	896
552	566
63	375
309	845
221	961
703	964
436	620
432	915
613	963
93	402
511	915
791	969
524	625
804	908
802	835
224	858
867	964
171	443
525	971
700	972
189	756
936	956
788	792
834	908
297	969
586	806
746	795
498	693
258	977
478	980
151	585
404	802
469	931
250	335
348	641
788	913
545	926
182	874
490	990
719	813
765	929
880	916
448	993
547	972
362	926
665	698
582	929
488	513
433	577
672	859
37	348
517	985
676	978
910	916
459	980
679	983
808	868
357	703
194	416
414	685
493	978
672	980
653	701
873	970
773	803
281	829
143	599
831	973
671	755
743	860
239	832
164	429
581	983
755	870
364	948
597	927
979	992
308	824
616	940
745	825
5	786
335	432
52	80
530	873
425	591
678	771
494	950
824	825
823	866
570	945
377	779
143	612
363	881
583	655
844	925
646	940
112	252
7	724
650	830
777	871
815	897
842	1000
498	961
251	532
19	963
872	879
247	827
756	933
481	728
627	819
365	782
865	876
543	825
226	889
124	841
284	830
316	782
605	656
930	941
263	892
763	949
4	897
362	376
680	951
377	913
416	841
397	599
756	946
613	897
103	795
698	941
590	913
730	893
749	906
386	854
446	905
895	960
807	847
416	962
531	949
132	974
770	965
272	954
434	787
520	790
313	726
728	739
105	962
224	913
587	965
402	690
737	909
556	605
46	503
717	967
340	980
133	916
67	562
3	806
215	985
834	963
489	965
492	970
693	960
44	56
964	965
603	693
682	986
883	976
520	924
27	237
244	760
712	865
417	917
651	855
59	980
496	981
353	932
482	817
339	997
876	973
125	516
658	750
709	981
41	293
25	285
524	935
202	884
169	707
494	992
655	866
326	398
584	922
484	984
799	995
257	712
711	882
174	943
463	817
664	807
72	666
556	981
123	833
665	887
343	873
866	877
329	938
301	876
609	992
130	994
840	861
280	938
921	934
866	998
783	1000
784	821
734	1000
219	554
852	992
824	893
631	764
969	988
564	939
449	723
757	839
206	965
668	767
921	947
585	769
717	888
689	826
138	952
188	315
358	955
129	903
812	896
297	716
335	971
402	732
44	795
355	657
869	878
365	850
198	444
925	958
826	952
416	788
742	958
920	964
138	965
876	894
821	958
7	216
518	957
573	856
707	856
311	627
635	953
855	956
43	812
307	858
670	681
804	910
890	950
8	976
600	622
773	779
640	923
492	796
189	987
464	963
483	976
22	995
894	961
586	808
811	926
319	989
654	979
695	980
211	638
353	987
707	990
908	980
378	751
727	905
883	923
142	925
904	982
348	764
783	921
843	972
769	794
177	882
719	936
19	710
542	751
528	816
676	980
486	819
118	423
868	921
899	988
752	975
857	991
31	949
810	916
292	990
395	408
861	881
892	985
933	986
905	924
984	988
767	990
522	634
720	878
843	985
405	988
666	763
896	996
789	870
808	883
197	729
618	988
585	811
475	939
543	814
562	827
226	878
78	485
303	832
845	886
789	991
467	940
500	888
539	816
126	381
687	714
461	896
521	947
722	937
455	822
601	647
485	701
652	878
321	778
233	894
591	602
830	884
195	373
444	848
258	429
65	263
411	671
83	842
694	730
36	730
812	951
723	879
16	788
217	778
948	997
386	964
749	787
821	892
798	945
314	566
673	913
67	322
251	897
289	923
302	862
489	954
527	980
907	972
511	972
142	846
758	849
73	746
730	787
587	967
480	612
232	510
811	860
556	607
387	798
695	914
781	954
739	957
937	972
614	962
399	808
908	914
457	749
806	903
429	916
575	970
547	908
929	973
249	985
684	913
785	965
367	977
655	855
452	755
493	793
765	986
663	975
286	988
520	926
781	967
822	968
753	868
352	524
348	819
614	975
581	798
115	998
794	798
785	978
463	927
664	917
576	804
213	752
600	932
20	357
966	989
685	976
93	835
179	875
776	865
373	889
665	997
453	589
623	1000
480	988
958	990
859	984
162	827
690	946
891	936
720	825
780	876
141	889
824	882
653	771
754	823
583	941
643	992
22	379
863	995
150	830
981	987
477	959
879	939
680	766
418	995
537	946
900	998
242	769
522	823
118	733
833	944
805	882
428	895
818	821
534	833
842	949
694	785
680	887
928	952
927	993
541	957
219	906
847	1000
981	1000
483	723
39	975
837	955
642	716
895	896
449	846
490	847
291	903
814	944
698	998
772	947
505	603
598	794
689	949
513	952
581	598
490	968
182	623
691	729
203	911
81	396
821	960
779	963
913	963
173	924
200	798
76	991
767	845
188	909
21	274
91	976
251	965
245	396
718	845
723	960
883	912
520	860
318	911
5	414
87	978
524	979
813	853
670	804
683	743
779	976
121	976
776	907
676	969
353	989
394	990
526	917
873	961
61	817
424	640
74	527
776	799
165	645
459	863
786	992
968	969
288	981
945	985
315	818
862	987
213	578
636	644
216	997
436	1000
463	874
562	816
328	649
493	982
815	996
975	985
713	756
446	641
892	987
468	925
546	993
398	829
613	754
34	818
856	926
171	823
419	659
699	942
878	944
275	880
296	939
122	786
870	945
474	716
854	937
754	999
234	1000
437	834
745	950
208	718
782	953
422	647
708	775
900	945
108	716
275	893
944	988
223	437
729	834
434	886
833	891
420	493
851	945
708	896
587	835
449	901
435	966
946	953
784	891
25	839
800	835
423	848
230	719
323	910
502	912
703	902
740	969
320	383
531	832
481	974
140	681
379	963
76	925
