1	95
59	64
88	100
99	100
36	71
17	67
55	93
36	89
58	86
48	63
77	99
28	94
92	97
50	91
61	100
81	96
62	92
73	92
54	97
12	91
24	65
66	80
66	89
51	100
32	96
43	96
55	61
36	57
88	95
17	53
7	30
9	49
47	75
5	69
80	90
58	99
69	99
80	99
50	95
42	91
42	100
81	82
39	76
73	87
81	100
3	10
73	96
84	93
22	32
31	99
87	98
16	56
4	100
66	84
35	96
65	97
57	93
47	70
9	53
38	89
58	67
38	98
49	98
77	89
5	82
69	85
77	98
80	94
27	88
10	17
19	84
61	99
39	62
91	100
42	95
39	80
73	91
54	87
84	88
51	63
13	46
14	23
72	95
95	97
24	55
66	70
53	100
64	100
4	95
16	60
32	77
1	71
13	73
65	83
76	83
96	98
47	56
76	92
16	87
88	94
57	97
58	62
38	93
58	71
15	100
77	84
18	96
77	93
50	76
91	95
30	88
30	97
31	62
42	99
83	100
94	100
39	84
31	89
87	88
23	94
53	95
87	97
4	99
34	100
5	27
37	96
68	74
76	87
46	83
68	83
76	96
88	98
68	92
49	97
39	43
30	74
50	89
2	21
94	95
75	91
52	98
75	100
20	75
3	4
84	87
13	45
72	94
57	60
1	70
37	91
68	69
76	82
68	78
76	91
26	72
38	74
57	96
90	93
26	99
18	95
82	98
30	69
11	65
39	56
91	94
30	87
94	99
12	57
41	93
64	67
44	98
72	80
23	75
64	76
56	81
53	94
87	96
22	88
17	19
45	90
37	86
86	100
38	78
57	91
26	85
27	50
79	88
90	97
8	55
82	93
7	99
20	38
83	85
91	98
31	56
12	61
13	26
41	97
4	57
44	93
52	97
25	89
75	99
10	100
35	44
72	93
87	91
45	85
64	98
86	95
65	72
46	68
78	100
89	100
57	77
26	71
18	67
85	89
27	45
79	92
48	86
82	88
63	84
7	94
18	94
11	55
63	93
19	68
40	100
21	96
60	78
91	93
52	83
75	85
83	98
23	56
25	75
75	94
72	79
56	89
22	96
86	99
97	99
14	92
37	94
89	95
59	91
38	68
36	98
71	74
63	70
98	100
71	83
27	58
48	90
82	92
29	86
48	99
40	95
20	37
11	68
12	33
23	33
21	100
44	83
34	48
93	97
45	57
85	93
53	70
22	64
53	79
14	87
67	90
70	86
14	96
67	99
89	99
17	98
79	82
48	76
27	53
29	72
90	91
71	87
63	83
48	94
71	96
6	88
40	90
52	55
63	92
6	97
2	63
1	9
45	52
74	88
85	88
85	97
34	70
26	29
22	77
14	73
55	83
97	98
67	94
78	94
26	65
17	84
59	99
70	99
5	91
71	73
11	31
9	98
82	91
33	46
81	95
73	100
25	60
33	82
22	54
85	92
32	86
43	86
51	99
56	65
66	97
26	33
67	71
78	80
86	93
67	89
36	83
78	98
89	98
11	17
6	60
92	100
6	69
40	80
41	45
81	90
81	99
44	59
54	100
74	87
93	100
24	77
37	56
32	99
16	82
15	37
59	71
16	100
78	84
28	74
70	89
77	97
5	90
6	55
92	95
61	98
41	49
21	80
44	45
6	91
62	81
73	81
62	90
54	86
39	97
51	62
73	99
12	98
37	42
66	78
74	91
24	72
13	81
43	94
55	59
96	97
88	93
47	73
55	86
47	91
29	52
58	88
29	61
58	97
9	92
50	93
80	97
40	70
92	99
8	96
42	98
33	40
73	76
81	89
2	34
73	85
54	81
51	57
20	88
23	84
20	97
32	62
54	99
74	77
13	58
84	100
95	100
66	82
16	63
24	85
13	94
24	94
38	96
5	80
69	83
80	83
77	96
61	79
80	92
92	94
50	88
8	91
2	20
30	91
62	71
11	96
73	80
81	93
54	76
39	87
54	85
84	95
12	88
43	66
87	100
4	93
16	58
43	84
35	80
76	81
28	41
35	89
47	54
65	99
9	46
49	91
15	98
50	65
77	100
80	96
19	77
8	86
42	88
19	95
42	97
11	100
20	78
31	78
84	90
35	48
31	96
84	99
95	99
23	92
1	55
87	95
35	66
43	79
34	98
36	40
47	49
68	81
36	58
65	94
76	94
28	54
88	96
38	86
49	86
68	99
50	60
77	86
50	69
18	98
19	72
30	72
61	87
27	94
61	96
2	28
39	77
75	98
72	83
51	60
84	94
35	52
87	90
34	84
53	97
34	93
24	70
3	96
65	89
76	89
76	98
15	79
68	94
15	88
26	97
27	62
61	64
7	93
42	60
69	77
61	73
90	100
8	67
30	76
8	85
31	50
20	59
83	97
94	97
12	64
52	100
31	77
72	78
53	74
32	51
43	51
72	87
64	83
4	78
56	79
84	98
34	97
68	71
65	84
49	67
46	80
57	80
79	86
98	99
49	94
90	95
7	88
58	72
60	81
91	96
75	79
83	92
41	86
60	99
66	94
75	97
64	69
44	100
25	96
56	74
64	87
64	96
3	77
14	86
57	66
37	97
49	71
38	80
79	81
85	98
7	83
15	96
79	99
90	99
48	93
63	100
19	75
23	36
83	96
41	90
75	92
25	82
33	95
1	35
25	91
16	33
53	91
3	72
46	61
86	97
3	90
15	55
67	93
46	70
68	70
18	60
59	98
18	78
19	43
42	45
79	94
90	94
82	90
82	99
21	98
75	87
75	96
93	95
10	88
44	90
64	68
72	81
45	64
74	100
25	95
14	58
85	100
37	69
22	80
78	79
86	92
46	65
36	91
28	96
79	80
71	76
79	89
82	85
79	98
40	79
63	81
71	94
90	98
63	99
60	75
52	80
52	89
25	72
53	54
93	99
85	95
3	62
49	56
89	92
79	84
48	78
40	74
6	81
48	96
29	92
63	94
21	88
10	60
33	62
41	75
10	69
41	84
2	74
93	94
10	87
44	89
74	90
25	85
51	97
85	99
66	95
22	70
7	27
59	65
86	91
78	87
97	100
67	96
78	96
89	96
59	92
70	92
36	99
8	28
5	93
28	95
92	98
29	69
9	100
71	84
29	96
73	93
2	78
93	98
74	94
43	88
66	90
24	84
35	84
66	99
1	100
47	67
59	69
67	82
17	63
78	82
18	40
47	76
59	78
89	91
47	85
59	87
70	87
28	81
29	46
77	95
21	51
69	100
21	69
73	79
44	52
39	95
62	97
73	97
74	98
74	89
32	83
51	96
32	92
