827	830
918	948
307	794
592	963
75	673
94	686
770	969
508	969
645	974
211	453
51	235
109	671
629	966
124	979
765	975
204	450
350	733
737	913
682	977
286	977
468	725
794	895
758	972
7	286
397	966
586	865
383	802
457	751
575	972
869	961
901	913
563	854
711	752
315	523
807	985
366	754
727	733
106	120
586	757
451	798
52	823
506	993
487	751
459	918
343	972
706	795
692	860
609	862
917	978
669	876
452	649
878	986
470	932
952	972
795	988
335	478
352	418
21	813
86	942
191	995
829	986
741	873
507	706
419	593
484	988
47	950
152	249
776	867
403	999
678	938
752	924
829	878
259	991
815	943
340	421
396	996
611	884
253	947
55	437
305	814
112	190
26	904
460	873
768	989
840	865
592	763
352	781
252	843
847	989
632	835
659	938
282	951
199	953
634	881
976	995
16	724
98	268
906	936
15	499
409	655
221	833
823	938
331	964
721	890
707	726
27	967
60	915
858	895
481	908
668	1000
709	772
700	952
497	889
571	838
552	559
717	892
677	941
295	610
407	851
907	908
318	779
533	667
700	844
450	669
950	955
702	890
413	787
707	968
70	384
880	896
2	923
84	962
962	965
337	913
920	968
560	662
813	842
221	967
651	780
422	957
656	895
601	959
23	982
499	911
760	952
696	967
229	269
217	969
681	844
612	973
730	965
931	955
158	739
270	980
581	842
540	575
676	850
5	645
566	978
662	686
841	917
390	981
423	929
87	980
67	742
614	911
755	850
245	519
938	971
635	970
896	974
748	847
651	914
73	937
871	917
320	814
347	917
688	981
667	858
438	806
820	871
424	871
181	884
341	873
148	707
690	761
776	801
206	648
882	931
968	971
123	879
885	973
126	130
480	924
326	686
861	993
14	599
743	745
836	936
324	761
375	992
650	931
755	984
975	987
787	936
410	949
454	992
965	979
583	648
192	992
333	473
706	984
780	933
35	779
632	769
530	758
301	935
287	1000
521	938
303	715
798	923
564	756
321	769
334	415
303	836
363	887
407	893
569	726
283	369
863	944
508	716
52	436
227	962
738	885
108	718
757	898
252	911
79	431
733	955
819	995
777	998
402	791
784	893
654	783
29	960
511	963
48	973
626	950
543	952
821	896
707	794
163	667
779	899
839	950
758	961
596	899
97	986
389	606
499	966
416	968
605	904
209	904
779	791
336	450
131	984
506	861
313	732
115	976
323	925
82	570
106	927
188	966
568	958
315	512
526	961
600	910
223	923
880	964
792	851
121	683
649	802
112	863
420	979
15	930
538	971
211	576
515	987
730	912
273	636
672	907
61	753
332	987
239	759
115	989
519	813
197	762
453	459
439	561
359	797
39	590
655	859
746	977
56	530
231	531
83	404
864	969
327	993
360	941
437	636
542	918
602	969
671	803
333	515
627	733
393	566
940	964
959	977
67	810
480	979
208	520
719	995
278	993
56	651
424	818
792	985
52	946
368	923
454	926
910	977
65	885
109	928
81	829
213	756
634	749
36	305
646	988
898	980
942	986
6	547
264	842
96	706
90	891
761	830
67	944
764	872
342	883
240	606
969	981
471	475
302	666
816	887
85	439
387	481
879	943
20	953
455	652
132	901
332	666
299	489
590	961
694	789
427	674
513	714
139	917
837	959
138	958
913	954
99	966
603	728
673	972
640	795
772	951
194	974
106	861
785	890
237	792
526	666
168	921
561	623
207	805
433	559
369	574
415	690
406	870
151	351
887	914
491	685
458	508
427	929
466	857
521	564
66	923
551	672
46	685
748	957
679	857
780	909
54	805
269	693
577	580
482	986
535	849
77	937
204	978
834	916
89	762
215	349
170	872
25	454
491	927
799	814
576	742
287	639
20	524
543	565
975	976
727	911
845	866
385	881
863	920
266	701
390	996
238	639
324	642
926	976
917	927
722	917
741	930
479	930
424	994
56	598
606	742
960	974
243	424
440	938
660	978
2	483
810	922
483	527
414	693
190	948
251	406
743	868
495	766
674	997
426	932
407	653
882	946
835	871
747	987
796	879
625	997
193	320
432	602
41	946
550	823
338	940
486	838
150	889
400	1000
735	990
694	723
349	954
569	957
352	959
756	820
668	936
613	1000
654	772
127	962
531	823
256	618
30	800
428	846
78	962
348	557
895	955
554	662
592	954
198	734
781	826
907	965
786	904
409	954
469	968
703	906
72	514
707	796
696	903
603	675
797	955
411	919
189	806
230	844
505	554
18	924
54	618
876	955
237	968
526	842
691	909
61	513
97	170
575	963
811	974
112	973
332	976
929	966
201	264
785	958
329	678
568	960
587	973
397	849
704	740
96	332
487	742
616	627
695	920
795	858
115	870
271	858
794	899
505	796
104	452
832	925
238	452
577	635
683	802
822	853
712	981
491	982
31	997
227	643
218	594
264	939
896	923
560	974
285	769
579	987
665	990
530	573
199	702
262	758
759	810
831	915
891	929
789	918
462	523
257	828
398	767
351	692
62	589
12	997
172	720
653	993
479	877
515	534
861	942
280	933
583	705
30	721
183	1000
351	584
260	954
543	754
854	875
418	988
900	991
652	926
775	996
558	998
236	947
434	474
766	947
833	937
733	770
240	837
551	995
680	880
50	713
427	434
143	675
622	875
930	991
770	773
715	837
393	823
814	816
57	608
879	945
304	714
557	894
796	947
362	426
317	949
702	760
738	942
696	945
814	937
310	909
117	780
525	834
323	848
504	896
44	911
62	965
879	958
837	961
23	973
212	909
358	963
614	889
578	966
77	684
894	943
316	966
476	955
751	894
737	959
520	961
423	799
51	402
188	902
656	778
707	972
655	782
908	962
705	899
223	859
300	850
33	735
809	956
681	956
786	972
505	730
147	985
221	971
832	859
834	905
586	803
551	553
630	846
588	849
395	979
739	789
615	982
347	908
908	975
278	808
713	736
809	969
95	808
384	682
572	918
639	679
162	754
69	526
360	998
662	811
871	921
26	829
86	880
829	924
774	988
889	975
240	300
501	570
33	990
685	916
542	867
789	973
822	921
315	824
898	916
798	914
762	991
354	937
963	981
835	981
796	989
125	821
254	706
507	886
667	875
54	123
754	992
854	930
358	763
432	712
652	981
757	997
252	781
562	943
259	942
279	591
666	771
129	832
743	991
729	827
599	946
659	997
299	425
284	827
177	435
638	830
22	561
443	591
203	838
805	943
698	817
906	995
505	651
735	884
124	730
740	962
159	953
608	779
2	969
230	604
55	980
125	258
98	798
566	903
511	967
781	828
929	955
63	548
519	562
469	970
610	946
482	680
922	952
533	618
1	986
918	954
357	392
771	904
100	736
853	973
295	911
572	731
78	159
662	853
5	354
290	981
579	855
752	783
191	975
466	914
311	811
302	991
107	981
737	919
690	807
795	860
43	996
478	924
142	975
216	924
692	853
697	968
716	981
447	793
540	984
655	971
540	755
438	973
424	809
952	965
14	416
426	855
156	994
552	994
269	642
664	683
322	919
430	452
294	820
836	874
21	927
403	992
40	940
752	917
185	769
713	925
336	938
294	941
844	856
577	1000
48	656
227	887
326	637
738	810
481	659
521	997
125	997
851	872
441	708
446	823
914	928
775	998
541	831
668	872
497	990
392	708
170	366
268	901
254	774
548	726
587	654
518	820
187	949
677	813
627	992
548	847
362	428
518	941
325	775
757	957
512	601
374	896
319	960
214	678
16	959
833	952
115	672
619	848
434	839
635	829
313	549
36	914
237	904
140	971
264	283
434	960
470	617
234	606
43	809
552	915
10	632
395	968
670	907
804	907
246	616
848	950
705	901
11	978
876	904
628	802
292	853
308	797
468	786
308	568
695	977
201	442
373	697
832	982
188	917
871	910
664	846
801	851
226	391
685	905
165	869
473	985
142	922
945	980
274	812
383	984
245	525
198	938
632	870
306	885
488	862
350	928
630	982
151	947
132	705
285	947
495	528
541	873
238	872
357	823
544	649
141	939
683	993
898	918
218	893
819	975
444	832
29	590
287	885
381	483
317	993
372	700
451	993
537	996
826	870
974	997
872	986
388	644
756	811
884	996
502	665
106	665
749	771
231	845
64	439
757	891
261	953
641	945
622	703
398	958
921	999
134	885
937	943
422	763
14	968
707	895
886	897
784	886
102	263
365	902
6	969
469	730
648	961
703	897
138	896
246	429
191	493
209	547
355	830
88	257
420	730
635	655
640	962
455	953
155	661
334	663
867	897
471	897
605	897
75	668
806	887
825	900
448	913
200	848
234	432
566	905
695	790
211	448
629	961
6	982
147	921
758	846
587	964
315	505
399	913
688	787
237	851
545	967
462	969
677	894
682	972
385	456
161	977
813	903
362	967
524	800
918	956
477	688
573	921
94	923
498	747
468	841
676	790
970	971
563	849
623	634
15	226
175	215
166	395
639	844
24	985
43	998
841	978
813	916
637	919
697	970
339	996
755	911
177	934
774	924
237	985
889	911
130	859
768	850
658	978
680	737
831	906
253	929
449	575
239	765
674	693
445	870
522	565
706	911
871	978
912	979
57	236
475	749
576	801
727	970
9	690
759	922
537	809
148	768
602	975
662	989
13	580
82	939
519	940
434	573
15	360
194	591
293	304
336	940
551	865
592	637
363	814
440	997
808	935
558	989
131	656
912	992
241	824
764	865
805	866
969	974
699	884
41	884
638	645
539	868
20	946
736	887
636	949
851	874
942	992
9	824
446	825
377	954
770	885
522	820
935	989
814	928
585	876
934	993
731	930
698	753
529	944
156	204
147	613
441	602
565	897
802	810
592	1000
564	938
522	941
599	895
626	769
423	669
39	972
55	916
66	782
888	890
230	890
703	844
348	616
205	833
171	431
517	839
189	973
412	493
675	903
876	893
177	855
619	971
418	429
313	901
654	965
113	318
552	917
169	627
408	909
81	285
265	860
628	683
732	740
126	930
883	909
506	922
406	984
189	986
357	799
524	976
945	969
482	979
595	856
540	920
162	745
957	979
79	747
459	968
505	855
85	232
651	909
188	919
389	909
394	987
549	632
218	761
528	923
607	987
211	987
646	915
546	977
665	928
679	863
766	980
926	969
917	920
581	971
276	335
699	926
372	568
859	915
644	761
382	990
938	979
836	931
335	649
379	692
98	184
56	941
861	880
740	819
206	656
335	541
849	991
546	990
434	520
76	775
557	590
273	831
185	947
207	477
446	759
979	993
192	879
393	869
687	821
392	644
282	772
356	721
777	980
956	982
689	867
235	431
735	983
933	998
174	192
738	759
638	821
677	749
789	990
613	764
800	819
134	995
860	870
782	950
740	953
738	880
812	829
569	842
489	819
47	208
626	824
43	503
82	431
156	380
557	724
818	994
702	819
69	906
196	947
289	909
586	607
536	786
575	714
645	958
684	886
413	837
3	673
261	968
295	552
131	858
179	606
93	337
390	789
137	380
55	984
867	899
311	681
452	620
490	912
911	942
396	725
382	561
6	984
788	956
325	966
567	728
765	972
121	678
690	798
621	964
813	905
546	561
744	805
174	918
394	692
433	620
512	913
42	735
271	743
577	749
359	563
861	922
484	972
327	759
239	875
244	990
882	981
835	906
940	959
747	793
582	985
339	998
521	746
636	696
856	965
457	990
762	808
541	809
342	865
447	918
452	996
166	639
597	862
624	699
541	701
269	996
305	690
780	983
599	642
395	583
317	929
449	819
178	999
169	950
24	303
645	879
543	868
364	896
842	935
391	999
363	937
499	532
247	991
44	891
646	996
687	997
902	922
33	244
164	727
458	945
907	1000
497	873
502	951
620	943
284	994
325	537
757	948
421	999
976	992
934	995
153	955
328	956
381	553
928	951
45	604
568	645
69	961
735	822
911	984
346	946
649	718
387	718
19	322
464	938
279	892
517	949
635	941
24	787
547	828
524	844
807	903
765	906
443	892
682	908
818	954
422	954
615	854
730	841
716	906
600	960
686	734
359	376
572	898
415	914
248	279
412	616
246	849
91	975
760	841
484	906
186	983
607	976
373	809
445	914
87	977
145	393
885	957
650	794
149	808
83	683
459	970
5	534
527	579
274	924
378	981
46	922
539	562
819	845
70	986
755	860
741	925
759	979
537	866
338	922
899	989
439	745
590	648
636	764
634	920
70	878
446	869
565	820
479	817
284	807
933	987
124	589
569	939
192	989
646	930
775	815
673	767
617	872
925	988
667	989
185	949
460	925
418	928
160	892
638	931
523	715
784	985
555	933
118	895
835	987
921	990
21	999
618	989
337	710
805	815
870	944
823	869
381	487
735	985
661	770
867	875
671	1000
886	888
770	942
314	433
747	995
948	985
280	297
469	721
670	711
4	887
496	595
724	947
388	998
379	949
728	837
557	955
785	819
596	654
26	272
573	670
614	708
867	888
948	998
492	718
626	947
422	888
594	850
874	904
13	87
381	742
771	897
790	910
426	606
885	891
274	737
370	445
507	679
545	971
801	897
82	917
40	920
458	679
171	622
245	571
372	612
396	969
541	569
431	697
843	907
567	972
864	966
354	864
244	992
68	995
835	908
899	923
697	974
309	340
529	572
708	803
245	813
523	757
473	936
954	980
54	989
250	635
852	969
203	523
263	574
157	821
745	991
882	996
720	934
183	995
269	998
319	590
398	883
599	644
939	978
428	762
923	970
689	803
653	880
647	806
721	755
872	924
25	759
453	940
594	650
351	929
475	995
791	935
510	693
854	991
509	993
946	994
448	717
668	986
71	767
797	871
184	415
356	899
288	472
155	357
399	717
330	883
715	953
668	878
76	966
194	958
969	991
661	838
867	943
416	778
374	781
18	853
615	843
463	486
279	665
55	920
316	961
672	825
94	619
709	892
728	905
566	843
890	940
807	905
820	844
765	908
952	1000
778	847
349	441
781	889
711	793
834	900
737	967
470	852
179	676
533	908
588	615
720	734
494	916
623	801
741	793
732	973
748	954
189	990
835	842
744	983
623	922
516	567
1	121
75	861
424	978
861	979
919	957
556	905
938	970
583	742
762	973
509	564
454	628
701	734
67	862
115	344
755	970
543	562
312	629
616	811
674	981
968	970
720	868
632	755
865	963
590	758
306	999
488	747
634	801
861	992
262	929
701	976
99	413
835	976
291	583
766	876
838	981
815	997
157	997
190	945
78	475
129	935
148	948
247	927
393	981
863	930
269	945
425	704
549	999
754	879
427	484
418	930
432	828
578	882
826	984
531	807
817	935
663	697
575	584
511	828
337	712
851	933
796	997
689	871
358	1000
955	990
927	928
564	876
435	954
830	995
489	702
346	882
846	939
221	887
601	879
293	497
64	674
215	843
564	997
784	1000
200	949
723	990
756	938
291	838
492	828
874	893
192	307
867	890
242	838
811	958
897	998
368	654
929	950
626	949
409	951
788	947
168	973
98	914
695	904
767	780
505	780
758	960
515	973
586	624
663	844
704	845
506	860
244	860
767	901
574	735
887	966
692	727
783	845
716	855
769	947
526	960
727	950
460	606
226	439
405	670
765	976
152	224
244	981
560	958
637	912
582	976
375	912
320	976
480	965
664	786
540	979
755	904
722	727
89	814
162	804
951	964
533	976
51	936
555	735
156	989
500	799
725	917
241	804
414	732
89	935
746	976
713	799
966	979
644	928
220	866
165	930
583	689
225	981
729	743
783	979
741	982
636	700
278	992
498	995
518	681
574	990
109	927
866	869
711	995
631	972
386	646
611	993
882	998
393	807
580	633
673	824
464	687
777	918
460	982
754	934
391	882
41	998
330	643
476	926
624	824
682	765
520	703
714	754
893	985
543	872
469	657
548	950
988	993
592	993
740	891
779	819
242	880
946	996
209	703
930	988
800	878
920	943
469	778
21	359
274	539
403	424
661	719
201	1000
545	773
603	714
167	598
915	986
464	821
615	953
730	940
512	717
187	957
346	950
131	796
337	901
786	956
612	840
142	662
598	676
111	265
228	850
536	966
27	42
216	961
205	839
67	609
315	445
994	999
892	951
308	671
79	619
84	963
579	905
49	676
753	792
596	845
380	961
364	687
517	966
572	902
778	970
695	972
235	987
790	980
688	969
889	959
567	908
908	972
748	956
197	816
394	872
336	867
229	741
382	983
239	934
660	964
808	862
233	631
123	759
12	928
177	995
667	859
367	567
162	872
303	582
88	105
967	976
571	747
736	814
92	749
400	636
620	639
754	868
729	811
164	773
692	929
750	870
650	932
595	996
524	527
111	883
326	808
553	999
188	349
854	927
551	926
124	822
210	596
228	650
789	983
503	589
486	945
346	642
263	873
425	706
645	938
645	709
422	637
159	937
66	709
272	814
425	827
860	984
510	871
804	823
793	930
215	953
586	600
168	612
489	704
816	833
580	822
179	478
268	964
87	660
689	994
238	304
837	892
78	840
620	894
545	720
490	784
209	771
140	900
663	941
599	956
714	943
464	997
698	935
362	720
670	836
279	951
389	594
55	977
676	772
313	720
566	900
593	774
629	956
931	998
443	951
200	964
542	664
505	782
496	962
482	798
683	788
292	903
572	957
685	834
552	978
156	978
1	875
862	911
540	860
526	962
433	734
116	798
880	965
658	852
947	955
244	983
136	632
750	791
650	853
282	457
655	968
493	906
457	983
713	909
116	690
145	573
747	907
780	855
31	996
213	973
419	812
1	70
542	919
220	868
710	732
803	923
729	745
822	973
522	681
7	989
692	863
659	686
158	929
414	855
364	997
768	858
840	963
451	922
160	709
638	748
569	877
434	689
687	869
847	858
548	939
653	992
620	815
28	940
102	889
45	355
182	589
701	925
238	935
93	251
442	930
777	920
106	715
513	581
900	990
611	887
160	951
605	813
715	944
30	841
355	409
379	995
599	998
103	602
631	987
791	939
587	880
702	867
946	998
784	936
448	721
888	993
258	826
714	877
629	998
441	947
243	962
50	833
430	825
600	711
738	941
402	726
11	841
654	947
179	425
566	834
915	988
15	731
436	724
744	840
430	946
908	948
677	823
203	903
392	839
192	485
538	893
582	670
353	847
614	888
517	955
176	662
319	970
630	832
520	960
938	948
500	722
436	966
463	611
848	947
820	848
579	907
178	563
288	960
417	845
342	671
383	968
639	894
787	792
919	948
179	909
79	971
810	897
451	964
704	915
327	928
60	813
743	843
748	958
299	866
159	563
898	902
361	926
322	971
275	859
473	874
197	939
434	623
324	751
491	928
57	407
318	448
394	995
226	859
28	874
845	867
211	995
371	984
250	923
747	975
736	816
644	998
316	644
756	916
66	469
921	983
420	472
313	346
516	934
731	859
53	944
736	937
400	988
59	695
129	939
812	932
509	931
668	924
90	947
286	593
313	467
492	698
967	991
103	657
309	991
488	993
703	881
312	996
353	768
8	770
13	885
89	200
314	547
360	663
733	945
37	949
601	991
785	812
471	881
605	881
434	999
272	937
459	534
552	725
524	663
40	321
504	950
127	963
297	886
561	666
354	602
915	935
901	1000
51	564
772	886
78	963
499	956
709	951
423	853
610	945
250	373
417	550
771	782
320	846
628	733
484	954
33	789
51	577
35	569
114	862
670	851
241	445
554	905
58	967
719	972
328	333
690	914
602	838
301	846
884	901
903	914
540	862
562	621
369	980
47	929
877	898
142	974
579	975
477	927
857	919
535	905
361	981
898	957
958	971
655	970
493	908
768	847
61	985
74	924
726	850
137	980
852	962
53	986
134	682
810	965
139	760
625	919
798	847
924	986
844	963
541	925
492	511
311	355
531	624
522	804
236	935
650	989
851	979
391	994
28	942
69	714
863	989
902	917
544	943
678	943
183	412
983	990
399	710
421	994
536	715
522	817
539	986
976	987
167	589
594	656
249	887
772	928
805	876
909	933
532	946
298	779
793	987
72	436
927	987
187	948
536	836
696	825
575	764
365	954
510	820
763	1000
293	556
811	896
184	771
277	962
392	949
538	774
573	960
952	993
520	841
422	949
719	906
619	968
223	968
383	957
773	883
140	970
391	552
478	965
309	375
424	621
418	547
220	562
588	729
189	983
403	912
383	970
820	971
190	804
878	912
657	684
257	979
90	573
107	927
253	981
690	982
618	850
361	928
328	751
218	879
801	971
284	452
657	697
650	923
956	966
493	976
451	979
146	868
646	925
48	710
464	625
488	982
925	983
340	818
226	982
381	590
881	913
3	415
476	864
442	987
337	705
20	998
777	977
502	772
837	991
64	546
578	996
490	883
872	985
443	579
412	1000
179	240
571	993
230	700
750	995
128	423
312	998
642	644
210	721
531	813
839	929
121	649
319	893
300	651
220	362
934	937
612	886
101	670
44	136
529	888
202	493
133	659
793	934
526	590
154	947
737	773
728	953
814	993
29	952
767	881
712	945
922	940
297	888
724	955
682	958
390	786
174	902
760	999
130	832
600	781
278	730
572	948
176	719
186	912
850	892
762	779
748	881
459	778
712	958
753	959
868	946
546	666
348	910
642	899
628	964
466	673
732	792
718	894
487	961
220	617
695	910
753	851
496	966
260	918
576	666
493	668
498	975
873	889
732	913
138	440
878	967
652	661
602	840
398	515
447	902
213	735
829	967
903	916
359	789
278	864
787	970
382	921
643	962
637	918
750	795
498	988
666	801
294	700
574	983
481	755
238	805
847	849
865	903
153	697
376	446
551	972
102	880
88	982
446	690
372	741
845	924
643	975
266	988
227	996
17	405
289	827
932	933
335	714
626	863
659	811
497	749
328	940
925	930
610	626
83	880
408	411
611	999
839	863
729	991
902	919
324	942
267	408
888	984
604	996
645	997
125	998
460	988
463	468
193	607
30	845
709	874
117	999
49	306
133	943
596	704
969	986
532	948
707	949
512	710
718	815
869	984
827	987
192	476
964	992
559	943
578	956
779	946
283	779
319	961
167	604
795	890
175	953
615	959
554	949
807	900
176	774
267	892
809	946
883	895
346	956
206	387
161	910
119	913
91	851
223	970
704	785
695	965
216	967
832	970
558	667
241	502
414	659
603	854
652	716
597	780
385	631
173	223
692	788
329	736
475	790
26	698
447	957
609	790
584	962
157	629
625	734
181	986
556	900
776	903
436	983
370	858
609	911
595	976
218	989
326	559
345	572
212	686
787	917
294	984
674	747
665	927
525	624
306	994
507	984
796	858
782	923
553	871
162	986
196	570
638	686
421	917
118	879
302	471
398	933
219	473
659	974
571	861
332	350
309	632
330	691
233	987
44	822
374	697
420	584
673	764
530	981
332	471
750	984
906	972
235	538
501	923
724	931
154	815
481	944
742	985
117	933
198	592
258	414
538	697
791	877
675	702
358	995
532	882
848	859
578	998
316	998
784	874
302	605
654	993
401	584
502	895
417	528
307	656
207	718
205	874
110	785
112	831
621	708
84	769
132	251
120	951
601	995
730	880
821	998
936	985
86	549
807	834
91	664
215	959
793	936
834	937
448	901
888	944
767	883
693	705
656	823
205	887
587	952
17	836
922	942
773	819
195	842
503	958
200	957
797	947
38	895
640	963
128	788
394	907
457	963
676	778
239	740
706	886
799	848
439	542
577	735
66	970
836	851
316	327
354	619
257	915
444	741
898	948
540	974
787	851
518	663
181	812
456	980
745	854
607	920
137	742
95	974
527	631
81	581
628	979
636	803
727	958
149	981
570	974
778	923
363	681
643	964
624	685
351	792
2	409
521	974
125	974
810	848
498	990
231	875
437	980
836	985
734	974
296	977
222	762
172	941
669	993
787	985
248	936
140	585
860	911
184	399
497	859
617	924
488	810
469	531
119	418
537	931
740	765
160	944
217	926
250	874
186	593
236	939
277	711
566	585
906	919
502	829
870	996
770	994
228	711
585	985
673	832
411	832
221	937
307	711
255	292
293	547
900	996
677	924
462	770
145	834
286	773
571	942
524	830
100	539
69	960
927	991
724	891
765	892
869	986
222	909
593	822
813	825
241	370
535	588
619	959
806	822
198	902
189	853
510	945
477	502
86	617
208	314
603	843
869	999
101	861
753	787
472	545
516	551
595	844
488	489
341	964
542	954
261	446
390	856
26	808
394	975
158	964
774	967
180	494
512	967
295	969
553	739
105	320
607	975
211	975
665	916
296	790
752	841
117	330
535	843
843	959
796	847
919	954
298	341
382	978
726	788
349	801
776	905
849	858
701	731
114	934
659	734
249	570
454	975
743	849
165	872
440	811
789	965
849	979
85	583
159	569
546	978
775	801
835	852
926	970
444	930
15	295
317	862
840	903
336	875
652	852
798	906
569	817
720	986
761	987
214	360
750	865
199	991
548	879
386	817
553	994
485	796
344	820
826	860
187	873
457	468
94	416
16	991
527	941
217	752
442	870
309	984
691	756
536	882
233	881
580	925
68	484
105	817
532	884
807	823
867	874
378	417
13	999
489	928
621	818
906	987
598	834
95	479
35	199
909	992
702	928
647	992
862	880
848	982
163	879
108	943
545	944
108	714
364	374
355	820
795	826
84	1000
599	951
353	895
298	959
876	936
633	949
256	962
457	952
584	764
355	941
52	903
809	882
50	76
186	903
234	651
368	651
676	767
929	947
290	960
450	949
973	990
2	264
556	823
704	721
649	785
514	826
274	844
669	848
512	901
567	608
537	665
556	715
308	613
65	855
294	449
459	782
494	968
356	509
366	968
180	549
947	950
24	975
8	213
574	853
618	667
42	965
116	914
727	839
133	329
135	927
23	457
281	981
298	396
107	865
817	961
449	565
686	922
28	922
759	912
349	748
674	804
104	688
835	907
296	858
819	899
342	974
221	684
37	863
856	966
83	979
193	356
532	576
592	856
148	879
113	858
187	807
421	974
454	922
150	925
544	815
953	983
111	933
400	807
372	745
465	936
551	976
738	802
242	864
476	802
149	407
710	740
930	972
761	934
687	756
860	913
227	1000
442	925
571	810
166	990
455	864
231	890
418	982
430	807
812	872
495	936
99	936
932	937
575	636
742	813
296	992
497	982
170	587
373	421
516	995
851	985
703	821
64	605
721	875
449	941
784	931
388	931
302	662
723	921
343	407
620	944
661	945
614	870
149	770
256	667
435	898
402	721
489	875
487	765
654	942
855	932
249	893
477	491
702	875
339	786
499	775
306	609
397	993
297	826
85	906
570	655
308	426
329	714
441	955
348	727
48	206
56	555
517	950
603	953
61	670
138	365
470	838
392	955
246	837
788	891
15	150
794	827
365	384
141	676
686	964
493	835
74	851
588	843
533	907
63	729
808	846
535	953
769	891
768	895
369	920
446	615
484	907
343	904
255	791
306	985
92	504
479	913
653	800
537	854
757	857
523	690
165	982
743	959
297	384
835	962
833	852
260	990
461	980
669	929
534	970
620	744
570	923
432	693
129	692
550	685
803	865
569	698
164	878
508	688
525	628
865	962
562	924
345	926
592	803
536	642
835	975
300	402
921	978
249	814
20	991
735	973
97	716
754	986
826	862
504	811
638	811
27	657
723	855
520	526
967	986
18	773
185	950
499	588
397	806
559	639
335	894
803	999
104	998
115	827
318	698
244	483
254	942
307	768
936	976
380	758
633	938
55	961
807	825
77	491
333	942
663	817
145	891
401	588
492	935
695	769
730	992
408	712
760	871
311	779
420	951
943	992
602	699
276	943
150	309
40	437
353	897
397	940
980	995
809	884
728	959
929	949
290	962
799	839
843	882
325	956
889	998
792	836
267	951
341	900
556	825
778	901
129	492
616	839
864	941
354	610
519	677
637	898
752	885
898	939
31	859
595	672
572	954
437	729
440	734
472	952
766	904
577	739
40	800
669	971
727	949
181	924
146	903
817	842
354	852
558	847
940	949
783	965
320	975
650	850
553	917
262	970
437	742
836	976
951	963
291	624
131	406
465	925
501	619
391	747
162	924
284	621
148	989
363	914
555	855
200	627
180	685
92	801
359	916
224	691
377	933
611	871
726	858
110	589
638	974
770	864
723	789
217	688
425	866
48	879
777	796
694	990
129	989
132	994
398	884
444	1000
604	989
29	758
538	635
923	971
656	856
680	984
399	705
256	656
624	823
622	750
346	815
566	589
78	1000
210	890
339	775
886	944
619	829
677	807
326	994
568	756
325	998
707	834
760	926
163	707
779	939
591	888
828	831
76	967
323	844
610	874
793	995
378	716
672	934
760	818
880	883
314	960
388	946
286	898
693	993
142	890
376	828
651	767
91	844
655	657
135	850
773	878
570	778
547	831
146	487
982	988
440	668
450	898
832	963
338	428
147	860
193	976
136	442
741	781
94	970
685	886
704	899
588	953
189	978
343	893
21	842
563	896
549	732
669	797
938	958
79	968
762	961
877	948
388	491
766	851
208	560
521	791
567	907
842	846
787	910
102	807
224	504
33	973
465	630
674	969
266	915
720	856
11	396
558	794
604	681
783	912
903	977
741	915
634	789
694	803
28	979
336	866
569	808
921	967
351	851
136	697
838	969
516	918
483	512
493	971
275	977
36	466
872	967
605	623
150	982
766	985
67	984
483	633
254	810
601	854
641	926
541	988
816	927
902	967
52	531
167	518
733	929
497	918
879	983
249	816
340	934
240	996
529	870
634	923
675	695
914	977
249	937
428	939
417	521
707	768
297	870
144	362
672	747
140	657
511	829
271	588
587	824
955	991
110	899
325	824
738	993
600	763
765	830
171	357
300	767
508	945
561	771
547	873
510	991
629	942
890	983
4	890
719	835
182	896
350	709
584	647
200	950
704	712
556	585
98	673
27	204
235	907
818	999
381	961
444	492
153	545
760	994
980	997
168	853
154	955
345	486
484	830
374	958
186	907
10	910
21	776
427	969
586	962
965	995
280	892
473	792
404	958
478	907
679	897
95	846
616	733
49	851
954	957
136	739
604	844
466	910
947	954
369	977
699	852
322	902
275	790
239	867
225	969
247	728
104	679
300	325
819	890
370	798
764	954
678	685
898	954
361	978
726	847
247	849
481	750
627	841
11	343
126	293
912	973
29	626
750	911
72	996
722	849
391	978
740	866
418	852
485	613
611	752
743	908
949	976
214	527
282	927
939	968
708	806
735	909
840	962
756	968
420	753
934	974
84	575
571	922
139	999
120	757
161	529
331	940
224	814
427	648
721	866
611	994
517	578
756	860
800	866
263	927
323	941
571	814
791	817
255	285
377	948
614	632
201	988
173	889
159	991
682	995
608	817
76	956
733	997
874	936
934	987
323	833
455	989
45	825
702	866
647	930
886	946
672	694
85	897
580	876
888	992
700	941
818	933
904	936
821	938
284	999
485	989
232	543
894	928
880	993
369	777
797	995
93	613
681	820
739	990
513	943
287	600
438	769
691	949
607	955
681	941
827	995
780	883
128	728
439	590
329	718
755	826
322	944
630	831
124	205
327	793
266	783
555	657
899	955
706	826
940	993
549	842
170	967
579	906
866	899
287	963
328	735
669	799
378	852
667	726
322	957
778	971
456	920
79	970
509	783
9	847
653	683
18	172
740	800
368	965
467	907
558	796
150	742
618	847
884	966
345	688
515	574
465	982
243	640
437	920
726	794
960	961
123	989
88	214
186	291
631	907
39	995
59	681
465	874
248	876
430	624
872	969
266	930
830	972
134	976
488	979
395	751
826	974
564	974
738	861
589	738
489	800
599	931
62	992
263	982
4	987
702	800
554	636
96	761
108	815
490	880
278	472
751	921
718	744
629	931
73	713
532	998
427	716
325	934
22	896
797	929
883	932
962	996
46	472
901	986
557	947
813	873
596	875
802	980
936	980
50	887
256	955
545	829
619	778
435	957
691	883
855	991
492	939
423	839
973	983
307	893
744	894
804	945
950	999
210	960
182	898
880	940
267	942
809	996
855	883
748	757
546	771
799	951
802	993
53	609
292	891
567	830
405	768
929	953
528	609
450	955
183	840
329	894
576	771
788	950
9	431
107	966
597	830
602	945
385	910
560	948
403	964
563	953
62	442
236	329
856	946
176	958
262	961
33	909
74	910
652	658
294	913
60	746
528	851
555	725
9	673
229	676
845	908
627	722
857	918
958	970
840	951
281	987
454	915
724	739
476	674
836	980
178	980
291	628
766	921
273	988
483	569
708	916
823	903
534	800
449	921
528	985
839	847
266	985
536	809
272	736
166	983
240	932
372	859
358	924
705	739
261	991
605	801
654	922
714	744
934	976
631	975
137	403
376	685
763	865
823	916
169	355
331	942
224	816
339	537
737	812
797	863
828	930
420	647
907	994
612	817
698	857
505	691
703	935
276	639
384	401
224	937
25	993
300	932
429	817
341	704
468	516
640	1000
497	988
772	927
684	814
937	994
785	866
582	766
909	932
353	714
614	984
297	819
302	897
691	709
952	979
277	840
304	943
478	830
786	946
367	999
615	835
205	937
922	992
121	943
591	892
792	882
649	833
596	943
615	956
174	954
155	712
35	381
12	892
334	943
931	933
688	946
232	666
245	376
556	992
952	992
864	879
822	882
827	997
422	948
683	952
683	723
498	906
603	959
745	783
877	939
514	887
808	839
725	841
637	957
857	960
664	831
301	779
931	946
447	833
75	961
657	791
10	980
539	543
683	965
447	954
306	978
70	967
859	898
382	973
558	906
217	613
535	959
611	917
715	745
384	911
907	915
221	624
400	855
419	868
741	919
823	958
518	847
165	988
206	989
412	865
458	981
833	858
893	909
276	452
77	471
415	466
291	696
122	887
309	750
925	982
331	997
237	581
182	645
256	594
25	927
761	995
921	984
148	243
538	923
445	466
617	987
636	1000
785	800
152	887
110	890
466	525
13	994
536	998
710	922
97	133
401	810
874	993
216	764
279	820
867	990
504	938
605	990
779	877
283	939
443	928
811	829
148	485
220	361
557	949
895	944
581	754
584	759
897	990
772	995
725	883
193	793
862	888
809	998
401	944
198	844
676	883
137	605
799	953
596	890
711	840
614	944
364	503
188	957
752	999
375	783
669	964
153	441
232	734
111	444
176	839
773	829
19	855
487	960
776	834
454	783
440	848
385	912
555	606
183	963
940	942
258	319
411	561
361	969
576	665
268	512
259	729
708	784
61	973
534	668
456	977
831	891
643	840
729	843
762	791
145	563
114	984
893	951
7	858
912	964
405	904
102	866
570	971
242	617
662	974
66	391
305	673
403	979
477	928
604	969
356	867
731	781
461	920
144	984
942	964
708	797
498	987
680	964
224	684
451	912
437	977
160	928
784	792
268	875
510	674
823	905
694	983
513	679
467	977
641	864
777	910
529	808
534	923
205	684
127	764
710	856
453	934
731	915
953	991
312	931
372	982
633	986
793	975
688	693
927	975
182	821
333	990
696	813
902	918
543	985
724	996
591	881
580	988
217	936
14	82
19	426
327	542
918	983
684	816
288	816
785	868
702	870
226	352
489	991
630	701
684	937
494	776
347	763
361	432
190	550
718	935
503	781
561	722
354	658
679	943
940	984
491	892
232	897
172	617
573	961
820	838
88	889
456	790
247	653
280	601
142	896
246	953
498	908
713	833
322	948
118	394
678	731
625	841
748	948
51	983
211	972
151	692
412	962
178	795
197	808
357	797
539	774
722	895
45	387
41	682
430	494
476	610
385	980
500	967
458	970
577	921
155	969
544	744
375	972
507	862
529	621
553	978
190	926
293	344
74	980
349	919
187	857
495	744
622	785
830	963
948	955
585	903
98	290
70	982
231	819
638	914
108	456
99	865
462	688
253	285
34	921
461	988
309	860
414	913
271	339
113	921
32	996
830	976
797	799
365	876
585	916
846	920
59	806
587	925
229	988
490	992
779	866
858	930
200	930
635	858
544	999
700	987
879	989
288	750
735	981
119	712
265	766
182	997
330	932
397	922
94	884
168	833
709	928
65	368
417	756
174	769
105	935
721	938
809	987
962	1000
681	987
404	938
304	1000
381	954
821	997
53	600
122	205
996	998
760	987
658	710
295	658
795	944
330	356
509	587
753	947
271	715
725	885
463	885
568	938
843	877
480	825
672	995
37	484
484	944
718	882
748	990
65	731
90	495
563	715
394	906
567	834
732	901
331	557
910	944
373	968
607	906
390	908
692	950
711	963
549	901
411	442
213	723
405	893
479	842
861	907
625	896
845	899
745	961
248	680
542	898
798	824
500	901
882	966
222	398
540	973
655	960
433	847
722	950
479	963
185	516
713	901
207	275
597	955
270	560
252	920
761	797
241	798
326	842
435	748
643	963
151	989
319	573
444	982
134	793
208	742
139	871
650	858
958	974
42	975
18	352
44	984
35	935
65	289
631	966
805	853
629	856
231	995
295	458
157	938
647	802
578	931
36	648
316	931
471	576
550	869
756	974
254	992
736	995
918	972
909	923
895	988
399	821
22	605
113	989
195	762
622	866
167	700
781	859
506	654
621	641
901	924
772	810
513	815
287	472
531	869
345	413
52	834
404	993
579	765
161	777
496	996
978	999
422	818
408	883
34	413
466	824
746	878
952	983
391	421
24	893
767	937
304	947
607	719
128	950
651	991
169	722
119	901
769	983
199	601
637	948
389	883
609	886
553	725
364	560
993	997
646	889
632	725
764	881
884	946
223	971
56	565
685	773
253	850
646	781
458	959
711	910
461	964
590	620
336	740
644	856
726	895
500	848
665	915
214	225
766	967
86	979
258	268
571	728
171	794
518	838
900	903
666	736
652	838
456	926
817	905
500	969
324	972
257	982
539	668
296	910
461	977
870	916
551	907
647	844
233	975
481	811
467	913
176	212
948	957
277	523
404	564
328	983
133	744
823	962
909	965
465	988
231	821
900	916
261	929
206	993
517	626
365	757
290	583
749	868
251	857
812	924
710	913
715	991
833	983
371	400
598	820
290	475
207	935
73	477
496	580
515	822
143	950
36	824
624	994
751	806
44	944
608	986
723	973
489	806
379	934
525	988
225	696
263	988
874	876
832	879
918	919
785	804
749	881
587	819
746	812
658	699
682	827
346	878
602	804
234	408
910	920
593	984
786	884
390	884
846	935
12	709
344	953
908	995
719	830
218	548
264	664
732	769
50	183
38	883
943	989
987	995
996	1000
600	1000
180	414
397	937
591	951
584	763
188	948
436	784
12	951
482	900
530	648
664	877
783	828
361	610
474	487
534	538
121	894
503	959
778	898
794	879
68	738
857	898
843	1000
850	895
373	970
192	895
607	908
935	939
374	377
315	736
461	790
956	998
366	967
308	962
924	965
280	900
822	954
863	955
882	968
519	916
99	330
393	548
398	855
431	803
21	905
477	919
563	959
650	847
359	900
592	613
657	971
574	973
775	963
370	914
117	505
171	970
823	896
331	693
509	965
60	873
946	966
784	904
314	460
486	981
764	962
34	857
455	850
216	339
699	981
559	678
8	804
705	732
770	861
173	642
816	977
305	798
379	747
520	686
139	994
870	984
890	899
298	758
647	912
485	621
737	805
907	987
640	643
290	530
923	968
501	979
494	525
380	689
816	990
640	764
46	291
304	815
953	995
610	858
152	946
633	990
154	992
443	866
181	600
267	640
106	951
885	918
45	941
174	826
642	931
504	997
107	772
556	635
709	877
253	597
915	982
132	307
786	831
496	998
320	772
397	992
760	815
19	780
360	844
440	544
799	891
199	603
507	719
801	937
212	313
341	952
556	877
616	891
982	985
173	321
169	616
310	555
609	888
328	380
314	970
743	824
473	963
65	909
926	945
125	896
180	603
254	552
875	899
861	964
331	506
105	429
666	725
518	598
671	840
836	907
299	968
896	958
82	970
426	780
24	211
72	925
410	920
844	889
252	977
761	854
837	849
185	694
97	581
229	966
900	905
178	920
351	848
617	967
276	674
796	969
870	918
326	791
312	856
694	921
72	120
527	700
370	982
29	689
175	743
268	705
418	915
163	625
779	857
691	744
407	985
302	703
830	859
324	987
387	518
497	915
120	928
601	743
463	513
196	923
158	402
591	927
825	865
80	711
682	816
525	869
907	934
629	926
615	991
642	865
806	973
880	922
723	975
360	886
816	937
943	978
399	999
688	873
760	978
894	978
314	891
957	997
286	829
593	986
684	875
73	950
109	644
482	889
105	939
72	496
149	945
473	776
514	814
822	930
423	955
101	904
739	932
646	704
904	999
752	871
581	989
6	263
190	838
938	997
649	894
387	894
332	958
734	938
371	886
660	760
290	961
450	950
491	951
972	995
788	945
455	476
327	964
671	774
965	992
8	430
519	905
252	790
679	894
706	768
885	999
639	943
658	956
80	979
391	841
239	972
311	323
137	961
734	951
172	918
92	666
259	843
395	438
787	962
924	967
294	800
242	610
627	717
632	795
783	964
645	734
939	952
428	736
782	968
83	967
157	687
377	919
266	859
789	900
472	964
328	919
611	978
728	745
907	976
122	935
502	927
180	913
455	852
501	968
622	965
173	873
314	583
539	967
580	739
296	980
893	970
411	930
612	691
120	754
381	758
26	301
193	478
22	825
333	983
828	925
43	884
566	696
170	467
818	917
4	929
894	912
839	976
168	771
858	989
135	594
379	991
594	879
186	825
401	750
299	702
63	462
376	922
524	820
340	999
276	755
670	874
50	937
499	992
311	941
691	933
438	524
589	922
365	948
640	887
679	815
524	941
610	981
670	766
342	412
719	887
149	771
658	877
484	761
281	661
776	869
404	997
142	997
665	772
852	864
656	989
575	1000
239	785
541	598
486	662
720	829
544	603
568	997
642	946
752	818
788	1000
378	836
80	913
630	828
95	898
114	911
375	952
494	903
755	944
856	996
1	216
639	998
498	793
588	952
803	840
500	839
431	968
706	944
780	893
945	960
131	218
260	857
246	959
194	503
204	962
708	724
28	736
322	954
778	968
542	957
393	834
315	914
328	853
648	794
529	614
317	960
766	971
530	960
277	514
796	850
331	979
578	856
564	958
60	930
316	856
622	899
168	463
555	909
830	848
324	976
893	904
534	971
675	910
157	984
14	935
94	635
737	741
828	859
93	410
590	987
230	681
331	992
212	812
210	702
900	920
91	522
761	990
59	920
202	474
152	882
876	913
243	1000
45	527
614	913
476	979
916	985
332	934
712	926
395	990
147	888
785	916
482	878
62	63
325	931
862	870
521	577
292	754
663	926
157	300
415	824
506	942
43	952
5	431
607	765
786	996
739	921
376	869
413	936
17	936
774	878
171	356
695	770
593	988
230	936
445	824
233	416
992	993
730	993
475	703
889	986
281	837
396	824
671	763
514	816
404	944
813	883
799	948
384	706
463	999
843	991
683	773
460	701
746	829
143	270
514	937
371	888
752	994
931	996
58	842
754	774
699	838
611	725
831	994
449	663
528	956
766	784
857	902
39	684
960	1000
294	681
687	841
852	945
631	946
442	781
433	961
653	964
446	900
363	902
91	214
261	854
729	959
495	792
710	717
173	741
250	732
673	798
731	776
356	633
502	916
562	967
782	970
856	956
102	982
215	859
275	910
178	977
258	448
122	816
516	972
274	392
592	967
229	915
430	905
633	739
187	918
677	782
402	577
622	846
57	808
112	515
327	403
444	988
122	937
166	751
501	970
303	985
559	911
425	867
593	680
257	465
152	937
110	940
378	462
586	640
751	973
629	983
422	919
265	706
774	812
705	978
686	699
144	416
677	916
580	983
599	996
63	693
804	876
848	919
58	763
853	997
429	935
195	768
718	809
229	352
693	981
753	766
629	996
568	986
293	781
788	989
232	771
177	835
820	941
880	992
140	953
792	879
676	933
417	938
54	886
940	979
370	597
306	841
586	895
176	997
787	885
873	925
314	961
831	928
179	773
321	597
390	956
986	987
48	438
875	890
718	943
47	738
181	967
500	949
32	615
940	992
637	954
857	957
856	998
138	718
891	955
643	890
10	977
715	729
178	790
780	895
310	680
287	962
53	795
722	890
218	862
754	842
28	738
162	967
638	896
583	960
803	963
77	105
674	849
195	326
233	618
539	661
40	977
731	831
611	914
319	742
164	868
948	950
337	796
824	914
557	799
488	965
367	675
293	460
821	845
485	667
490	745
830	850
539	903
461	983
631	906
96	976
13	978
173	930
32	991
846	915
925	979
69	994
289	997
228	987
487	689
161	933
688	864
825	869
71	932
470	641
594	936
277	1000
528	582
612	990
730	982
155	751
334	753
228	1000
589	979
267	928
10	777
786	998
987	988
918	925
73	833
403	708
334	874
802	979
977	980
573	890
308	592
113	353
843	872
889	988
292	769
806	990
565	598
589	992
281	839
630	993
280	651
151	500
753	834
780	937
202	960
301	939
175	305
961	985
980	998
88	831
181	793
597	708
104	775
868	942
257	788
752	996
562	606
586	963
88	952
248	904
281	852
445	960
660	885
939	943
356	622
249	496
194	560
689	768
235	332
372	832
262	960
597	950
757	902
690	912
734	955
775	956
852	947
511	617
653	966
326	608
465	915
570	968
335	805
13	791
283	386
627	950
300	555
467	732
241	914
699	974
652	899
196	619
223	456
696	905
333	853
558	971
76	931
516	974
153	922
717	964
9	914
694	751
735	789
740	867
71	974
282	928
501	972
177	582
677	905
641	982
520	921
291	869
934	975
49	289
59	977
675	980
386	877
721	867
633	983
559	805
149	641
144	297
663	862
401	862
594	762
728	991
318	864
800	867
63	345
964	975
298	885
427	770
359	572
209	813
283	762
593	924
794	914
978	994
114	660
301	752
499	996
889	922
521	526
498	771
572	757
892	927
795	994
748	919
767	932
901	932
169	717
394	835
347	760
746	994
135	840
773	868
878	884
360	958
924	1000
621	999
781	988
795	886
822	989
225	770
877	925
896	938
739	991
852	868
348	840
475	881
595	946
875	1000
468	878
780	884
296	542
153	722
631	761
493	827
468	999
542	948
643	1000
16	609
650	895
199	959
273	908
548	618
680	774
699	787
303	787
646	897
546	959
645	672
824	903
212	790
146	961
385	977
641	674
902	944
516	908
342	792
400	962
870	911
74	977
550	677
613	962
164	870
203	798
351	733
571	965
441	855
601	615
694	806
248	985
27	986
550	798
462	914
902	957
483	973
529	860
4	975
202	465
138	975
158	395
275	980
335	994
438	449
184	798
351	975
293	704
64	881
573	758
344	935
228	989
102	126
184	690
538	922
307	989
279	927
614	917
234	632
175	991
510	981
207	943
408	933
389	691
122	310
366	936
22	897
443	927
388	991
883	933
776	807
334	876
482	774
540	944
614	930
135	895
209	881
308	594
500	535
973	984
123	548
389	933
166	366
873	982
69	433
74	777
965	985
528	718
753	836
100	951
389	825
584	1000
745	837
674	893
385	790
426	828
641	716
646	831
109	892
81	793
750	888
863	950
118	796
68	975
183	962
720	901
544	675
942	950
6	511
73	272
513	544
127	737
495	904
127	508
585	834
810	952
139	747
745	971
564	896
348	453
160	927
619	687
333	855
522	791
71	855
355	385
93	119
354	389
717	966
515	751
513	678
196	971
270	920
839	848
305	914
520	573
409	971
340	871
240	933
904	913
661	926
834	854
724	982
506	759
170	810
712	864
846	864
485	858
545	872
567	631
429	926
112	990
272	979
888	982
827	972
39	367
746	754
38	933
635	923
538	990
813	929
785	867
315	652
535	921
876	985
499	998
809	931
373	778
882	884
868	986
486	655
683	940
12	772
521	878
727	983
273	547
947	986
534	588
762	940
795	888
794	929
357	891
257	953
868	878
618	932
783	999
26	791
857	948
917	999
292	947
774	950
253	955
164	617
7	899
172	737
345	894
699	897
778	961
578	607
335	620
321	722
421	660
92	606
317	724
234	955
671	956
643	894
49	909
393	719
546	961
884	956
128	384
54	206
372	781
303	910
437	910
578	849
738	838
743	953
27	746
775	905
720	969
849	854
814	833
161	453
754	967
349	918
393	961
453	975
948	954
612	739
568	669
559	620
311	518
387	513
717	913
161	695
684	736
703	749
23	990
793	908
3	523
495	985
99	985
830	975
869	903
827	906
395	983
758	806
532	988
707	989
127	939
471	749
350	688
737	868
448	765
580	921
492	808
794	850
818	978
862	984
316	996
195	935
630	863
709	927
739	806
288	870
222	250
265	886
229	411
346	996
828	999
984	987
84	996
767	989
154	237
904	994
339	956
163	996
37	591
672	873
61	948
850	879
46	825
855	994
417	997
637	1000
667	879
975	995
561	897
41	373
321	656
519	900
467	710
338	596
885	994
618	879
884	998
713	887
133	312
386	492
787	836
685	825
93	913
32	903
692	949
711	962
530	887
345	841
474	726
565	844
740	845
537	782
270	667
949	955
761	904
35	800
81	916
241	905
805	947
939	947
617	896
323	449
722	949
259	959
942	952
597	954
657	968
233	906
632	911
245	916
721	845
812	963
77	514
159	849
486	978
85	634
250	967
800	845
428	973
166	973
763	963
419	924
730	786
942	965
757	919
622	960
481	984
489	845
566	799
506	519
376	675
724	863
219	876
496	861
284	978
242	981
682	987
340	994
183	522
3	820
853	990
383	812
911	968
704	867
728	995
964	979
587	992
17	876
58	877
92	232
690	824
519	713
343	753
664	808
755	926
167	941
100	887
86	952
203	305
683	942
862	944
667	705
42	653
396	885
110	262
817	878
285	788
439	703
174	957
697	998
370	603
480	1000
570	893
509	654
662	896
574	783
195	198
384	888
926	942
664	942
213	777
474	781
419	845
47	973
845	953
248	734
523	673
500	955
715	843
140	383
678	961
796	953
419	737
854	894
317	955
652	945
275	958
412	963
122	864
805	894
413	784
944	945
490	509
902	948
448	512
761	972
39	987
414	901
273	925
532	856
124	802
738	961
182	743
724	797
8	627
622	786
352	925
580	789
93	405
464	843
395	743
689	961
367	910
647	964
270	977
311	749
541	982
387	744
392	859
191	805
196	920
633	921
416	923
517	975
536	988
770	926
869	905
612	983
827	908
887	922
651	682
438	574
258	872
285	709
483	990
82	646
684	980
224	995
213	577
595	642
75	872
507	529
603	991
677	977
556	916
795	932
748	857
371	870
931	978
788	929
309	406
452	714
806	983
644	884
126	958
470	768
850	989
883	937
486	712
646	701
725	994
477	892
463	994
642	996
771	881
339	958
581	986
204	999
80	963
859	930
759	992
83	480
451	647
201	701
896	997
660	986
613	645
236	429
535	991
301	824
595	776
581	878
488	650
768	933
713	997
801	881
299	899
118	558
333	483
269	956
343	942
755	886
741	951
364	964
875	951
456	967
963	1000
660	999
546	897
766	900
870	957
634	946
845	900
495	787
435	507
844	941
608	664
659	895
117	612
227	972
865	1000
461	910
576	897
432	852
657	970
435	857
435	628
729	846
407	795
352	859
673	914
134	902
694	973
114	398
270	911
946	965
27	924
517	788
911	944
145	916
888	960
46	156
749	801
661	917
680	967
416	857
421	972
103	811
538	968
934	968
474	983
182	811
80	763
374	981
770	981
508	981
286	868
888	973
511	986
645	986
290	758
87	695
688	804
719	871
506	763
557	994
298	999
31	884
895	989
908	928
490	940
126	892
368	691
230	986
827	976
868	977
68	658
885	917
744	941
482	941
283	997
369	1000
80	897
792	874
151	548
197	664
54	881
655	990
507	826
581	812
433	648
378	712
639	753
107	892
368	933
343	876
379	533
405	936
59	299
386	428
551	761
864	992
836	893
643	764
206	726
982	984
228	256
835	934
338	653
343	997
750	826
29	312
378	954
185	788
171	890
787	893
933	947
51	973
849	953
109	951
219	557
296	777
733	778
409	654
175	487
100	313
220	903
638	662
321	955
324	960
34	898
53	911
432	678
467	901
668	891
406	625
40	275
666	966
633	789
657	917
536	856
742	961
659	963
819	952
598	687
534	968
501	791
358	971
724	799
531	670
710	901
118	989
233	976
830	966
374	686
285	348
598	808
25	919
920	980
120	927
598	700
417	625
615	869
207	815
675	920
821	974
375	628
208	222
402	990
723	853
217	981
874	985
607	641
194	997
832	988
804	926
480	802
24	936
404	928
417	638
18	892
496	931
904	985
236	297
320	934
727	800
517	990
591	939
195	939
429	877
341	993
470	649
649	880
533	934
887	937
357	708
752	978
628	942
630	988
83	361
864	926
602	926
588	991
822	929
104	649
352	485
780	932
799	945
53	832
750	760
741	940
537	652
169	899
255	939
623	840
741	832
873	988
410	732
882	956
439	881
687	717
747	997
599	604
259	950
815	902
37	608
42	952
130	247
137	960
252	910
74	86
7	850
537	786
633	723
302	623
486	969
522	663
208	961
419	915
515	623
143	980
518	894
699	969
172	220
60	982
724	733
440	974
517	669
696	900
273	982
133	679
250	971
635	782
907	975
318	846
84	679
6	988
648	980
582	626
394	575
485	959
677	900
641	977
547	790
203	751
934	970
225	510
538	970
510	908
357	400
202	526
210	875
8	926
429	919
112	983
709	973
533	747
552	760
367	980
804	981
45	700
141	408
545	986
493	567
575	865
660	680
739	973
794	909
307	821
475	634
210	888
3	824
746	868
691	932
751	983
792	984
811	997
371	698
744	943
871	984
609	984
609	755
669	769
586	1000
947	979
792	876
336	596
864	981
253	827
621	994
174	948
81	720
260	951
530	812
783	992
889	930
630	935
831	925
201	758
338	763
389	994
117	535
549	717
273	782
842	939
245	720
861	952
468	994
638	651
46	776
63	945
560	997
35	846
134	825
857	954
363	833
349	898
775	777
67	956
590	960
447	948
861	965
826	944
597	892
696	834
701	949
136	911
425	785
731	828
323	508
851	893
840	1000
399	732
812	901
471	608
132	913
608	842
847	895
511	680
782	914
568	662
243	865
264	399
164	986
761	976
203	914
612	853
23	983
353	858
96	973
738	965
545	570
825	853
527	930
520	742
310	932
548	989
441	863
749	979
427	699
886	984
8	981
214	820
809	966
184	914
962	979
60	353
423	930
698	906
169	296
480	912
22	771
345	458
591	928
56	355
176	686
214	941
806	853
319	994
167	866
635	971
478	987
574	695
202	823
362	812
744	877
353	992
950	982
460	566
765	936
11	999
693	804
288	984
436	882
582	936
697	923
301	694
58	707
382	767
5	551
613	636
375	993
857	996
783	818
227	600
672	987
364	605
831	980
905	929
146	648
486	716
434	526
38	68
409	469
278	952
787	829
699	945
271	949
539	700
838	996
414	705
592	711
745	953
905	942
327	965
397	472
458	896
819	875
783	952
101	329
606	767
532	552
144	147
527	851
953	959
433	960
474	961
111	909
768	950
854	953
946	956
416	727
624	905
198	504
733	848
511	735
342	963
818	892
694	856
587	730
196	845
793	835
443	722
775	966
723	776
728	854
198	625
212	974
311	687
173	982
622	845
116	219
126	641
687	974
175	799
502	928
106	928
818	905
49	165
513	794
545	746
360	700
423	985
934	972
612	921
235	934
362	746
675	977
633	980
853	983
672	908
121	805
514	736
626	977
113	163
560	623
412	459
188	751
127	1000
420	993
96	115
478	934
940	965
651	862
959	978
114	886
978	991
62	467
494	878
292	929
366	878
438	983
639	744
806	921
281	770
382	822
36	185
712	993
271	991
563	870
549	706
282	591
540	886
130	988
861	941
713	814
625	701
341	942
676	932
280	932
762	935
841	999
32	601
959	991
563	991
477	951
558	647
260	953
494	891
480	993
750	817
917	994
232	891
447	816
89	842
773	986
396	999
454	940
108	303
242	532
462	535
541	828
558	768
871	999
623	897
664	935
103	373
810	989
347	999
768	992
419	609
988	995
565	663
465	725
644	956
265	371
877	935
631	650
595	956
287	840
428	779
166	550
386	782
386	553
740	785
671	951
757	954
464	594
10	158
763	890
675	777
620	841
432	790
803	962
481	911
715	849
178	910
217	838
34	902
358	962
435	916
550	903
932	968
252	980
508	906
181	511
728	909
626	669
488	964
675	790
485	895
902	954
455	908
670	796
441	973
802	952
389	554
413	911
251	849
96	975
550	916
111	280
932	981
22	881
880	912
462	924
589	965
621	917
483	983
216	868
769	788
154	929
639	678
938	974
957	987
363	514
244	822
753	928
141	586
58	817
908	987
75	986
204	871
760	860
457	822
806	976
135	771
503	938
410	710
267	927
616	815
19	596
542	637
459	868
445	933
362	935
255	809
582	938
801	982
446	525
878	936
33	881
451	640
685	807
5	782
896	990
808	877
271	938
90	597
637	766
31	956
595	998
810	923
991	998
933	993
107	951
281	838
831	982
671	764
757	767
426	933
660	871
431	782
634	818
87	191
498	957
289	554
528	836
558	944
766	893
304	310
653	952
202	262
350	951
873	992
863	947
949	950
756	821
68	972
7	962
604	952
623	965
731	764
49	141
259	954
141	144
91	323
294	911
388	775
34	957
763	837
212	734
565	852
927	945
784	896
627	949
38	554
136	860
700	902
502	917
4	906
782	971
721	732
504	963
523	976
600	671
316	912
421	965
608	791
640	743
827	835
593	668
450	848
427	864
554	676
196	968
380	560
416	971
550	971
374	974
828	915
420	861
48	989
712	969
409	968
348	692
501	971
298	871
210	987
649	805
387	805
392	920
404	974
101	936
90	289
202	530
515	990
656	966
155	455
672	681
190	641
952	964
589	912
547	915
748	905
693	969
786	931
679	805
887	983
560	625
670	985
329	692
802	912
246	694
237	874
507	698
880	980
883	985
303	410
41	410
552	885
808	811
155	926
496	990
12	877
686	821
746	872
704	875
31	72
910	980
643	865
748	918
574	765
579	880
408	998
141	883
359	813
655	875
350	993
713	816
966	996
556	869
377	601
487	998
32	603
255	877
958	997
447	818
245	832
713	937
432	658
330	647
371	944
674	716
508	653
153	950
222	555
488	940
87	367
606	932
759	945
798	873
5	971
16	837
186	494
838	945
4	719
680	773
715	959
756	997
849	959
16	729
268	913
925	954
37	788
625	958
251	717
146	960
583	961
219	913
175	843
216	386
730	836
702	774
17	671
435	918
550	905
608	846
453	972
828	849
19	222
392	733
1	582
818	841
837	854
152	751
50	969
848	949
881	897
213	438
369	456
470	508
943	957
656	900
138	974
193	644
39	177
402	983
957	976
401	795
869	900
411	988
287	400
705	913
746	914
415	814
167	749
676	855
794	847
832	873
494	585
466	752
58	698
719	932
572	919
658	693
737	986
406	886
412	637
100	816
350	927
405	634
584	865
19	827
288	988
665	709
618	863
885	978
100	937
246	991
301	698
977	981
686	997
400	640
264	779
859	925
344	479
113	583
225	824
128	891
272	347
604	820
972	987
543	581
405	876
933	995
588	997
132	717
665	951
286	366
604	941
819	866
98	315
260	902
741	946
235	320
377	898
248	784
160	671
321	774
660	994
338	943
197	967
448	549
893	936
37	722
215	728
863	949
948	993
860	880
648	960
129	846
707	786
641	957
2	970
234	310
189	567
376	430
247	959
30	924
525	903
661	912
429	791
57	919
340	978
469	863
703	801
312	916
661	804
289	932
131	989
533	740
409	970
904	912
191	747
144	406
209	801
295	804
660	673
610	852
670	866
744	815
193	941
298	994
17	981
554	691
834	974
259	743
80	1000
295	925
135	707
630	915
753	985
426	627
706	910
785	974
582	874
77	887
89	941
760	917
424	931
765	995
401	984
201	630
959	982
857	934
554	933
873	915
892	928
878	993
165	828
533	995
789	921
390	946
505	933
734	756
425	644
549	710
966	998
759	934
762	939
822	990
321	708
260	957
898	985
231	899
565	775
410	901
14	901
358	711
657	778
541	832
71	654
453	719
926	939
444	899
664	939
810	993
20	837
636	840
111	726
162	957
495	837
236	842
525	716
10	270
199	960
837	951
97	683
826	829
559	714
812	894
798	996
476	945
388	832
723	822
833	953
547	596
103	619
689	945
837	843
312	729
969	999
143	920
116	265
38	611
659	958
79	383
700	959
629	786
23	976
955	956
490	856
932	972
383	501
71	909
613	963
869	889
406	862
276	789
697	782
802	835
251	732
504	912
633	797
867	964
388	966
66	915
503	687
222	933
514	553
423	923
681	730
450	797
579	682
334	851
853	921
457	921
116	628
57	987
313	913
593	967
510	969
367	920
406	996
473	757
464	974
25	338
725	978
665	698
463	978
642	980
375	865
535	854
499	931
369	821
957	991
776	916
123	536
436	996
334	985
972	976
521	811
461	531
47	891
773	803
984	986
403	940
439	634
926	981
274	826
898	919
318	344
750	755
180	410
875	935
171	819
424	999
317	873
773	924
979	992
522	524
546	881
956	981
727	929
850	999
454	999
44	606
701	876
613	763
365	661
576	881
736	833
689	758
529	540
243	671
944	984
775	946
833	887
733	949
34	948
777	992
810	940
226	889
64	561
647	653
745	959
99	784
145	900
701	889
164	913
269	966
184	370
194	792
125	958
736	846
818	885
348	441
900	954
172	215
902	1000
272	833
731	889
254	964
854	959
481	862
11	684
219	862
781	831
277	803
472	490
422	898
128	451
243	926
807	968
531	841
25	969
223	459
536	919
379	972
918	957
408	855
719	976
471	911
767	909
464	908
288	911
758	860
436	809
109	451
147	706
150	452
964	965
3	698
382	694
832	930
59	980
697	971
378	696
759	802
470	699
795	984
841	871
794	796
628	992
595	815
227	419
177	827
655	866
92	460
503	997
685	745
415	884
616	874
660	917
739	981
810	861
194	363
856	977
889	925
727	863
240	479
553	710
509	869
910	984
970	998
266	882
371	935
912	993
585	635
208	648
884	931
507	944
680	872
308	1000
31	197
726	759
578	595
195	305
310	780
678	718
942	993
207	544
23	723
501	762
565	777
578	716
251	358
891	947
3	256
118	731
866	890
57	492
442	828
617	829
708	947
284	885
740	899
108	659
75	482
219	904
179	310
764	1000
636	963
837	953
708	839
344	791
449	844
626	891
721	899
523	914
839	891
696	842
594	794
640	910
103	971
717	901
802	945
255	318
661	969
413	904
821	958
278	450
302	807
9	262
503	568
453	976
689	960
950	964
702	899
124	922
163	850
289	989
490	979
130	444
38	855
146	388
247	440
464	963
101	874
920	977
64	992
769	781
695	980
482	872
89	877
11	994
437	577
561	872
776	797
338	571
546	749
623	703
475	576
180	399
61	936
119	123
322	748
938	980
160	420
643	803
478	995
693	920
390	882
436	998
931	977
337	467
158	990
396	818
965	975
519	888
720	878
780	929
544	652
875	937
396	939
597	929
473	893
555	932
527	604
912	940
634	703
226	649
826	873
831	988
379	827
544	894
678	894
364	963
377	902
62	783
7	847
165	201
65	263
956	996
14	971
666	897
344	846
784	889
729	953
154	722
591	723
696	776
923	940
821	892
143	977
110	800
793	830
41	966
941	957
705	717
797	949
415	618
267	491
915	941
772	892
445	497
510	663
119	512
600	785
927	951
765	852
443	838
825	903
677	776
85	864
365	918
907	972
304	679
716	852
587	738
143	990
941	970
402	921
682	975
52	808
219	985
401	733
258	913
161	980
36	985
397	964
792	968
825	916
728	983
799	863
596	800
367	977
771	801
614	854
204	690
737	924
616	863
621	978
978	986
458	462
857	925
917	976
17	985
658	981
584	803
892	919
811	994
910	973
330	398
767	924
156	999
720	812
585	624
678	815
711	763
447	919
347	752
405	922
746	986
713	809
704	989
468	978
841	994
238	701
76	602
474	648
551	868
234	932
368	932
789	925
283	299
871	994
306	956
347	994
104	943
775	882
238	943
16	601
342	1000
562	774
377	957
537	946
380	474
32	959
803	836
935	992
71	658
425	890
43	559
731	933
631	995
906	934
1	562
95	197
279	543
191	430
886	955
187	954
228	726
756	882
404	659
698	877
684	713
221	723
923	995
419	967
95	318
443	772
209	605
784	836
599	790
20	854
191	672
163	610
742	960
902	949
286	680
962	963
411	860
772	839
274	562
2	103
707	858
292	616
291	916
712	909
151	347
18	986
790	977
647	965
554	737
848	955
130	675
277	873
101	876
73	814
265	984
380	742
834	912
168	822
341	979
470	864
938	969
506	817
225	804
593	971
30	299
288	860
725	861
30	70
463	861
931	966
433	689
410	705
368	974
598	941
480	922
516	579
576	630
97	366
407	528
627	797
753	936
764	802
81	543
282	533
829	931
889	982
78	474
652	746
762	877
255	817
428	479
754	878
336	890
261	716
963	988
701	988
632	888
585	813
912	942
342	826
461	777
414	931
975	998
842	883
334	413
317	769
261	837
646	944
47	90
530	998
731	988
865	988
139	847
340	608
620	891
881	932
564	996
242	716
495	896
337	953
282	788
230	598
276	714
455	945
997	999
749	897
826	888
509	952
407	904
42	254
116	203
687	958
324	906
816	843
170	668
860	886
557	848
559	894
504	958
638	958
350	491
599	966
411	915
