918	948
876	951
330	963
429	905
589	894
52	689
230	961
712	964
679	787
642	905
600	908
880	962
462	974
732	798
336	569
795	854
222	992
244	751
712	856
794	895
560	728
161	982
371	563
376	907
524	805
596	910
496	972
804	859
807	864
727	841
751	969
971	972
671	680
709	972
492	974
249	987
610	966
436	813
563	854
744	929
191	982
292	805
719	872
433	515
966	978
234	800
24	990
697	975
447	800
719	993
498	994
639	741
649	934
831	911
643	860
970	989
431	711
384	865
678	817
136	534
497	513
905	981
476	575
187	472
796	930
378	942
190	891
732	945
182	478
32	948
333	647
104	824
217	701
852	983
796	822
110	494
743	932
261	892
113	765
467	997
949	1000
720	948
851	879
56	904
620	946
518	935
900	1000
247	886
747	943
833	946
731	935
483	833
194	730
414	999
188	427
331	964
694	787
803	959
681	710
735	946
243	972
587	782
275	961
154	671
407	851
566	844
915	998
698	1000
106	859
441	849
284	902
210	687
27	980
589	720
422	957
334	844
45	741
31	806
413	908
554	847
196	910
22	986
96	972
605	849
691	852
913	965
897	957
612	973
593	731
679	734
293	927
950	968
408	685
141	570
191	916
512	742
825	973
828	978
822	904
885	960
155	855
328	517
38	980
542	742
264	882
658	809
570	925
649	989
528	699
385	879
734	804
338	804
288	983
843	976
521	925
903	990
787	815
606	740
877	974
63	986
211	884
255	927
365	533
26	838
617	754
956	974
722	807
273	715
782	821
586	946
405	871
873	976
336	1000
726	926
671	990
344	595
201	812
850	992
435	713
662	941
803	880
13	532
808	995
835	869
95	830
678	885
529	533
699	944
877	987
789	874
775	939
849	888
76	672
819	982
227	841
111	895
782	834
190	959
680	823
432	721
311	431
803	893
48	960
134	1000
717	826
92	774
923	931
293	498
45	433
413	600
14	854
944	990
624	783
118	911
272	826
714	942
48	852
372	949
353	670
633	724
911	934
116	434
700	899
607	671
323	912
469	966
684	891
281	393
497	957
340	973
235	691
59	960
353	912
853	969
705	842
825	907
429	678
131	984
492	963
561	568
566	912
621	848
681	899
781	837
276	850
450	737
485	960
466	681
600	910
283	974
168	758
570	738
362	745
334	912
339	990
614	966
447	789
853	982
350	856
80	995
952	961
630	681
142	863
491	980
257	813
670	982
403	867
785	969
544	577
829	975
306	705
562	631
283	987
663	979
468	969
192	805
404	984
100	987
577	646
475	864
857	929
394	939
719	995
727	856
201	746
627	854
660	802
852	972
609	985
783	872
745	765
762	934
536	591
560	985
646	988
183	998
384	988
458	937
134	584
543	752
755	931
474	652
247	875
261	544
38	472
255	995
475	998
851	989
37	772
969	981
47	965
946	997
657	894
426	998
770	771
939	994
736	894
837	946
460	996
634	883
4	716
74	960
177	378
715	956
464	822
488	950
9	952
97	799
118	858
117	899
23	971
876	887
325	784
633	900
256	913
173	915
696	956
676	718
203	794
395	964
147	862
656	776
532	969
721	905
867	959
719	795
839	897
11	974
30	987
162	389
828	967
580	902
962	967
382	392
280	610
422	959
771	847
413	910
399	975
306	747
526	787
489	905
607	860
772	964
744	865
801	847
448	988
201	559
84	977
225	916
258	864
588	739
343	908
904	975
131	234
174	870
351	503
265	988
232	811
760	967
658	919
415	932
51	655
692	917
384	572
389	916
604	804
311	996
667	860
975	976
842	861
419	529
748	970
49	932
82	880
68	945
764	914
741	930
686	994
479	701
341	996
778	997
160	655
250	814
62	763
370	879
838	984
810	922
116	999
460	809
768	925
162	886
652	750
113	701
398	833
164	666
81	897
750	992
824	941
865	979
189	430
650	825
653	830
625	997
418	704
738	874
564	758
638	707
743	989
132	835
550	594
756	928
618	994
230	360
92	884
548	898
653	951
372	938
872	995
108	599
113	943
209	651
30	908
594	721
444	962
483	890
244	379
166	954
942	946
675	831
754	895
826	1000
556	587
681	767
239	385
934	947
268	857
37	961
471	893
911	936
630	657
828	901
907	965
103	911
337	849
276	839
763	957
292	783
545	963
774	786
834	837
75	785
94	798
696	903
800	960
46	498
511	857
698	949
772	898
371	554
827	834
691	909
360	809
492	965
588	673
560	611
758	855
207	981
752	781
26	640
609	732
34	501
461	568
213	503
77	871
760	901
397	849
56	519
94	811
773	840
303	396
640	984
739	963
651	850
40	696
540	753
326	501
672	909
591	984
88	858
929	979
211	699
734	740
664	910
553	813
861	929
759	918
181	941
864	971
79	930
253	817
780	977
250	748
632	813
134	573
122	482
144	995
139	422
493	920
875	985
759	810
550	636
748	917
762	815
734	982
766	934
824	875
865	913
447	925
722	864
644	944
12	179
308	995
622	633
16	594
296	877
337	649
375	941
914	926
336	949
592	875
187	826
742	819
213	1000
120	772
524	596
446	942
988	996
366	424
798	872
522	937
252	847
742	940
442	944
636	958
620	950
694	899
358	950
196	888
531	878
784	829
388	829
539	998
131	907
869	873
805	888
791	953
890	932
501	891
353	727
927	999
700	956
717	896
106	971
235	856
749	848
399	964
215	914
176	663
15	745
804	905
438	555
649	967
401	902
547	727
354	561
739	897
684	961
307	974
436	859
904	964
595	623
22	990
256	928
383	969
765	805
792	908
267	794
183	800
18	992
670	918
408	918
697	792
783	795
774	975
848	961
503	926
786	985
343	910
417	859
307	987
945	978
683	978
535	851
394	875
237	928
686	983
383	982
732	870
919	962
280	975
662	811
137	926
555	685
271	926
574	698
472	687
595	986
232	934
488	631
149	936
787	927
312	405
831	970
19	826
487	931
701	860
67	988
365	416
171	816
176	931
102	716
960	976
146	988
294	886
32	657
646	816
164	776
461	999
263	526
502	771
433	937
452	950
873	980
680	814
745	943
831	983
872	984
905	932
16	770
530	991
659	876
370	773
777	868
20	660
156	255
722	932
823	984
826	989
305	994
71	827
902	984
439	994
632	894
497	935
934	936
805	822
304	540
650	948
290	605
515	723
601	763
568	586
64	558
141	253
738	768
696	1000
30	910
847	940
444	964
626	941
860	879
106	905
390	435
648	959
656	820
675	833
735	884
504	951
481	967
527	854
354	374
571	897
717	951
59	951
416	959
429	669
869	941
626	954
786	906
216	790
557	854
684	895
480	607
795	847
855	898
693	836
373	629
651	839
298	980
806	898
214	986
157	223
470	683
869	954
748	893
290	981
739	844
207	983
381	870
269	400
563	847
427	986
366	976
383	916
584	906
880	968
966	971
107	981
456	640
660	672
899	917
959	968
255	852
546	570
185	527
37	400
584	798
792	976
551	621
284	506
137	981
285	879
670	986
618	796
169	704
463	922
549	925
799	871
609	976
810	966
669	990
843	914
606	678
165	935
473	822
305	686
439	686
577	879
301	981
361	995
372	632
344	533
891	931
729	869
646	871
766	936
562	877
856	866
419	828
620	818
391	995
694	767
644	946
685	984
233	823
701	928
398	890
458	941
184	409
48	777
461	946
576	933
259	997
680	990
638	993
127	777
435	893
321	828
789	933
173	664
742	821
547	582
750	941
865	928
414	992
763	880
587	654
844	990
902	931
420	662
84	713
97	911
666	839
853	894
619	727
228	842
830	947
121	487
145	844
915	991
263	836
202	560
367	893
707	961
139	211
259	313
225	665
514	539
700	958
285	450
390	503
818	950
110	863
397	893
672	832
322	719
695	964
566	850
785	894
890	947
466	619
490	976
605	963
448	979
401	904
828	971
24	917
368	727
491	797
482	977
642	966
444	456
834	907
402	984
308	797
382	517
679	969
794	956
596	971
458	741
861	865
570	918
767	974
412	746
799	926
885	966
329	748
475	802
741	921
875	921
679	982
618	972
398	474
310	590
316	526
495	757
646	926
486	708
269	939
458	875
409	690
521	931
562	932
284	695
845	991
432	593
963	983
550	585
775	932
439	983
731	862
287	885
367	585
565	829
143	840
638	819
13	996
589	634
742	876
948	981
244	370
543	932
216	537
736	832
523	953
449	775
99	891
641	945
539	934
659	999
296	947
51	96
648	840
422	763
293	612
172	322
132	960
319	786
305	888
681	879
629	948
395	781
166	958
615	784
2	32
941	954
41	963
738	891
462	956
135	561
319	907
649	782
167	550
203	732
538	951
304	784
120	963
615	905
637	664
802	997
124	853
848	884
182	794
397	719
209	897
705	835
374	735
272	953
828	905
170	676
192	435
101	805
230	727
524	908
386	974
265	913
719	854
880	957
318	961
767	787
21	674
463	790
237	972
908	911
457	975
47	582
198	751
115	982
445	857
519	806
274	975
623	634
903	917
171	510
239	873
220	631
202	991
480	972
507	809
493	911
438	975
415	991
910	970
951	971
454	690
871	978
637	811
810	968
466	929
455	511
264	943
759	922
778	935
275	809
757	812
113	747
239	886
822	978
899	932
169	827
114	891
637	932
320	996
664	806
488	809
278	999
942	979
537	930
657	766
555	984
789	922
211	945
641	758
775	987
692	989
852	978
733	761
623	889
461	827
722	868
565	884
840	860
541	941
847	984
981	984
511	769
678	946
299	361
731	809
538	643
428	771
562	1000
870	887
331	838
597	994
564	817
858	998
715	949
135	374
641	771
830	936
379	771
506	546
404	535
749	947
50	717
485	874
578	836
306	377
27	962
858	890
453	841
224	954
592	892
163	486
168	564
696	949
66	782
195	667
262	428
536	731
217	951
615	960
427	909
501	895
270	962
886	965
316	849
806	942
691	726
148	447
709	780
640	909
323	973
269	444
334	839
224	967
482	737
821	957
834	896
531	895
897	952
448	860
489	898
38	962
98	976
115	916
813	958
18	983
307	857
563	783
730	960
442	493
471	965
366	683
908	966
732	740
52	981
704	907
387	971
561	858
84	970
901	963
128	747
744	979
17	916
540	920
567	794
65	812
593	968
753	920
49	804
357	691
274	922
193	997
669	926
521	799
359	737
33	981
644	869
437	805
25	339
780	915
375	866
543	679
340	579
479	923
498	936
446	517
391	581
762	982
808	869
764	799
172	887
595	990
553	764
391	702
570	933
74	995
91	410
690	998
13	756
407	646
574	823
324	877
706	979
477	890
967	983
678	880
626	690
865	972
239	954
624	765
762	995
27	546
11	538
200	474
632	885
733	937
241	1000
516	939
634	931
1	264
933	998
974	999
633	706
638	821
454	1000
132	949
297	528
383	531
830	991
107	367
134	995
222	842
483	883
142	361
900	942
963	998
851	942
276	711
749	894
45	549
480	706
793	937
605	886
550	950
710	939
173	963
149	377
737	776
520	778
654	778
515	848
501	950
325	953
504	955
173	855
49	496
832	905
59	955
188	611
895	961
246	552
853	964
572	951
591	964
751	953
267	840
88	380
170	907
626	958
524	910
744	913
381	861
329	671
804	964
463	671
581	663
880	959
415	859
440	623
799	970
744	805
320	972
139	402
526	848
209	912
214	990
603	802
322	789
952	956
327	867
676	792
929	972
852	954
783	854
664	674
480	853
542	913
468	735
822	967
385	929
151	762
32	582
197	878
393	561
899	921
544	693
623	986
549	808
158	923
232	872
414	620
875	978
773	967
638	742
970	986
871	980
609	980
576	803
521	867
87	346
686	934
96	580
486	994
522	688
257	942
439	690
310	768
227	770
125	988
870	876
713	929
377	943
592	868
597	983
354	996
178	999
935	978
489	632
912	994
678	827
925	933
125	880
523	889
757	827
710	752
949	997
453	830
626	758
356	897
617	938
157	953
817	999
913	936
572	643
415	430
318	763
376	704
188	653
705	879
206	966
709	769
640	898
626	1000
673	846
511	784
700	949
376	825
717	889
23	966
485	768
300	951
277	967
640	790
459	715
906	946
642	836
124	910
289	977
760	828
672	715
786	965
13	261
106	977
114	572
150	266
661	970
91	854
447	718
311	857
42	669
61	682
957	968
695	968
547	841
385	513
73	921
427	924
788	903
581	839
621	911
795	798
822	901
486	686
725	968
147	991
95	801
389	790
683	971
857	858
375	626
89	986
466	744
686	976
424	976
484	798
759	966
695	981
440	691
206	524
627	783
813	973
637	976
563	798
871	914
67	860
857	979
442	508
745	923
160	758
146	860
327	935
123	876
664	971
757	869
523	702
435	589
95	935
117	694
764	801
857	992
972	979
171	930
787	933
336	997
248	884
325	579
726	923
690	1000
160	771
863	928
355	458
775	815
208	933
590	998
631	807
328	769
667	989
548	772
479	938
754	877
303	712
726	815
539	925
236	887
126	261
956	984
955	988
215	949
867	875
705	813
509	938
397	468
888	934
571	998
337	831
442	884
629	939
881	931
592	828
256	842
724	947
316	893
99	895
797	937
635	875
139	967
736	957
777	995
215	962
927	939
603	778
591	724
608	893
682	842
267	600
346	893
575	716
406	907
18	798
367	952
563	598
582	611
807	958
614	829
619	907
484	719
470	555
681	775
538	955
276	955
87	790
338	372
758	958
95	385
568	834
876	950
397	952
490	914
584	778
589	893
489	955
131	981
10	920
13	437
841	848
469	976
799	851
596	788
482	915
191	968
149	742
658	848
467	499
899	910
274	858
34	617
311	925
135	928
387	920
607	923
500	797
445	861
290	987
217	445
348	928
683	918
394	815
727	961
947	964
107	987
556	850
248	697
454	802
357	869
164	703
100	984
241	694
958	978
741	980
875	980
138	458
88	866
373	998
508	634
183	874
577	764
618	802
711	993
571	690
323	588
653	988
307	351
905	980
798	854
289	482
247	980
574	880
398	883
824	991
282	708
736	878
231	891
891	937
406	599
912	996
282	829
777	808
870	999
367	644
363	939
707	712
333	996
130	179
305	934
921	937
478	596
689	816
534	942
210	781
110	843
522	824
508	889
455	999
758	771
436	720
763	886
399	609
779	830
204	370
186	730
2	909
376	827
72	335
22	743
402	964
217	955
695	728
478	730
156	679
846	897
598	795
785	887
730	951
670	671
582	787
749	964
807	905
8	966
457	792
228	969
880	895
85	920
360	859
487	900
566	964
643	659
404	902
500	610
288	956
305	371
164	166
755	836
688	846
466	733
982	1000
593	959
794	949
417	962
174	746
301	787
688	967
741	793
75	969
765	921
314	985
387	975
165	862
98	872
473	978
27	403
882	917
711	806
494	808
650	796
862	975
540	924
820	978
861	979
878	919
514	908
569	578
168	234
753	924
260	991
62	518
623	814
857	981
428	575
889	970
75	982
892	975
377	529
775	804
546	981
780	919
926	973
348	996
477	881
884	976
903	989
796	863
218	886
147	188
372	801
93	891
729	809
123	999
627	798
733	928
53	940
650	930
617	753
419	997
56	945
493	983
231	946
671	989
308	937
545	584
528	940
321	876
266	940
863	930
104	878
11	650
250	932
332	476
122	666
884	989
166	938
636	887
708	992
78	596
740	944
325	702
611	830
886	998
743	986
944	976
751	810
159	935
99	655
715	887
742	761
659	992
198	368
323	777
529	882
675	936
229	886
793	928
591	713
830	995
828	885
309	1000
557	836
485	933
839	936
176	363
314	556
663	710
816	952
997	1000
790	899
484	600
712	723
579	837
656	828
64	916
941	960
760	885
619	909
182	908
359	541
295	785
695	904
294	560
392	903
230	841
298	975
572	955
410	627
778	794
44	277
128	914
469	978
739	839
207	978
246	906
383	911
195	860
231	517
704	737
690	802
896	907
477	923
150	565
752	899
623	748
655	966
829	853
713	907
110	348
850	912
588	912
505	914
852	958
293	994
637	804
494	984
460	848
653	748
861	926
325	394
757	805
822	971
219	641
623	990
838	915
535	914
175	571
278	992
565	756
680	743
625	807
773	971
153	933
750	923
34	753
529	695
928	929
349	993
289	713
132	995
206	944
393	807
673	824
43	428
736	880
83	995
854	872
914	923
652	923
891	939
775	993
976	983
420	765
733	996
659	818
78	772
601	813
647	929
518	815
726	993
191	420
738	818
509	995
545	652
770	999
536	832
305	936
539	874
527	783
626	991
712	765
879	942
1	673
656	870
601	934
155	359
205	705
793	875
289	847
311	606
839	991
402	724
388	826
825	827
145	839
453	955
131	904
580	996
189	845
548	963
263	952
579	663
790	846
480	886
957	959
612	961
868	887
596	953
744	851
114	684
931	943
64	863
746	897
691	961
663	899
778	849
828	966
84	963
404	904
739	894
425	438
246	961
655	900
540	684
223	977
820	967
584	956
295	853
732	854
938	959
88	560
5	754
101	987
887	913
54	912
732	975
350	681
33	974
336	746
52	987
341	861
514	789
574	803
780	908
362	920
53	808
466	977
144	926
562	685
312	510
47	993
262	689
561	985
160	641
459	974
558	916
21	977
720	749
79	164
394	993
532	634
33	987
74	988
50	402
470	988
285	942
808	983
68	944
53	821
268	709
483	634
777	852
689	739
83	929
212	585
157	649
339	360
757	873
220	934
182	413
736	935
180	754
221	755
507	883
617	755
515	707
726	927
812	930
270	647
622	806
715	997
236	999
654	758
227	950
717	814
49	126
133	763
823	981
666	997
432	830
826	986
321	999
902	981
90	837
2	953
833	881
20	778
340	948
851	935
518	991
64	555
349	953
140	779
352	958
467	945
916	1000
401	820
869	925
731	991
469	954
367	714
568	704
427	728
881	935
260	322
457	836
985	992
117	953
294	320
73	846
596	887
343	478
804	836
848	879
490	905
190	613
214	970
737	782
470	667
272	948
869	938
547	658
469	967
752	767
559	897
182	910
397	835
383	900
820	901
350	723
126	978
382	675
643	716
478	908
82	908
51	575
773	947
59	143
649	911
795	965
827	954
73	980
670	970
436	803
744	919
320	857
801	901
116	798
283	975
484	965
47	927
553	799
718	903
19	865
780	963
706	785
394	927
58	978
452	868
89	816
859	963
19	986
456	987
242	506
748	903
445	865
780	855
852	960
871	973
112	167
213	973
683	922
829	976
581	911
160	817
500	922
775	861
541	694
269	989
7	989
136	874
689	794
396	986
495	928
247	863
178	992
830	918
833	923
659	807
392	692
604	871
210	651
196	524
578	589
946	985
346	468
543	982
958	995
290	307
231	895
757	941
77	428
70	240
913	929
233	941
379	995
558	997
571	936
464	810
409	874
631	987
717	990
455	990
362	533
969	982
399	829
27	957
206	959
333	1000
751	759
467	1000
668	990
797	875
395	831
790	835
124	782
316	952
154	890
374	893
663	767
797	996
520	947
179	654
368	590
511	898
221	836
890	931
707	958
719	783
195	554
682	901
346	952
14	213
640	904
189	968
178	321
832	845
862	953
209	839
80	688
214	917
295	613
575	896
57	970
660	711
469	914
577	676
730	955
554	958
628	907
650	666
889	948
171	668
460	542
589	952
211	740
137	562
546	730
755	840
3	976
22	989
402	981
281	691
382	743
299	974
519	977
857	972
746	912
245	630
314	989
284	558
396	799
79	863
607	982
780	910
169	985
40	871
466	979
502	636
100	104
451	856
5	998
877	964
247	797
519	990
431	877
35	877
458	980
857	985
461	985
356	703
713	977
9	632
303	813
377	762
275	751
261	587
486	934
866	926
967	978
664	977
144	941
620	870
861	996
303	705
803	991
421	697
197	952
286	472
365	765
659	983
791	873
636	999
240	770
823	862
391	939
532	878
647	865
86	303
715	999
486	947
346	644
907	940
967	991
87	649
818	868
147	663
345	944
432	832
858	940
209	531
668	816
833	883
700	997
915	922
703	773
694	953
721	827
867	881
886	894
383	768
825	884
503	604
728	951
800	827
1	851
427	959
578	899
724	953
258	894
450	835
348	787
716	954
568	827
936	994
272	950
179	493
566	902
822	828
767	892
598	854
702	948
922	951
773	828
811	854
451	548
396	612
704	728
108	145
478	910
82	910
100	964
716	967
58	967
232	854
120	384
889	895
93	924
377	454
611	621
332	977
607	916
868	957
403	857
711	744
241	566
366	975
42	851
162	916
822	962
244	985
588	795
238	911
269	749
752	903
356	637
917	970
58	980
638	737
476	675
569	637
494	988
204	926
474	750
823	904
4	572
504	629
574	873
302	414
393	798
866	981
783	983
180	919
562	984
689	796
859	978
726	863
177	355
564	801
266	878
145	588
370	935
912	989
870	992
565	881
69	943
248	945
330	984
578	820
449	935
845	935
104	937
319	825
541	938
2	889
525	930
604	994
645	995
879	933
791	820
254	881
648	1000
749	823
157	948
680	989
652	927
687	884
874	939
538	761
689	930
17	766
707	947
784	938
219	900
626	995
263	943
538	882
837	949
964	990
297	941
536	957
572	651
319	959
869	874
673	962
874	952
579	775
312	956
790	958
494	667
535	705
778	840
869	995
547	944
244	906
482	963
29	200
163	954
94	854
454	608
748	826
189	862
832	968
482	855
650	668
168	924
308	675
46	675
841	909
357	567
632	735
683	966
820	971
776	901
500	966
271	914
68	814
436	981
315	920
208	565
669	923
774	976
801	850
685	904
257	871
780	912
617	625
667	971
551	796
239	938
123	992
252	648
398	931
678	985
838	974
158	986
254	923
245	874
234	981
132	933
546	987
329	989
530	979
208	699
516	815
488	982
390	410
507	995
326	920
129	820
17	350
803	993
522	980
902	972
145	764
761	996
400	990
721	816
537	995
129	941
911	913
747	990
29	939
645	942
708	998
23	895
499	824
826	990
499	595
96	885
182	888
728	832
860	988
82	657
212	952
936	983
738	998
770	950
11	898
797	824
869	929
468	585
29	952
115	955
304	891
698	818
992	999
104	308
615	783
568	937
193	794
716	835
91	783
512	776
443	942
797	945
253	552
492	834
256	971
457	732
542	776
289	330
5	571
748	881
352	386
469	971
207	971
119	858
494	735
34	491
223	915
350	727
331	448
630	781
506	974
640	974
896	900
266	733
579	964
637	905
208	270
199	679
875	962
787	849
410	862
685	838
575	966
179	737
602	840
473	918
156	982
382	692
403	980
898	959
590	806
652	903
14	646
19	990
373	993
613	682
692	975
750	916
342	862
810	967
576	800
842	919
8	464
539	854
166	757
460	975
942	978
479	988
212	644
666	814
657	994
42	169
338	985
935	975
742	809
516	991
870	994
532	935
532	706
740	884
418	870
187	937
844	978
761	943
365	943
599	881
547	691
645	768
254	883
562	999
138	937
403	417
559	930
471	817
154	881
316	714
462	997
723	809
489	642
497	991
529	943
240	840
95	422
969	986
666	948
971	995
728	779
846	1000
698	873
519	605
543	999
610	760
123	376
340	899
422	938
821	943
881	994
399	954
213	535
499	663
707	841
490	843
61	437
88	540
332	900
552	903
216	954
271	661
832	957
725	831
384	538
790	960
279	781
461	492
311	733
452	672
911	994
608	956
470	726
822	885
758	900
307	964
664	713
790	852
862	957
223	970
297	956
61	908
773	885
556	887
451	605
575	900
520	964
98	975
373	914
588	839
552	916
431	855
202	803
688	962
704	906
583	616
882	912
25	325
639	898
373	927
519	981
338	906
835	958
810	901
842	853
465	866
680	791
473	986
159	796
646	914
150	976
530	968
838	855
361	930
6	702
856	909
205	390
900	915
729	804
443	447
720	984
324	984
351	858
136	704
43	476
590	874
72	948
174	178
812	923
624	872
844	912
849	990
236	992
62	876
544	879
442	868
323	651
400	871
823	974
105	694
330	812
335	890
710	804
963	984
641	933
541	995
770	818
374	589
902	974
337	936
20	1000
612	646
221	761
279	702
353	651
614	692
757	1000
724	823
352	951
145	887
527	952
164	900
286	597
608	648
640	829
409	933
906	985
648	949
312	1000
205	645
826	992
779	880
545	713
784	995
481	957
902	987
203	949
478	888
299	428
120	951
343	700
50	892
702	818
251	882
273	375
374	952
723	877
630	649
786	896
426	590
510	998
799	835
642	888
702	939
614	826
526	713
452	498
126	971
360	909
401	947
332	847
10	796
225	721
579	953
54	839
436	904
697	945
86	791
31	855
853	963
345	493
225	842
560	832
109	896
450	960
85	273
57	211
259	840
653	730
864	950
184	962
519	915
734	840
343	955
799	969
389	842
67	791
58	971
433	848
856	951
457	976
312	558
699	738
878	969
354	740
560	845
154	157
49	629
35	694
711	977
604	851
824	854
190	753
231	754
55	528
822	966
445	979
178	864
351	792
477	931
733	857
736	862
199	923
713	915
840	956
451	915
878	982
657	983
528	869
132	869
836	985
187	576
137	984
352	643
35	936
525	800
566	572
208	864
664	915
824	867
502	816
446	692
148	998
509	977
687	983
847	972
866	985
20	934
617	924
138	697
243	942
914	918
666	816
96	929
344	765
578	932
597	982
397	628
261	996
108	525
550	870
605	806
784	808
817	985
756	975
374	644
594	647
487	521
516	993
750	931
629	641
212	996
331	947
969	975
297	811
946	991
517	814
291	767
599	883
29	767
423	657
684	698
271	300
288	698
763	991
78	888
152	837
207	773
964	981
983	994
17	649
499	652
242	996
154	883
369	542
723	811
976	991
654	940
714	991
874	943
934	994
194	955
455	996
92	944
147	843
749	948
867	940
820	828
911	983
498	548
566	948
381	902
656	878
380	943
265	727
922	997
633	894
603	951
369	784
938	941
258	953
781	994
10	851
753	895
54	894
598	792
832	959
697	771
788	889
325	899
3	848
908	954
746	892
295	956
360	856
588	720
841	900
472	774
439	597
381	915
100	902
463	725
480	894
989	1000
428	438
61	910
498	911
919	941
69	505
938	954
98	977
574	677
651	897
669	914
204	851
211	975
445	913
197	811
530	728
623	919
24	102
424	975
553	860
639	900
181	988
564	726
294	865
509	790
817	906
151	816
187	510
159	677
491	921
477	986
57	400
315	924
838	965
226	852
823	842
308	921
564	847
641	801
379	801
967	971
86	993
557	578
903	986
601	621
759	978
743	970
638	688
238	983
627	795
668	796
34	924
516	927
428	814
636	992
671	986
182	529
677	737
167	406
530	983
43	599
659	868
170	411
326	924
446	989
284	927
358	876
143	951
201	929
539	924
184	696
860	979
571	876
698	917
684	753
837	995
45	766
854	935
936	974
110	666
710	927
489	928
668	930
525	881
874	998
907	946
309	997
483	884
75	766
278	371
751	820
300	884
608	1000
594	836
492	825
725	767
408	831
146	538
406	906
621	831
304	895
887	950
390	669
73	962
619	906
355	833
792	834
244	965
343	944
21	664
716	960
39	452
746	839
111	328
868	950
2	277
903	907
567	958
503	973
468	952
286	975
74	567
523	622
528	737
388	434
665	742
351	552
494	860
488	786
498	979
699	740
583	794
729	848
274	978
81	812
475	968
686	922
639	847
102	871
699	861
738	789
201	850
882	982
434	563
200	396
577	871
236	807
783	976
898	963
409	506
708	802
83	979
465	815
418	969
859	971
270	576
220	984
817	974
297	450
555	974
321	807
333	861
522	797
25	516
472	976
444	877
34	979
810	971
636	818
722	858
395	463
358	810
270	697
163	571
743	917
89	356
930	972
467	982
310	998
341	348
525	923
599	872
659	923
687	756
342	987
216	582
510	571
418	982
320	410
53	66
555	987
462	759
714	980
833	931
934	983
543	869
793	980
624	942
930	985
355	525
654	821
860	926
280	351
20	949
629	993
610	751
853	886
584	698
737	940
976	993
781	983
473	601
450	654
312	949
108	890
809	937
186	958
468	644
365	960
552	786
30	152
236	257
485	998
3	729
44	437
389	886
475	660
375	722
383	842
424	614
470	730
456	795
79	845
289	389
767	953
692	779
119	917
461	617
581	948
801	951
148	800
363	725
982	999
8	268
365	505
278	802
583	849
285	926
660	840
590	744
631	782
306	985
680	903
102	926
859	905
759	967
308	802
250	797
577	926
425	798
544	749
599	685
26	823
414	905
39	762
405	856
606	846
234	974
845	862
316	747
192	977
94	405
16	751
324	867
169	993
766	983
263	628
172	998
328	986
529	747
364	939
826	970
349	816
541	757
203	698
318	685
225	228
56	944
782	819
215	937
757	991
891	991
44	826
659	870
153	998
268	948
1	604
703	876
782	940
124	940
721	930
303	942
344	943
886	997
388	986
944	975
118	896
682	938
508	822
420	938
962	992
277	889
579	702
918	922
147	779
656	922
744	769
620	999
694	948
532	886
158	416
814	986
929	936
48	958
571	999
500	530
127	958
107	720
373	610
615	897
802	989
315	605
353	897
554	887
977	990
397	940
672	879
387	895
728	959
566	897
887	952
725	890
752	764
807	959
672	1000
378	553
806	1000
584	887
713	772
451	772
663	951
583	662
51	801
161	969
343	946
885	1000
334	897
628	849
311	913
204	787
400	433
102	739
542	782
753	965
183	849
486	621
73	977
329	903
274	967
783	844
375	790
191	969
433	731
345	618
116	795
405	669
317	785
484	962
759	901
643	955
896	906
560	957
780	960
799	973
563	962
260	924
917	965
338	965
425	624
316	573
426	970
674	806
541	920
646	973
412	806
618	911
444	987
796	917
460	968
400	688
97	879
441	689
152	586
754	920
661	692
193	358
251	565
844	850
935	968
253	345
590	933
650	984
249	640
156	412
273	997
185	884
97	771
826	917
363	927
28	119
415	528
502	941
125	991
837	931
345	994
548	828
782	995
284	984
661	705
738	925
495	938
696	928
728	880
571	933
175	933
631	984
395	936
739	746
851	987
496	759
675	990
389	633
647	928
927	982
531	982
724	882
911	974
622	871
737	821
195	538
401	872
404	877
804	996
964	985
155	587
334	818
554	592
545	772
490	836
839	990
880	991
663	993
811	891
800	998
323	844
598	783
325	890
908	945
820	832
608	949
186	960
828	952
198	785
681	939
1	914
441	957
353	844
213	541
163	949
223	963
355	890
658	662
778	956
878	894
676	945
616	665
216	960
417	950
899	953
274	901
141	786
301	775
595	727
526	893
473	966
65	912
170	965
463	958
194	504
227	452
259	899
820	966
565	676
938	958
198	919
98	981
720	964
899	966
577	915
711	915
752	953
549	853
218	982
419	743
190	920
350	909
9	616
844	892
674	740
558	794
236	743
184	324
557	569
89	989
534	851
345	686
424	979
768	789
136	926
351	622
612	626
199	982
488	856
454	979
421	802
321	864
222	592
287	987
717	800
648	700
95	228
196	805
499	577
960	972
657	934
237	348
228	757
963	977
830	862
921	980
296	928
733	929
337	700
557	932
254	931
636	996
634	923
652	977
349	939
523	826
724	816
710	918
99	993
228	878
369	588
66	587
589	628
411	999
772	978
6	950
763	929
587	932
928	996
143	955
740	945
581	629
187	998
302	948
512	529
825	989
580	929
112	595
117	939
714	929
681	752
612	881
450	819
785	809
78	947
788	814
347	583
217	998
258	770
846	940
450	940
744	892
202	609
950	997
380	881
732	774
112	837
327	725
382	661
423	958
818	999
515	961
977	992
342	481
204	776
273	381
295	894
322	768
630	655
635	999
113	365
560	825
25	252
118	443
54	953
307	904
30	101
12	727
521	833
718	889
9	429
663	953
883	956
124	150
354	841
463	784
24	148
771	900
595	903
810	828
433	841
474	613
424	792
748	889
574	736
527	624
852	946
76	459
810	949
232	972
328	680
149	974
801	900
625	903
966	967
451	787
845	906
327	980
225	969
445	972
489	490
866	965
731	777
153	800
199	916
755	905
419	690
498	983
666	796
831	900
201	733
817	965
354	975
113	620
333	623
935	957
87	567
111	924
317	800
229	916
410	991
537	803
308	980
578	804
743	908
435	526
467	973
687	976
439	911
502	930
180	916
185	994
942	973
152	817
262	985
14	883
523	989
201	975
8	580
729	865
333	865
314	586
319	701
814	909
645	871
666	930
518	803
55	776
435	997
729	986
949	989
324	937
167	465
327	417
459	573
342	991
648	997
474	881
288	462
964	974
83	996
298	884
193	602
680	986
265	707
881	976
900	989
913	928
536	712
976	984
76	956
198	653
717	989
791	938
510	925
246	586
347	638
430	932
443	871
271	764
235	841
964	987
880	993
369	777
304	833
868	875
651	877
615	954
628	893
260	497
251	943
471	946
883	890
487	890
406	965
885	936
785	998
986	988
176	890
327	793
519	963
293	916
764	767
683	842
672	949
190	909
253	965
449	611
220	788
491	793
819	824
664	950
667	955
741	904
259	672
708	727
116	852
245	737
317	613
938	960
616	909
430	490
588	847
481	684
114	927
356	689
750	845
796	961
433	909
708	848
713	963
732	976
451	963
644	863
382	863
151	930
761	859
150	742
842	969
861	982
759	971
641	915
300	622
197	938
305	737
613	853
107	227
7	814
6	818
474	923
275	979
13	979
495	982
11	640
250	922
508	692
645	926
222	594
39	887
340	815
235	533
548	993
615	754
152	764
620	869
413	805
518	858
377	882
657	936
921	982
599	931
425	815
304	754
548	885
955	980
504	815
154	931
495	995
784	869
233	995
216	762
610	918
689	982
804	932
441	880
7	359
224	882
105	702
881	923
705	926
443	926
388	990
880	927
267	700
508	826
450	821
832	886
598	719
290	603
183	477
381	950
955	993
581	752
476	995
913	996
594	950
814	990
43	847
538	826
422	880
950	999
17	831
232	719
776	819
198	842
55	268
781	934
423	960
679	886
579	948
235	909
665	722
596	888
977	994
292	891
438	945
980	999
776	940
290	966
128	904
785	945
389	945
582	845
282	553
667	889
685	943
363	663
344	384
841	961
665	735
301	953
171	843
658	961
80	984
729	841
868	956
706	894
403	856
618	781
444	628
230	376
543	607
317	789
836	859
197	872
444	749
731	779
92	792
856	959
565	975
699	975
396	974
69	579
935	959
319	461
48	870
442	797
483	569
249	402
37	977
452	990
854	970
652	792
321	921
352	988
489	734
816	863
7	990
370	813
764	969
138	921
754	924
256	647
770	868
181	473
120	988
736	991
391	993
793	973
168	655
508	989
434	811
608	698
728	992
561	586
544	942
282	942
221	932
293	771
922	979
834	866
737	933
332	655
337	999
626	873
786	825
385	481
271	645
791	940
670	879
133	940
675	994
279	994
716	766
494	653
270	945
108	883
438	758
550	999
448	951
38	824
24	889
693	755
786	946
161	894
711	772
40	604
821	940
297	940
355	881
300	945
10	617
260	728
683	831
595	718
809	943
225	892
637	836
711	785
986	990
521	890
130	776
378	612
74	615
602	1000
387	846
528	556
233	608
357	903
390	851
128	851
752	944
810	885
672	951
873	941
363	839
643	664
808	960
706	949
780	898
26	695
466	967
273	801
741	906
565	680
710	775
421	672
896	965
701	955
808	852
412	852
835	955
613	842
21	967
425	791
590	858
70	859
190	924
754	966
873	954
729	909
624	627
761	861
93	173
287	978
359	854
446	971
826	963
31	234
430	734
597	911
963	968
385	991
500	978
720	981
723	727
328	871
166	809
147	530
23	760
550	920
517	743
448	643
76	1000
731	968
340	817
18	766
823	971
245	994
568	681
614	797
251	745
127	938
15	882
483	987
610	799
400	989
689	863
358	992
955	982
807	818
430	868
806	859
715	1000
916	990
589	632
16	999
186	656
547	864
392	990
612	764
791	995
255	463
485	925
573	772
619	888
316	887
319	892
520	882
621	934
640	947
552	834
510	874
904	993
62	189
366	829
347	587
707	893
591	947
171	361
214	960
658	708
630	875
179	710
486	601
496	831
526	939
600	888
237	836
75	774
892	996
589	995
792	829
267	715
537	539
776	821
514	821
238	657
618	649
279	954
790	904
573	906
704	837
65	850
238	778
21	780
188	957
670	960
535	772
669	735
526	952
493	775
419	560
267	957
341	906
24	970
68	976
899	904
219	391
577	853
650	843
180	665
106	221
528	853
398	743
255	960
585	835
172	925
884	902
326	611
455	496
5	933
856	961
460	961
42	973
768	848
754	913
284	735
148	874
724	741
729	856
360	464
296	974
700	798
153	925
631	964
97	764
28	930
110	703
154	517
761	929
268	996
592	864
485	738
531	854
335	942
624	816
440	995
770	870
916	924
425	872
533	634
340	993
703	816
675	983
205	576
69	944
284	869
251	692
466	580
751	978
682	878
401	865
525	931
907	996
29	993
146	346
511	996
901	922
684	924
763	988
205	697
922	981
633	878
793	867
894	919
275	352
193	956
614	986
655	758
158	477
867	937
297	821
691	940
302	899
864	868
52	724
272	993
404	883
409	998
188	999
362	886
904	940
563	647
843	930
619	956
176	881
479	653
778	949
181	730
360	961
704	771
258	950
602	760
170	837
876	999
889	938
655	771
551	650
22	40
882	898
48	443
172	738
58	902
347	776
639	655
674	841
549	846
486	911
683	967
153	738
287	967
903	970
28	972
248	975
798	890
803	968
660	956
734	905
766	857
604	795
731	836
543	785
465	865
440	808
569	693
431	988
654	737
549	980
731	957
557	804
240	868
837	858
245	983
928	976
83	921
28	985
386	693
324	983
184	451
442	975
39	999
703	750
21	164
463	509
50	865
974	984
160	996
564	857
490	642
411	992
20	878
543	919
730	745
50	986
449	991
517	866
407	994
264	420
350	460
423	938
362	699
573	653
416	935
696	989
369	594
71	937
621	815
392	992
846	933
483	881
610	922
128	653
422	871
301	581
521	584
471	992
3	658
66	943
85	956
608	997
124	130
621	936
700	1000
698	927
706	751
818	992
59	940
601	994
403	484
802	984
586	834
718	990
630	877
505	882
482	898
769	928
628	952
581	877
889	993
245	662
43	972
748	990
607	785
697	944
843	998
292	895
774	898
226	541
572	949
685	826
850	893
313	954
877	996
701	770
467	603
711	963
67	898
678	786
683	901
595	788
842	894
28	906
713	780
602	949
196	261
657	848
817	837
302	391
25	379
11	444
257	914
678	907
315	855
711	855
549	793
497	603
227	742
664	780
838	896
722	950
939	948
400	670
708	786
262	965
243	457
210	280
361	863
347	965
162	919
845	912
949	969
796	912
782	977
353	571
456	992
220	981
891	920
159	971
481	756
527	872
506	520
714	735
953	980
227	876
303	871
187	925
103	931
318	856
411	818
483	923
920	924
562	987
656	851
78	874
675	864
620	928
125	168
858	985
624	818
489	859
360	708
398	1000
728	875
506	533
934	980
249	877
846	867
628	644
724	877
911	969
462	877
374	993
797	867
888	985
122	957
325	993
125	181
314	834
200	998
369	541
654	939
55	85
612	942
496	996
890	923
688	937
619	837
424	598
448	955
542	819
313	996
487	883
709	996
46	423
35	493
702	993
176	883
553	604
253	837
899	948
852	873
180	480
773	994
658	778
317	485
671	717
151	681
720	838
343	888
725	953
329	953
852	994
986	994
769	996
616	902
349	787
762	956
836	905
63	955
238	956
646	781
752	948
12	909
708	841
135	979
479	789
432	677
265	271
597	781
638	782
280	845
789	951
431	977
26	928
824	908
777	833
803	970
921	962
838	964
511	569
172	874
777	954
617	736
340	687
18	407
224	512
215	921
671	972
674	977
412	977
627	902
525	625
731	959
805	908
824	921
636	870
735	849
174	287
845	980
416	803
140	410
921	975
763	803
97	942
138	980
157	993
243	996
647	857
531	682
30	888
453	991
15	765
501	924
64	886
802	852
485	916
886	994
429	755
267	693
131	832
222	950
514	570
464	978
904	984
601	983
293	601
298	945
587	819
86	537
122	194
559	986
821	986
378	645
746	812
654	994
552	946
973	976
123	540
513	991
950	992
661	889
609	699
702	927
344	953
655	815
867	994
943	989
184	937
602	696
165	658
464	991
505	992
362	943
832	892
408	830
141	715
977	987
218	669
567	823
364	723
424	774
195	951
677	991
162	774
938	995
616	715
373	957
459	997
576	764
829	944
466	892
309	420
672	997
299	900
137	838
500	661
558	602
310	500
419	672
674	898
412	898
794	1000
747	888
852	941
315	965
31	977
810	944
70	905
317	782
745	963
616	849
5	924
65	975
233	788
756	829
252	801
269	970
296	844
460	723
553	914
294	919
49	859
93	111
543	842
708	909
60	873
743	903
522	904
164	930
120	860
763	966
288	444
694	866
157	927
26	178
215	868
44	986
443	503
314	581
374	632
219	758
761	812
365	812
599	750
733	979
906	907
194	701
703	807
605	915
858	866
258	807
326	978
312	814
881	971
36	879
707	818
127	997
622	976
85	1000
756	976
38	925
635	686
676	687
814	917
411	941
152	946
707	939
559	812
550	992
825	931
930	984
322	576
888	987
43	895
189	720
885	918
515	890
224	943
862	934
559	933
163	933
894	923
718	926
112	887
286	774
635	928
468	522
855	931
239	662
593	931
868	870
274	885
744	834
155	705
136	426
31	898
614	990
368	934
129	423
542	821
561	834
514	759
767	939
841	888
607	721
901	939
1	911
618	816
521	883
306	729
22	970
149	782
690	840
192	600
101	970
739	998
813	947
634	652
251	362
299	847
67	955
264	745
778	966
165	968
762	958
40	973
819	940
659	722
553	969
50	614
564	835
90	686
866	907
7	917
733	792
585	665
287	971
461	858
488	961
777	835
845	969
518	611
509	791
720	974
398	923
733	913
689	843
708	856
265	515
569	926
250	917
888	908
948	959
805	910
824	923
906	962
837	862
358	864
262	338
816	924
902	964
580	913
673	875
474	931
188	574
895	924
532	872
69	882
430	861
559	746
913	978
512	634
536	991
333	928
613	982
411	996
786	873
648	939
202	593
45	875
434	872
175	877
684	754
133	880
637	642
675	934
876	924
587	821
499	937
760	978
779	991
286	829
14	370
175	998
249	947
846	937
469	950
628	714
402	896
880	935
602	698
266	712
734	817
63	649
271	827
505	994
505	765
758	945
987	997
651	819
609	822
540	951
961	981
644	779
52	904
170	896
156	961
329	889
169	671
755	768
975	1000
567	946
391	720
281	848
968	997
467	715
301	948
755	889
856	941
116	902
638	718
850	897
588	897
762	784
555	720
338	951
274	966
717	718
956	1000
741	846
166	615
350	961
424	910
107	974
592	723
418	607
509	954
757	790
416	497
710	715
882	970
434	551
639	956
735	893
559	667
60	983
247	846
192	910
236	916
442	792
810	959
483	564
486	983
701	908
324	921
219	639
368	439
673	809
208	975
879	914
612	799
680	970
99	924
816	979
786	807
552	640
851	973
329	339
367	631
721	863
242	865
751	971
770	984
723	909
332	758
703	930
288	459
105	752
314	825
770	876
874	933
337	994
15	943
827	858
717	986
785	861
408	874
180	229
586	651
765	882
952	974
649	936
79	820
695	823
964	984
614	871
581	694
686	710
533	882
115	894
151	551
899	939
403	543
45	835
876	992
246	825
774	944
89	841
630	936
167	946
468	874
368	936
46	656
693	992
412	713
665	893
711	780
246	946
158	833
989	990
488	708
77	908
70	720
419	608
234	828
360	967
616	893
676	944
313	892
459	946
896	947
417	949
54	897
90	554
653	667
863	891
233	495
706	944
35	739
866	896
618	831
346	372
819	821
241	844
884	950
105	431
778	968
583	958
817	896
762	960
877	947
192	844
660	949
104	731
319	619
357	911
114	924
838	955
72	927
133	385
933	963
726	899
41	796
94	393
85	573
374	447
439	842
263	616
548	977
842	966
5	994
803	974
346	735
411	864
39	992
340	920
777	958
446	858
399	746
826	850
485	557
25	801
462	802
173	699
622	791
888	910
310	933
409	912
92	976
395	748
510	735
532	982
41	930
168	476
962	980
920	983
230	573
790	873
298	936
91	872
751	918
723	856
772	977
409	925
684	864
785	916
818	864
545	934
388	987
520	877
580	928
901	983
87	995
670	821
269	477
307	769
193	896
279	936
862	991
977	978
688	875
355	931
33	880
392	998
524	888
366	945
889	986
619	896
283	947
484	937
93	786
681	993
51	789
440	601
156	842
233	537
467	475
683	773
89	788
226	534
195	955
314	906
597	706
662	835
357	724
609	945
576	768
361	843
669	959
364	848
746	950
262	837
831	994
905	943
256	268
352	730
669	851
488	547
19	971
93	920
564	771
285	861
35	686
153	907
433	961
111	910
861	913
685	953
407	679
252	805
838	902
590	800
631	838
650	851
309	558
837	906
220	974
476	900
858	965
624	798
550	620
674	915
558	969
425	854
953	973
777	784
694	978
4	568
513	674
215	980
867	906
270	687
839	844
333	972
434	795
687	975
272	733
907	978
544	926
714	849
175	800
824	980
230	507
409	738
647	795
740	986
344	757
163	682
624	811
481	991
407	813
415	637
2	993
112	636
337	983
529	924
661	814
807	868
490	932
245	347
401	631
800	865
51	252
413	870
210	770
504	988
347	516
314	827
167	814
575	639
918	978
59	988
656	978
174	709
416	996
140	832
112	999
681	927
885	922
367	996
788	989
278	887
820	941
572	876
396	879
561	946
143	204
693	873
593	935
871	879
688	943
493	933
281	784
864	876
506	902
354	774
500	828
445	892
505	943
7	666
697	884
77	910
534	597
415	905
676	946
108	196
982	989
257	962
436	964
535	943
507	844
56	679
135	972
553	731
873	938
473	967
371	956
49	905
549	962
768	777
224	384
382	970
330	780
504	667
523	680
104	962
692	903
553	973
933	965
224	505
377	747
418	785
35	983
370	973
530	962
172	988
502	863
717	788
199	862
331	981
292	501
668	788
2	927
356	930
777	960
455	909
534	973
128	285
224	747
666	863
378	396
402	753
668	909
76	997
580	796
464	850
328	989
358	868
839	912
302	936
44	937
603	635
200	925
291	814
368	509
406	764
621	689
920	985
32	294
109	514
480	686
471	866
199	407
894	969
550	930
709	923
217	986
855	977
146	288
426	571
276	812
615	995
790	996
806	977
658	813
883	931
695	880
800	933
87	997
582	939
282	418
177	890
153	304
894	982
737	998
341	769
855	990
552	952
665	829
535	985
427	957
213	705
380	882
741	824
223	898
162	659
547	995
445	947
101	908
142	946
76	326
301	939
172	788
438	944
322	998
759	999
418	706
704	834
192	888
255	944
203	259
748	998
421	603
81	912
659	660
125	955
856	945
331	794
456	974
504	722
151	863
613	894
954	958
414	950
37	963
413	725
88	965
537	791
509	958
710	948
729	961
844	948
393	783
761	913
590	802
763	959
353	566
196	848
335	926
300	676
608	792
668	843
673	921
420	512
506	515
733	972
288	558
823	902
573	690
173	985
536	808
396	505
608	684
291	977
170	687
227	992
543	969
39	941
491	513
615	808
284	974
430	799
523	990
594	870
580	972
709	857
714	972
313	628
918	967
106	823
937	980
656	967
694	993
867	921
256	996
971	978
33	695
71	987
410	416
556	736
454	459
464	918
483	931
73	767
18	831
90	182
983	988
716	873
821	926
265	708
521	634
922	978
366	760
853	878
894	916
80	662
635	921
473	593
538	988
832	940
918	980
774	935
149	654
806	924
225	878
189	955
734	755
477	833
155	819
568	988
117	298
301	644
507	712
639	868
111	254
116	598
570	768
630	819
354	884
266	542
155	940
334	942
295	950
470	951
275	712
110	150
32	725
472	997
766	949
986	989
903	954
58	899
185	445
864	999
127	440
835	941
546	838
750	833
378	961
421	779
458	846
20	849
226	954
437	908
652	833
201	897
657	911
434	610
714	893
208	792
870	911
142	209
735	952
738	957
330	674
416	677
847	900
392	734
166	916
276	559
183	331
629	677
446	970
647	960
377	870
779	850
16	864
539	905
81	993
860	960
879	973
617	973
557	693
656	901
763	798
694	927
821	968
408	570
499	688
55	940
974	981
531	906
605	855
569	932
825	858
277	989
10	645
386	932
119	817
705	914
443	914
816	930
387	753
712	809
612	871
739	912
505	745
240	999
596	863
4	988
207	822
760	971
217	988
258	989
148	363
390	879
573	1000
191	706
719	825
204	645
457	825
369	941
66	940
420	943
376	873
77	954
512	882
586	831
603	1000
635	989
683	885
769	925
889	990
603	892
699	829
281	841
317	535
126	967
341	892
759	880
437	600
561	895
965	985
476	528
500	885
519	898
579	949
665	952
202	962
917	944
488	538
584	1000
680	708
616	952
127	495
495	662
472	944
412	664
711	960
650	721
653	955
586	965
782	840
873	995
410	968
391	726
826	883
285	973
141	965
309	778
595	906
309	549
218	919
510	539
713	898
951	955
756	945
954	960
577	973
548	915
854	958
307	331
721	843
129	968
592	729
927	948
160	806
388	670
145	912
313	496
395	794
199	919
565	976
23	693
261	979
22	468
44	981
369	512
484	499
404	506
193	700
902	904
761	928
525	917
478	805
423	869
390	692
617	920
601	912
922	967
72	302
302	993
448	818
781	964
175	925
390	813
772	915
455	979
515	993
155	458
688	921
793	974
200	874
508	990
920	934
174	592
922	980
77	888
760	918
779	931
203	1000
915	977
533	646
917	986
394	716
572	988
773	978
892	929
264	606
484	875
102	544
126	901
929	996
349	421
841	883
887	999
563	875
48	429
600	942
774	829
61	893
639	641
878	886
836	889
373	899
321	709
660	929
118	609
753	891
216	952
813	942
357	662
92	364
690	956
868	999
546	948
348	963
810	994
736	779
281	909
518	593
220	899
523	671
531	532
789	827
375	958
461	961
28	850
231	684
625	840
358	496
294	969
473	971
844	884
393	719
458	848
26	925
241	850
287	966
925	957
199	853
273	802
763	895
796	843
40	271
861	972
437	910
555	902
123	979
629	787
23	977
171	912
229	853
294	982
490	628
495	972
118	985
844	897
648	921
257	282
119	577
465	985
432	808
578	862
421	915
517	623
682	919
103	983
772	849
455	913
157	990
36	929
633	919
545	806
550	921
589	849
186	873
520	749
395	983
697	796
329	400
661	873
8	988
503	930
723	970
186	994
272	805
184	921
781	911
142	924
422	978
904	981
441	991
480	919
399	994
177	881
760	973
177	652
894	973
795	930
244	827
54	932
546	640
843	863
91	999
342	581
209	991
765	943
286	945
179	819
456	602
984	987
247	465
68	722
422	991
917	933
760	986
718	989
93	900
533	943
693	932
219	487
494	951
130	940
534	764
704	946
965	987
352	494
917	946
810	820
556	940
891	893
643	828
402	436
660	997
156	969
338	946
794	997
852	938
141	846
442	774
750	890
359	776
567	954
606	882
569	734
626	716
741	962
386	734
147	223
74	913
294	916
159	957
668	834
136	973
893	952
139	978
736	968
620	793
358	793
251	667
247	962
407	914
71	965
668	955
16	800
122	930
860	896
372	849
633	853
738	906
283	740
677	896
756	960
420	745
143	881
839	850
751	966
457	519
869	958
304	920
371	452
598	872
818	912
964	966
740	992
724	984
811	872
897	912
52	820
401	974
709	861
313	861
855	915
566	812
918	971
656	971
637	692
334	691
584	802
770	992
484	635
186	941
728	995
423	884
464	922
123	592
472	746
188	987
670	990
381	887
334	812
769	969
204	702
579	993
296	641
57	130
31	895
573	949
452	659
168	900
910	985
230	997
266	654
197	783
725	939
683	942
769	982
394	839
218	842
405	705
603	949
267	1000
878	888
377	606
919	926
79	949
509	762
836	891
618	934
70	836
235	378
815	953
470	955
993	996
638	768
514	998
808	950
935	991
431	963
257	847
169	963
926	942
444	902
81	850
241	839
442	829
810	996
89	970
226	716
647	709
418	886
583	724
720	958
439	945
57	614
516	899
92	837
812	897
449	845
275	729
674	963
622	773
310	915
318	547
750	958
717	781
777	832
708	961
413	784
446	732
845	966
944	945
555	904
761	972
599	910
544	974
860	951
645	797
648	802
432	918
490	859
710	899
121	504
291	915
673	980
833	969
63	270
152	985
241	276
108	915
635	846
654	859
599	923
566	746
154	923
591	695
594	929
57	990
874	983
846	921
887	922
100	808
867	980
779	867
242	928
341	870
797	921
456	591
795	811
855	862
901	978
101	888
920	991
885	970
725	752
496	929
298	944
554	870
688	870
121	988
957	994
635	980
929	932
371	870
753	935
376	985
563	811
730	988
475	698
375	760
991	992
282	303
512	765
732	997
984	989
662	938
660	865
82	888
968	981
665	943
665	714
384	701
516	591
158	883
347	819
163	998
534	645
372	583
616	714
387	891
877	984
607	894
808	884
392	417
31	963
213	940
769	929
347	940
493	994
727	932
768	933
162	894
437	604
817	825
866	946
16	547
150	776
254	833
479	951
960	995
616	956
251	306
891	895
316	435
332	379
53	964
516	725
72	977
268	623
956	997
273	738
364	856
465	908
666	898
743	889
643	951
673	793
342	959
824	962
202	390
942	954
212	849
386	736
523	970
812	844
159	959
178	972
346	785
714	952
296	964
511	852
593	662
6	636
133	677
330	962
564	900
946	965
297	556
159	851
453	803
511	744
645	973
837	914
661	917
243	929
36	865
215	867
306	460
42	158
520	685
76	937
814	903
115	865
63	446
717	970
221	803
95	398
274	629
697	732
749	922
265	809
339	758
628	632
573	696
559	798
710	967
765	866
448	701
809	909
33	459
635	793
828	922
869	960
406	704
693	734
739	850
515	876
702	968
922	971
705	973
130	742
283	984
443	973
517	922
622	975
603	696
594	876
709	863
487	750
781	968
459	688
628	874
807	876
545	876
176	750
55	194
841	874
610	978
161	886
843	920
686	936
760	922
727	745
584	696
322	925
281	658
561	941
602	979
46	532
607	828
758	997
114	895
766	821
898	977
917	990
342	530
328	595
732	944
456	780
643	872
951	988
127	312
426	874
752	815
320	892
447	933
788	997
903	947
438	884
644	952
102	669
322	938
437	888
864	992
253	838
982	984
151	790
385	728
426	766
68	792
618	936
711	898
553	955
685	882
229	602
831	936
454	949
41	551
388	595
197	798
269	903
852	995
726	775
453	845
921	950
372	893
914	947
129	906
742	840
585	893
98	280
656	773
689	721
909	953
680	901
845	968
449	968
886	969
146	967
858	907
175	850
309	850
636	979
212	917
386	804
916	969
492	678
827	897
478	514
928	979
886	982
228	982
259	332
278	345
723	961
313	568
464	966
901	967
249	812
772	853
240	992
615	869
367	804
134	273
399	756
672	851
443	799
811	929
809	856
950	980
540	587
228	995
825	985
167	985
200	933
514	800
376	866
417	867
362	931
128	764
744	996
832	880
3	998
56	366
9	520
506	831
767	872
290	947
843	867
107	947
198	836
767	993
882	943
324	423
480	936
815	889
276	352
278	950
551	816
281	955
859	932
676	996
354	945
137	947
627	811
494	955
263	534
750	881
829	945
309	421
787	948
369	960
36	491
509	940
481	612
252	789
453	779
926	999
604	948
24	144
631	822
134	541
898	937
221	429
606	765
652	881
624	782
462	491
912	956
736	959
82	206
956	999
5	925
421	840
467	956
990	997
654	782
342	961
562	964
610	712
513	779
485	717
624	795
635	661
189	574
937	962
111	920
59	730
240	805
386	859
886	916
302	865
335	813
825	906
264	344
508	970
140	574
200	625
728	973
339	639
633	857
688	793
793	846
242	972
853	860
383	682
429	569
318	738
455	972
18	934
515	986
21	451
330	977
185	293
80	765
811	984
415	755
709	744
103	934
304	924
827	965
524	927
156	531
651	739
642	919
457	873
572	860
718	914
198	878
184	980
109	806
395	934
832	935
381	999
496	986
615	937
697	976
730	924
774	930
889	917
498	766
479	524
429	932
286	883
910	976
492	988
970	990
767	927
887	992
785	981
477	599
642	932
788	986
862	935
807	999
507	707
364	658
181	951
621	994
662	995
255	873
769	865
58	773
512	943
639	984
658	997
759	820
690	949
65	897
239	784
454	709
674	712
808	941
868	992
646	879
384	879
134	475
488	707
801	938
896	946
522	705
277	379
939	993
502	726
507	841
363	833
808	954
687	893
722	887
667	951
465	965
845	957
449	957
541	960
830	834
85	680
324	962
632	849
62	733
678	965
103	505
736	906
518	949
430	836
330	898
591	673
264	278
590	973
423	567
15	513
906	950
290	452
469	683
243	865
564	957
779	845
784	960
407	973
860	955
582	681
515	691
721	796
495	978
283	570
715	981
830	968
508	917
772	963
703	863
513	968
415	810
280	622
772	855
904	974
205	973
661	987
769	786
380	745
237	925
760	966
913	979
457	699
677	968
575	920
520	984
957	985
542	743
602	794
728	933
771	980
62	291
105	927
370	407
769	907
53	471
663	925
212	235
822	918
693	804
142	930
904	987
119	946
516	582
773	918
446	523
253	882
896	988
10	895
519	772
679	761
899	993
706	864
219	480
558	700
613	636
86	890
650	703
72	726
889	985
820	885
773	810
537	762
822	931
32	775
627	692
431	780
288	997
361	721
226	762
699	945
597	934
671	883
776	936
335	668
266	834
371	887
794	990
491	952
766	891
972	996
609	944
750	883
464	526
842	886
344	380
789	996
250	718
866	950
425	719
318	364
942	945
152	560
859	947
652	883
19	970
775	953
47	214
742	776
310	853
296	955
912	958
139	971
726	953
60	863
757	791
715	794
673	797
69	804
275	909
724	964
471	555
723	776
38	673
240	807
427	862
513	902
696	794
700	913
285	405
524	687
469	751
207	980
73	522
642	908
210	756
242	974
517	913
190	518
44	989
897	905
470	572
112	864
478	921
161	985
813	911
499	980
208	279
531	969
605	918
149	638
419	462
248	351
387	924
561	811
249	990
846	980
752	793
642	921
545	988
864	970
797	980
14	534
179	638
899	927
436	937
260	711
788	867
741	755
161	180
405	577
762	814
767	929
574	763
68	891
393	459
706	919
568	985
755	811
947	981
61	888
47	953
41	650
165	945
242	411
192	819
896	935
417	937
959	991
67	824
755	932
743	814
238	827
530	935
945	948
86	958
769	988
722	876
226	709
364	902
336	840
243	612
504	653
280	945
385	961
25	655
674	835
835	938
52	263
733	890
81	735
391	897
501	540
495	954
392	718
428	900
15	502
63	250
606	943
625	956
353	497
418	892
845	959
449	959
578	844
72	218
641	900
701	951
379	900
527	798
654	839
81	977
29	787
337	903
819	943
323	739
161	677
78	908
441	731
229	848
96	733
349	913
830	957
761	857
648	916
716	791
513	728
229	969
432	803
339	575
559	844
522	962
429	734
272	787
621	675
681	726
404	677
675	911
642	734
399	976
779	968
405	498
300	741
38	741
855	963
277	986
194	988
906	965
758	801
183	570
670	917
749	981
334	739
64	878
191	919
806	963
121	860
883	917
373	815
552	817
901	971
739	909
730	860
12	809
661	989
394	645
380	747
686	753
806	855
695	987
299	758
693	914
174	992
458	522
790	995
513	983
573	997
306	882
414	452
892	979
187	409
725	987
582	938
898	915
380	989
466	992
540	941
554	876
75	878
135	892
603	997
910	925
514	925
63	989
357	941
472	699
90	368
442	756
433	707
787	939
639	812
625	648
327	954
393	527
296	823
838	877
144	954
584	997
597	936
437	718
745	834
239	962
357	954
687	829
329	892
153	895
576	998
884	885
248	903
60	852
275	777
583	893
789	998
481	845
403	962
361	965
617	891
455	829
218	916
891	901
631	947
428	847
323	565
502	796
56	975
749	902
372	952
611	968
641	847
379	847
291	963
668	721
425	963
544	914
585	952
282	914
356	863
175	788
105	729
471	786
812	850
438	609
388	788
682	969
489	611
398	981
131	866
291	855
487	501
712	848
642	789
36	979
633	969
471	907
806	897
171	386
336	453
415	746
387	684
511	979
445	625
559	912
237	861
545	977
443	966
682	982
797	969
79	689
915	961
918	966
109	568
656	966
475	625
633	982
600	805
765	872
892	913
792	975
214	998
690	698
506	877
901	918
753	754
610	971
684	920
53	528
163	925
37	291
795	872
404	987
593	923
13	348
679	926
813	926
491	875
582	993
158	931
834	985
567	870
37	412
195	998
176	756
47	834
792	988
630	926
60	544
583	585
453	475
408	998
310	426
549	937
678	822
788	990
309	467
181	955
91	244
616	883
643	757
315	891
838	932
562	768
815	948
856	986
185	781
28	834
699	773
740	774
674	945
803	830
613	706
585	644
141	896
86	960
282	835
722	878
235	265
405	942
419	840
988	997
757	835
260	968
263	714
722	999
638	776
545	548
569	905
522	830
453	959
791	954
39	861
326	891
183	317
83	904
339	564
830	838
300	609
71	786
833	843
78	910
119	682
518	953
624	854
536	970
66	792
830	959
434	959
71	907
673	975
511	913
290	685
513	959
928	972
867	962
289	985
578	859
8	972
237	566
218	287
825	965
536	862
608	967
195	569
355	558
682	916
723	954
695	855
100	682
482	747
614	903
36	926
339	698
581	726
34	99
633	916
760	957
853	919
677	959
66	805
319	985
635	962
593	736
82	520
491	688
238	279
890	959
45	867
427	932
587	921
647	972
287	629
414	441
719	811
512	747
148	470
456	586
165	410
299	639
901	973
202	935
799	925
191	813
676	976
74	413
785	919
637	755
236	411
535	973
623	820
843	860
461	529
512	989
873	968
639	801
649	994
864	919
822	922
178	591
524	999
885	978
439	632
246	991
961	973
457	945
460	691
606	745
718	986
9	526
773	922
551	580
778	1000
776	927
51	900
646	817
109	878
838	987
122	551
554	999
889	989
975	992
254	478
507	658
562	594
534	761
42	824
312	648
551	930
567	938
630	994
368	994
454	997
657	831
476	527
426	935
285	959
371	999
560	935
530	763
857	892
667	997
4	653
625	1000
386	489
281	961
160	900
817	941
440	954
338	943
849	893
539	933
305	766
835	995
747	882
787	954
205	535
50	661
129	954
611	957
12	140
206	908
219	847
646	951
525	890
948	993
731	995
137	256
837	896
634	833
133	551
661	670
812	839
292	315
335	914
622	944
481	968
149	266
756	944
14	41
57	677
249	618
749	904
446	903
432	968
721	842
302	629
308	380
781	829
19	277
712	729
557	855
598	627
83	972
740	976
554	557
608	793
497	962
827	837
232	627
908	910
77	524
242	857
591	974
677	785
264	350
121	567
327	635
106	932
6	994
450	742
105	973
922	966
724	981
820	918
517	917
222	999
874	925
915	963
753	864
472	622
381	992
496	979
744	815
697	740
642	804
292	920
848	909
221	222
591	987
556	737
594	992
709	979
651	745
535	799
807	992
254	520
75	814
369	995
704	985
401	984
537	579
660	915
519	939
789	800
725	815
892	928
451	697
3	12
734	756
71	412
384	643
463	936
246	938
769	979
843	928
903	942
796	816
42	879
424	944
570	998
643	988
817	875
896	939
486	775
80	87
576	934
562	770
493	936
4	479
435	665
627	872
109	946
546	947
217	479
411	722
70	954
689	703
840	872
592	770
321	950
462	660
277	614
838	947
356	678
717	886
791	835
529	606
749	838
754	953
914	942
803	845
233	958
434	719
453	732
703	843
367	665
675	781
724	902
696	840
286	676
117	904
62	968
203	907
492	552
142	668
648	799
174	620
348	507
243	979
397	665
121	730
262	440
295	388
948	953
268	928
1	813
469	918
207	918
909	961
205	845
580	907
84	969
640	921
10	754
786	975
832	862
598	695
408	800
96	979
125	448
366	574
531	907
913	972
709	913
695	749
693	905
216	980
679	741
563	795
730	972
193	996
389	679
642	859
549	631
716	808
311	988
605	977
503	929
649	983
809	972
885	967
320	929
292	867
600	983
144	474
185	475
957	991
327	824
607	878
450	931
546	868
343	805
780	806
752	973
291	349
375	757
769	913
503	942
630	983
690	997
368	983
984	986
762	873
968	978
211	770
252	771
417	875
403	940
747	750
637	878
664	752
383	998
606	747
298	365
759	760
537	647
938	991
454	878
877	981
373	953
734	932
238	994
761	769
114	958
272	349
326	585
861	892
336	778
523	833
440	835
715	774
585	930
659	879
502	666
144	958
823	987
364	961
647	761
456	964
169	907
351	884
370	897
6	620
548	674
601	766
210	615
41	843
757	784
132	961
206	910
476	771
136	851
310	738
497	830
617	895
474	846
64	682
702	710
633	839
421	956
710	830
159	956
536	677
775	959
30	805
613	897
742	782
525	784
614	718
707	909
27	921
481	862
181	341
318	841
161	857
143	988
619	917
575	847
580	962
800	965
280	441
441	803
793	962
130	618
297	795
746	850
214	989
448	927
778	802
630	675
487	626
299	575
115	754
197	527
885	901
91	811
237	865
361	406
727	729
283	981
616	632
588	799
748	788
753	866
90	293
133	929
279	983
320	984
17	983
36	996
366	871
438	976
180	223
704	866
248	586
561	817
607	933
753	987
670	989
692	748
871	979
389	747
576	802
669	764
655	866
755	804
947	974
61	881
685	974
396	871
704	987
690	823
676	925
588	812
882	993
627	740
477	944
103	245
815	939
773	979
363	815
583	589
720	823
140	248
463	938
507	944
947	987
685	987
726	759
762	941
766	831
315	895
260	959
502	721
259	1000
534	939
303	777
652	931
60	790
756	759
632	952
286	315
893	993
67	951
404	536
884	944
768	998
969	988
694	783
625	949
146	951
583	952
605	711
536	611
981	998
414	887
634	890
212	901
532	613
289	855
90	911
687	901
700	840
122	863
626	662
791	958
326	895
823	947
279	783
380	606
902	947
544	973
29	793
920	964
408	789
876	894
518	957
707	856
177	627
691	848
556	660
167	619
791	971
381	807
702	899
270	976
545	915
11	981
723	958
809	961
547	961
318	909
276	912
609	792
895	920
177	869
447	501
619	985
471	858
732	862
718	964
484	797
121	745
300	976
170	866
706	846
295	982
892	972
186	995
487	923
387	985
883	923
621	923
748	964
473	759
755	859
567	808
875	924
140	1000
313	928
258	992
509	574
602	802
528	587
836	932
871	926
549	875
378	764
124	359
126	957
542	872
46	934
65	947
583	644
987	993
725	993
766	994
799	942
783	934
590	768
667	988
741	937
262	939
234	877
440	716
7	834
838	991
551	934
611	948
611	719
597	821
831	988
449	657
798	811
118	786
761	892
613	765
497	819
356	843
447	998
6	501
362	365
735	876
413	596
858	946
729	832
775	948
935	937
305	770
332	378
516	953
139	966
763	830
606	883
465	907
129	958
435	735
784	889
949	956
503	610
888	946
222	856
818	887
298	622
941	957
578	905
605	779
335	918
94	563
511	851
392	671
712	841
684	779
601	781
710	953
173	977
557	859
703	913
155	556
716	852
790	801
807	970
232	510
99	920
797	962
510	905
596	908
651	844
526	849
751	967
479	508
80	762
267	625
795	973
382	575
148	408
84	918
54	746
40	582
771	801
12	749
320	865
788	970
499	867
862	919
194	231
278	868
507	691
820	922
94	818
9	451
570	747
468	736
855	916
679	919
426	510
813	919
637	693
177	937
292	924
397	977
952	970
470	701
60	537
65	881
299	819
371	924
725	927
150	696
306	943
70	932
226	691
565	645
465	707
231	540
229	696
676	927
425	527
394	948
521	760
873	919
97	432
745	882
430	578
504	527
165	832
206	833
970	1000
789	925
151	668
500	822
808	938
269	889
604	879
241	827
342	650
359	819
727	986
542	940
55	556
981	987
819	925
492	530
15	376
359	940
395	597
474	890
703	713
362	420
722	992
336	956
555	1000
641	774
849	952
701	825
401	533
525	599
427	441
927	993
585	1000
714	885
777	941
636	965
596	600
23	967
620	957
335	973
825	837
770	901
663	775
43	801
117	787
791	960
328	970
138	846
928	965
881	890
449	967
705	893
441	968
196	908
8	857
751	901
673	981
406	866
492	906
712	909
827	896
323	868
744	861
311	979
655	789
619	866
185	345
209	739
88	678
901	966
679	853
794	840
683	743
586	810
355	914
162	748
341	979
406	879
101	768
109	858
436	987
651	912
788	917
880	920
4	283
732	756
33	984
98	884
113	455
885	971
375	869
898	910
521	923
135	887
919	969
69	533
896	985
604	813
623	826
84	289
301	812
554	992
669	942
810	918
295	997
382	885
46	936
333	700
706	982
539	576
824	937
364	952
331	546
363	993
919	982
504	703
979	996
220	944
476	641
514	933
393	872
701	988
431	898
414	931
345	831
138	767
317	998
465	896
638	824
416	482
462	598
508	714
687	945
379	600
678	896
754	891
17	598
449	780
27	791
165	203
103	557
120	955
731	880
592	950
816	843
847	947
593	771
629	953
482	674
210	740
399	676
3	447
115	853
