18	920
749	910
661	797
259	265
388	904
369	625
112	969
520	794
205	904
81	343
499	856
922	959
127	984
420	977
198	864
795	854
514	612
65	520
216	918
128	805
848	902
89	584
209	915
584	792
709	972
148	410
781	848
841	862
598	875
799	865
885	905
3	931
658	862
685	736
753	870
257	932
202	996
664	798
281	996
313	985
110	131
514	746
211	708
711	994
475	983
320	880
859	865
64	136
143	429
882	997
522	691
641	642
579	996
627	744
576	927
958	992
617	699
254	647
933	935
878	999
129	881
470	945
20	830
722	873
553	835
988	992
606	698
597	878
803	946
863	997
228	486
668	758
81	961
805	992
170	481
516	889
749	831
840	986
597	999
726	884
275	948
757	951
891	951
256	440
247	886
173	671
849	954
35	966
365	612
313	422
648	900
909	941
446	951
465	964
647	712
826	943
624	957
701	948
508	782
387	492
307	499
881	1000
335	975
806	826
135	392
489	890
749	965
675	787
821	841
449	969
911	1000
828	965
800	903
566	736
739	893
422	957
358	972
339	693
297	962
696	967
897	957
11	864
608	854
217	969
332	919
640	806
813	963
81	519
205	851
279	800
573	981
77	814
168	932
608	975
387	976
5	645
478	865
786	981
323	991
758	919
496	919
26	704
876	911
862	976
774	863
779	978
787	802
295	865
267	803
65	817
552	935
371	860
646	799
887	925
255	685
136	468
58	814
732	987
565	581
33	986
706	971
725	984
45	996
664	974
669	823
617	633
229	524
179	932
542	984
51	895
679	989
398	710
324	532
771	992
991	995
810	920
755	984
433	933
774	997
9	642
391	707
251	404
454	992
789	982
445	943
539	807
329	997
52	194
131	487
356	605
648	713
551	817
451	879
118	898
701	990
250	825
565	836
321	890
300	538
434	767
236	782
610	700
730	765
501	942
102	967
413	600
872	885
333	836
874	894
552	614
225	256
557	958
593	652
895	953
532	901
205	543
14	975
173	968
911	934
723	883
305	895
594	732
654	783
681	886
626	950
714	834
478	557
502	914
271	493
276	837
804	956
293	740
513	780
523	973
858	963
173	860
641	965
612	907
491	617
343	490
656	950
50	911
141	504
482	568
435	981
658	730
47	347
594	745
786	915
371	444
469	979
128	686
441	917
320	627
394	576
635	904
781	958
274	861
785	848
136	402
86	810
91	925
889	905
586	867
572	969
295	920
732	921
594	987
468	619
473	697
101	825
885	907
549	692
581	910
493	797
639	851
765	990
630	802
487	982
588	805
959	977
71	286
345	754
308	872
514	977
390	941
628	998
884	924
667	926
567	988
294	829
445	998
319	593
838	929
958	994
361	775
851	868
42	995
768	870
275	708
743	813
891	940
951	991
407	827
393	929
123	839
250	880
954	996
269	893
217	474
557	771
851	989
634	991
460	875
446	940
969	981
353	483
302	666
541	948
195	311
197	909
2	899
805	994
409	765
675	884
207	550
317	947
40	144
518	937
872	940
724	776
495	953
710	878
770	892
76	969
673	959
714	997
833	948
714	768
122	856
538	542
688	715
41	904
541	961
682	900
816	900
453	848
420	671
423	905
323	967
442	955
483	956
612	841
626	776
524	728
717	894
772	830
923	999
436	615
620	961
243	974
853	903
435	915
476	953
591	903
673	972
827	887
529	964
535	715
177	741
809	954
547	954
406	978
271	790
560	664
656	897
862	965
895	913
600	736
686	739
452	572
897	959
84	856
354	680
772	964
376	964
252	403
447	615
669	691
72	472
603	862
589	964
140	872
341	862
883	916
616	801
289	406
781	905
486	691
384	680
778	984
19	932
363	742
454	860
657	694
351	395
683	868
631	678
91	993
595	755
452	706
470	989
500	868
808	984
324	642
439	629
458	871
926	976
945	989
494	824
843	978
521	927
120	354
437	933
508	584
576	984
158	996
933	992
148	951
588	994
300	527
665	948
706	986
324	655
805	928
731	750
326	930
708	995
647	756
759	997
726	820
638	707
132	835
580	702
659	995
230	360
548	898
201	827
286	605
253	428
948	990
700	888
497	825
342	951
777	879
837	893
823	995
312	779
212	841
826	1000
839	939
714	944
381	734
615	672
719	729
886	906
677	998
663	834
742	898
346	898
86	449
108	962
223	683
355	839
520	906
538	960
290	858
307	798
515	976
246	788
260	457
600	791
126	871
828	914
404	852
846	968
524	917
785	958
563	616
642	909
20	108
429	801
778	918
602	958
142	973
109	567
917	969
120	396
295	922
369	871
503	871
52	935
156	992
712	981
247	393
114	995
375	807
461	810
769	963
347	974
194	466
718	917
382	931
468	971
762	923
574	643
68	1000
665	990
959	979
771	928
549	815
958	983
58	992
474	641
586	882
713	923
456	772
514	979
388	574
808	931
384	869
764	861
366	1000
859	869
592	754
817	872
789	810
112	302
585	751
604	764
29	533
479	998
768	872
592	646
242	533
295	359
412	944
701	818
995	999
761	832
296	998
122	845
342	885
865	926
717	762
125	887
428	659
777	813
386	891
59	533
501	878
675	765
946	999
5	970
164	963
112	544
599	891
478	601
851	883
601	937
226	831
501	999
91	606
578	953
237	660
531	878
913	943
237	431
599	783
411	961
593	709
928	958
485	654
531	999
578	845
858	899
522	950
434	837
700	956
818	948
152	858
138	960
894	943
316	966
228	853
737	959
869	886
602	771
888	899
392	961
693	889
700	848
329	383
716	792
86	625
325	907
723	953
162	391
365	979
258	853
65	687
700	969
304	969
794	833
288	961
706	720
381	923
164	171
29	212
3	977
306	749
719	918
438	905
410	577
695	975
712	915
612	977
651	905
785	905
40	751
769	897
540	808
630	967
850	970
822	908
482	988
783	916
898	903
480	915
609	800
760	969
204	751
181	996
671	860
127	238
569	583
255	918
558	690
174	993
771	983
292	985
488	631
512	988
570	929
110	419
643	919
588	983
607	996
426	921
364	945
479	932
639	921
845	989
597	924
449	760
674	878
544	768
752	983
549	883
411	653
768	927
226	644
914	981
532	650
537	994
12	126
220	829
674	999
803	884
123	896
26	963
585	698
562	943
529	537
928	1000
201	937
330	822
743	991
624	774
591	597
849	892
527	841
750	886
367	596
446	889
673	787
626	712
194	789
340	843
823	997
207	728
501	946
740	962
237	607
517	890
591	839
536	903
677	879
724	725
319	905
219	967
200	725
714	946
318	946
392	895
640	731
915	936
197	390
937	954
656	712
688	893
330	956
531	946
770	962
350	376
365	913
580	838
621	839
695	788
800	841
13	202
469	970
648	972
230	846
758	965
339	981
210	867
521	729
168	870
74	454
901	906
486	627
904	911
210	988
765	981
966	971
415	868
690	807
588	796
404	975
560	963
458	686
174	927
171	629
355	975
201	508
137	981
156	994
679	806
343	857
725	922
482	935
783	863
29	401
31	999
347	976
20	581
322	919
836	874
445	989
560	976
159	632
76	368
521	984
650	869
914	915
336	938
349	877
412	933
539	745
766	936
650	990
53	771
722	866
180	583
768	982
606	920
468	986
564	923
32	833
949	993
541	939
238	938
520	587
21	940
783	997
53	892
323	716
125	997
409	756
562	998
548	834
942	990
21	122
756	985
635	695
527	667
337	772
328	952
717	764
634	995
95	192
334	474
25	887
622	877
61	315
374	775
761	955
186	724
240	960
675	888
881	993
481	793
869	875
84	834
515	791
504	898
39	273
443	888
825	953
365	968
101	629
703	963
705	780
116	614
594	912
827	891
629	906
370	386
820	851
765	915
603	853
300	852
341	853
776	781
234	498
46	676
82	858
670	799
67	735
3	979
760	958
658	910
470	859
308	797
957	977
15	989
271	686
417	740
274	920
40	753
771	972
568	909
950	974
628	923
130	912
864	907
676	856
524	987
128	987
799	926
463	977
147	182
47	998
919	964
119	120
415	936
357	931
868	918
665	818
692	921
664	859
750	862
972	975
755	977
292	987
507	875
512	990
451	751
569	706
228	413
541	873
646	926
618	864
530	980
48	711
750	754
741	934
507	767
815	883
377	886
537	875
710	803
476	636
442	988
750	875
437	829
710	924
302	604
159	821
863	937
742	876
203	598
337	598
925	997
923	924
386	719
99	891
159	942
641	945
314	321
420	717
635	642
819	988
626	822
134	885
571	886
805	824
777	991
328	899
955	997
325	830
573	666
490	897
682	838
38	773
860	881
373	497
821	889
429	779
184	719
222	974
356	974
183	494
408	841
749	905
191	614
540	731
27	920
364	505
825	900
809	892
828	905
841	844
376	781
799	847
18	807
380	900
600	903
719	854
792	844
883	962
38	907
313	846
662	734
515	980
876	959
339	983
163	794
639	723
484	849
603	800
341	800
597	726
160	230
767	908
786	921
403	860
57	223
34	505
125	623
686	919
586	752
239	873
266	747
335	352
478	926
33	926
685	852
363	801
831	906
509	626
439	796
766	925
310	645
884	917
474	524
787	984
966	986
266	760
940	970
458	930
752	919
301	983
56	886
553	938
176	988
96	699
761	823
866	876
226	701
28	945
583	938
784	928
632	830
717	874
684	697
235	376
171	886
441	710
317	940
64	494
539	989
632	951
659	825
115	661
101	497
268	674
629	653
656	756
768	997
969	987
647	936
740	898
471	710
476	825
481	903
770	777
723	931
365	957
714	882
4	951
620	954
661	726
153	256
894	934
131	911
327	557
846	893
832	958
183	320
909	949
605	952
27	975
624	965
121	839
203	908
221	962
744	966
802	944
413	903
295	847
806	834
314	860
654	965
230	903
871	899
193	984
193	755
889	953
498	802
649	971
607	974
227	460
655	678
672	847
957	979
519	982
155	971
670	922
174	984
334	973
711	923
158	976
158	747
378	979
746	917
419	522
630	971
778	869
473	987
660	850
706	966
348	992
463	979
752	853
801	974
264	998
391	810
279	340
162	758
179	927
385	995
574	931
426	804
197	944
829	928
870	929
312	638
262	817
243	538
382	882
344	361
761	878
747	980
7	941
678	880
340	592
245	769
754	875
900	929
504	700
60	952
858	932
710	805
448	539
921	988
700	760
912	939
736	942
312	880
745	947
344	603
509	936
888	932
227	957
299	308
4	885
97	847
565	952
606	990
821	878
124	721
476	880
333	831
770	832
902	988
833	888
736	955
328	901
648	842
386	842
339	730
297	770
462	837
310	968
188	719
848	994
499	611
941	956
254	255
214	856
277	912
511	850
266	494
423	737
596	894
790	908
581	771
135	684
214	977
594	969
401	840
98	802
184	842
640	856
885	889
293	977
804	964
114	517
771	787
628	967
702	953
320	622
834	843
383	907
405	666
443	958
813	905
558	615
133	917
573	923
755	900
77	985
204	797
586	862
56	633
195	977
317	674
88	851
970	973
63	794
505	910
142	858
725	913
697	851
380	915
567	970
947	962
704	975
905	965
303	402
468	735
877	903
280	684
674	803
32	582
618	679
310	526
58	985
755	913
741	749
245	811
548	583
281	993
556	969
239	996
674	924
51	945
734	975
789	911
970	986
577	991
558	749
479	870
653	757
331	706
97	539
699	873
413	516
234	810
924	991
421	865
662	991
536	586
178	878
379	639
171	875
279	408
248	829
178	999
544	827
714	750
392	699
851	984
689	922
419	832
515	540
840	862
537	824
578	825
201	875
60	899
536	599
84	475
538	645
139	899
455	876
983	995
633	653
784	822
756	989
181	263
93	379
455	997
937	1000
634	999
298	784
578	838
388	943
668	997
305	945
902	935
635	820
332	782
277	846
381	674
329	484
661	957
518	945
573	615
311	615
751	887
811	901
888	892
307	846
663	895
429	728
106	977
494	793
554	844
494	564
774	847
545	795
773	888
704	788
19	685
982	998
552	919
175	969
609	901
228	980
658	793
336	742
459	849
598	927
236	511
582	919
366	806
773	901
102	696
542	968
704	801
327	814
868	909
813	973
764	788
628	927
395	396
350	919
873	960
465	640
52	996
588	976
445	927
211	760
252	532
398	815
766	982
866	920
637	868
141	930
184	334
301	919
447	973
576	858
884	974
796	861
842	977
961	965
28	989
190	822
231	823
446	748
79	991
299	994
431	884
33	57
155	986
590	877
595	992
326	804
221	522
823	856
740	821
726	923
531	684
715	764
352	712
197	838
370	995
544	882
604	933
708	761
307	417
826	982
830	872
338	935
489	579
425	823
139	954
777	982
359	994
796	995
956	984
620	769
518	987
303	833
624	888
569	952
627	930
527	955
814	985
800	821
282	895
557	834
166	949
92	771
185	962
523	957
60	967
457	603
756	936
830	885
52	554
527	847
580	939
814	877
777	995
648	844
707	899
330	949
61	495
527	968
828	896
712	950
645	960
827	937
86	444
545	958
66	960
369	503
797	950
162	439
112	847
222	978
404	955
533	840
339	974
413	960
683	784
581	773
586	622
350	611
214	979
322	778
396	727
470	676
649	907
709	958
271	732
524	912
885	891
367	965
581	894
130	729
278	627
443	960
364	401
396	848
602	953
776	840
822	956
161	981
899	910
799	972
959	961
475	848
116	686
355	968
181	815
46	856
257	810
477	813
562	628
570	977
322	912
778	926
468	966
555	854
794	907
453	577
305	450
274	871
917	977
470	931
638	744
583	808
46	869
151	885
402	467
385	823
641	749
970	988
305	571
398	762
342	867
70	933
88	987
666	698
877	918
882	996
269	998
34	872
254	646
265	475
798	975
294	947
435	657
321	821
35	952
150	939
263	816
645	881
309	932
423	539
488	934
782	886
909	927
726	991
485	636
344	660
886	943
863	996
420	655
585	988
837	943
620	945
64	727
231	904
69	842
757	950
550	886
677	927
784	824
591	658
830	940
654	714
934	997
629	886
111	960
152	961
615	722
408	658
143	912
157	258
489	768
608	719
506	671
901	941
20	963
505	712
619	962
158	375
182	961
605	835
517	722
825	838
681	830
612	959
832	962
329	607
227	330
270	966
600	841
779	843
765	908
484	666
630	720
55	223
220	556
841	903
25	88
106	979
161	915
399	972
688	846
149	797
130	555
603	738
982	1000
271	908
546	618
563	787
568	902
86	862
664	839
61	805
892	962
368	962
850	965
82	864
679	854
734	790
835	842
54	802
491	803
348	983
466	975
292	859
223	988
586	811
861	979
639	674
859	906
542	970
216	985
868	911
375	978
158	980
810	906
264	881
88	921
181	883
831	965
509	914
192	978
486	930
343	918
659	858
585	680
623	935
571	745
824	925
213	808
474	812
801	978
479	927
639	916
190	824
861	992
281	942
456	943
743	973
849	874
448	530
219	707
398	938
150	873
701	747
461	994
972	981
502	766
111	881
634	922
317	986
826	863
504	812
437	822
349	938
289	658
638	812
397	457
127	596
16	765
847	922
346	640
122	895
249	707
543	696
667	991
419	889
886	998
344	715
397	578
743	986
817	935
495	884
388	758
522	987
252	897
305	989
167	530
654	877
217	647
585	814
411	890
879	995
796	997
837	998
78	717
518	989
726	938
738	992
867	877
306	315
435	954
913	993
291	946
907	949
332	718
626	936
309	1000
483	887
689	992
150	189
389	471
647	766
740	957
826	997
392	890
832	896
656	936
997	1000
298	962
306	557
430	889
435	967
30	918
682	844
520	782
253	667
767	888
533	721
390	672
610	941
670	955
279	841
344	970
278	616
283	960
553	555
773	824
415	850
506	968
313	839
795	842
406	801
78	972
348	796
697	950
554	901
788	839
521	724
237	965
405	549
556	947
786	914
505	901
183	850
216	798
554	793
526	960
22	932
667	670
101	932
257	920
563	963
637	683
366	863
493	675
533	976
766	918
871	971
408	981
609	971
442	565
172	704
39	589
59	275
625	686
5	941
819	902
365	466
141	987
34	632
158	927
655	979
873	909
456	998
776	976
954	982
287	933
884	923
741	874
340	530
782	875
17	520
485	625
745	993
845	931
583	931
949	988
173	538
302	423
847	977
558	874
516	877
629	754
37	879
191	528
129	882
798	977
858	991
893	985
626	870
153	946
571	705
230	412
925	937
620	826
559	816
325	649
583	944
624	716
536	603
599	888
511	775
371	472
395	829
307	716
501	996
633	886
853	889
476	939
932	953
589	816
742	829
673	958
571	947
552	668
612	719
436	722
522	947
15	850
240	968
513	834
34	311
957	959
377	384
346	842
382	499
290	910
739	773
145	263
81	507
334	724
499	791
581	830
448	974
186	974
799	908
384	666
517	966
299	972
514	897
748	835
794	951
813	964
188	912
766	852
100	799
686	859
672	961
429	974
224	276
167	974
690	749
547	966
521	913
466	977
378	864
193	293
896	975
477	991
692	916
750	857
53	700
502	526
359	743
240	526
221	284
312	631
768	911
588	980
173	472
11	410
664	975
683	988
562	927
823	968
861	994
321	757
500	988
756	914
169	888
819	970
53	942
777	973
345	821
157	999
854	927
224	760
14	950
247	929
151	955
816	820
145	652
328	773
160	896
944	978
963	991
663	699
921	994
387	535
337	943
411	892
497	932
860	984
791	884
400	999
587	596
793	930
738	994
163	763
466	535
504	827
677	755
654	1000
365	897
217	770
907	951
492	709
239	263
459	532
510	763
689	994
730	766
740	959
564	999
77	615
237	604
242	948
471	771
181	672
635	879
129	253
561	664
203	956
29	840
288	771
49	260
702	825
485	827
809	887
575	720
822	826
973	995
491	726
202	623
169	446
848	1000
755	772
438	836
341	903
451	546
811	852
883	957
15	918
285	742
1	983
679	898
794	885
806	895
561	798
225	849
115	977
827	954
81	575
47	927
393	554
197	642
183	744
436	924
356	406
273	637
130	854
278	981
556	962
418	732
451	680
685	847
113	621
32	696
472	968
95	981
7	868
683	922
72	997
824	861
798	845
407	694
560	973
835	912
634	858
391	871
243	478
449	812
863	866
126	307
296	984
544	820
805	861
636	823
634	979
768	979
787	992
735	802
23	596
844	974
641	874
627	976
49	999
866	992
585	979
198	304
428	995
125	994
763	985
23	717
840	976
418	987
738	928
624	826
715	944
635	692
170	592
10	374
376	697
290	428
422	584
205	815
119	546
86	369
58	307
261	895
729	1000
784	936
448	721
217	825
728	775
29	774
10	495
409	766
106	957
326	997
270	836
705	993
545	775
316	952
154	890
453	957
308	310
532	957
927	998
397	769
806	937
135	732
503	899
797	888
566	955
785	999
818	947
802	939
774	840
355	893
319	970
98	971
794	940
931	945
788	896
908	961
545	909
248	622
883	904
98	863
406	979
421	550
679	845
598	920
278	915
878	910
33	855
616	910
795	912
748	837
445	799
868	902
57	394
213	907
755	961
37	681
119	225
630	966
690	980
607	982
466	979
414	789
815	867
875	918
754	857
787	805
358	628
878	923
449	746
808	864
534	746
91	405
41	813
729	921
808	985
882	934
379	579
286	351
926	977
117	579
342	926
543	916
488	980
650	813
460	918
45	410
284	692
523	708
421	926
720	993
902	970
401	459
544	996
425	816
511	819
406	537
309	870
956	977
867	868
471	639
416	703
131	719
20	888
450	701
925	994
689	983
174	537
881	924
397	811
779	876
701	993
830	878
612	655
235	668
703	773
689	875
675	940
463	532
936	981
260	432
480	701
545	830
894	984
144	257
770	948
167	655
698	816
21	308
298	845
691	776
718	879
547	768
693	822
612	897
188	835
348	787
515	964
210	853
130	601
148	618
332	964
43	861
610	945
739	830
658	841
80	864
778	906
643	718
662	731
767	784
758	964
857	906
48	279
655	957
595	677
759	785
167	910
437	734
198	977
743	777
373	978
115	979
156	980
440	510
431	690
558	731
348	921
337	503
820	916
551	728
644	919
864	959
616	857
822	962
338	849
646	736
26	991
752	903
320	980
194	575
498	986
42	743
732	924
616	978
652	672
935	960
444	871
12	985
232	988
829	978
328	696
276	277
133	457
762	924
266	986
71	747
398	876
898	970
562	984
636	704
326	744
689	796
653	873
639	975
83	757
13	698
151	891
104	816
733	758
631	976
436	471
490	707
113	757
803	938
66	645
481	658
525	930
733	879
478	589
483	933
731	806
304	473
92	819
73	540
419	948
666	825
858	995
640	772
146	237
241	245
22	844
270	717
75	707
825	939
484	646
30	964
684	936
450	769
334	823
501	1000
17	658
121	715
589	820
723	820
828	836
258	949
714	1000
693	877
785	880
532	959
545	898
209	949
396	546
346	954
382	611
786	960
901	947
596	836
688	839
894	944
616	670
277	975
21	726
771	958
320	793
765	914
806	952
448	978
74	737
186	978
253	968
671	727
371	960
646	670
744	976
585	660
713	845
9	500
792	909
165	976
98	986
695	976
137	914
569	571
219	458
255	906
379	447
24	219
810	899
232	922
204	860
845	856
616	804
49	922
71	452
736	805
754	859
363	974
280	976
710	789
467	802
613	627
351	856
477	995
912	923
139	707
419	990
56	938
116	989
787	928
451	979
743	858
701	861
750	982
102	946
740	937
146	989
481	942
140	649
728	819
833	872
428	823
870	939
270	880
8	651
710	923
341	531
62	887
571	993
846	932
925	996
1	611
9	997
413	821
900	939
306	429
522	993
116	305
277	896
511	834
934	937
323	783
6	847
744	776
97	965
587	829
353	662
31	611
996	997
211	434
804	948
697	822
721	950
862	889
600	889
705	942
517	891
985	996
663	945
635	883
198	845
795	835
800	950
593	886
712	837
142	950
45	788
463	547
513	893
256	971
457	732
368	889
387	902
280	776
354	725
247	370
546	666
463	897
609	722
526	953
87	88
880	956
773	830
66	968
484	727
360	920
965	1000
456	628
877	887
51	808
142	963
596	904
375	905
773	951
198	979
5	813
780	846
315	746
81	579
810	954
746	969
643	733
660	902
44	633
856	962
6	526
281	990
570	864
592	623
831	905
872	906
817	970
720	808
16	692
585	849
562	865
345	867
757	811
407	698
44	646
145	698
351	803
939	973
923	965
432	876
564	803
435	881
677	680
398	999
250	872
791	930
564	924
330	757
481	889
627	980
420	650
425	994
282	945
983	992
812	881
336	363
833	940
937	997
909	935
854	999
807	887
471	938
424	597
751	763
640	895
299	602
860	935
409	999
913	946
608	835
728	900
781	992
392	951
772	943
656	997
95	435
603	841
368	715
588	718
67	723
480	892
669	791
77	916
834	895
470	618
676	952
660	715
505	841
436	970
725	844
535	949
204	849
94	977
349	678
541	619
706	952
799	914
926	955
71	212
394	865
521	677
185	691
382	976
729	791
720	971
370	858
752	960
144	811
667	852
424	865
454	973
729	912
882	925
103	635
576	855
306	994
199	868
273	817
42	921
465	758
757	866
130	216
94	293
660	970
238	981
833	861
912	925
249	581
465	879
625	868
812	923
173	707
863	925
107	353
717	807
617	869
23	884
501	923
821	864
416	815
62	997
544	1000
731	863
851	928
271	353
796	992
587	818
330	933
316	998
531	923
869	918
425	941
511	944
511	715
423	831
846	934
450	705
821	877
64	669
628	711
721	939
251	761
793	815
724	944
379	946
902	987
547	759
318	936
46	477
818	993
596	880
78	954
389	587
895	947
36	957
55	970
297	998
770	952
649	891
709	942
327	611
103	903
772	998
799	835
771	773
702	939
719	842
218	560
259	598
368	770
621	721
127	149
357	611
885	996
670	842
389	829
119	968
480	947
917	948
688	896
447	541
567	606
773	940
556	942
602	829
98	801
500	552
739	834
412	439
885	888
7	390
535	775
788	955
283	968
947	948
401	960
924	964
877	889
467	496
831	894
795	971
280	791
385	807
187	334
109	909
577	977
609	966
769	955
576	789
686	920
548	690
264	931
449	684
564	671
643	964
555	851
486	980
26	995
337	628
958	975
125	974
254	859
689	787
652	905
217	684
291	633
458	810
296	748
24	289
722	856
796	805
837	927
37	874
155	341
317	928
50	584
578	932
569	883
775	988
687	875
217	697
566	585
631	980
356	775
367	641
854	988
205	579
380	580
784	929
457	534
80	547
668	983
502	950
510	811
92	823
983	994
36	662
182	945
195	655
233	947
915	981
318	762
411	953
571	942
455	996
482	604
298	783
779	827
718	817
85	904
883	884
542	591
929	1000
43	907
785	992
224	955
237	894
760	935
168	794
195	897
245	260
781	994
855	943
505	830
395	958
615	961
774	954
910	1000
901	951
466	959
669	793
199	386
460	656
372	543
982	997
376	958
637	962
829	903
774	967
311	977
364	574
778	857
864	897
187	618
445	913
706	954
164	634
618	841
100	915
711	803
752	841
838	844
223	985
322	964
451	849
456	927
79	977
500	970
574	919
393	844
734	908
305	731
241	975
678	976
507	865
240	521
245	865
789	965
756	788
706	967
766	981
967	971
273	819
823	963
856	911
138	860
363	978
960	968
280	980
963	973
206	765
720	986
442	749
617	750
735	971
432	704
297	745
177	185
495	989
517	519
365	650
689	976
9	988
620	876
928	992
303	940
638	930
108	701
962	990
814	863
620	997
17	704
633	707
416	938
228	658
682	828
728	944
681	869
222	843
607	654
469	949
106	897
651	697
501	938
807	944
485	930
941	944
295	769
742	1000
855	877
318	938
376	879
582	718
559	1000
36	959
447	530
807	836
531	938
811	955
809	882
272	943
855	998
115	959
582	839
697	826
119	849
1	978
353	908
301	718
158	669
672	890
658	726
214	978
850	896
676	780
555	719
660	772
290	973
450	962
54	962
123	567
347	955
452	971
70	677
391	732
759	899
418	606
486	740
959	960
623	974
260	922
480	962
810	837
347	847
77	986
176	965
451	904
162	801
74	917
485	488
850	909
891	910
269	863
577	979
651	965
852	955
650	740
782	859
107	986
229	683
303	632
327	989
476	560
882	982
238	917
563	973
425	743
819	899
34	858
958	977
653	866
754	918
418	969
110	587
275	691
357	989
164	823
761	813
527	646
893	969
48	877
51	128
129	987
745	990
215	761
46	989
75	458
863	982
796	928
331	828
661	703
427	536
839	975
228	821
333	874
976	980
236	941
525	815
198	420
497	982
925	934
793	980
825	932
462	880
536	829
374	767
723	921
816	883
599	885
587	996
348	485
568	754
141	421
432	893
793	872
619	948
746	760
195	657
663	762
267	762
179	649
487	765
781	983
371	590
832	948
45	834
427	899
688	940
471	713
779	829
952	986
556	757
809	937
272	998
346	947
547	937
767	940
841	889
786	953
901	940
785	994
818	942
904	945
353	842
399	958
922	999
853	899
765	786
98	966
874	958
593	945
230	893
436	961
73	909
871	889
554	953
908	956
806	945
892	948
52	971
368	948
406	974
324	612
475	781
306	972
89	974
37	555
61	912
919	943
294	625
261	448
478	971
398	453
334	963
475	902
315	684
428	561
595	738
801	843
369	920
33	971
372	437
630	961
148	692
789	954
390	979
109	966
172	985
736	798
226	733
240	402
699	916
396	915
79	979
574	921
701	962
123	985
833	852
733	914
838	967
543	790
27	644
720	867
328	986
736	811
273	821
861	991
432	814
64	418
960	970
490	755
803	986
632	875
819	967
796	983
837	984
870	932
372	921
735	744
430	862
726	924
682	817
668	919
747	983
967	986
92	988
708	991
837	876
601	865
515	825
928	994
647	981
143	953
900	932
17	585
624	997
803	999
709	812
659	991
879	994
735	986
298	948
408	591
895	938
605	876
27	899
383	763
223	545
591	941
186	892
654	997
165	540
134	998
263	883
827	925
648	953
362	596
389	699
124	953
168	959
259	360
464	994
276	943
651	820
18	907
804	833
936	989
894	992
11	904
286	843
198	959
630	653
189	910
560	823
192	427
390	671
711	726
394	790
447	653
383	897
45	84
506	967
68	741
752	885
554	900
415	970
14	626
607	911
13	438
371	900
390	913
868	952
632	675
678	791
191	969
232	970
70	908
19	862
924	968
294	801
169	806
58	975
479	968
108	503
528	860
8	336
467	850
706	903
114	991
444	866
175	449
452	986
455	503
842	912
740	864
215	750
468	967
564	675
151	994
467	971
176	270
68	996
599	632
764	965
7	757
805	966
125	978
796	917
297	681
775	979
544	817
184	511
309	920
865	909
207	643
601	799
83	873
812	982
509	981
724	869
435	766
206	943
844	971
733	874
134	811
175	812
189	710
824	992
515	880
152	828
983	985
702	743
504	987
941	988
113	873
512	582
932	939
379	992
575	638
613	930
714	982
874	934
827	859
249	882
1	780
895	993
573	713
559	815
237	764
99	830
80	551
797	872
800	877
464	928
15	836
362	651
705	990
913	939
589	815
828	831
175	946
276	998
918	990
469	898
455	1000
408	888
609	649
210	903
314	960
66	895
38	833
519	611
758	893
499	898
779	952
676	945
68	567
725	837
609	891
788	893
546	727
706	716
852	999
783	899
755	837
278	912
83	673
773	891
262	675
344	448
44	681
82	973
720	735
169	861
857	969
199	740
815	972
586	920
713	961
248	861
509	902
426	904
371	968
747	959
618	845
263	617
342	910
461	861
562	913
501	674
275	627
324	977
766	864
893	905
254	918
414	907
125	804
190	933
754	975
974	978
74	987
523	813
509	915
187	864
605	623
266	928
715	754
420	577
948	962
136	818
530	974
328	759
629	687
648	929
928	983
193	534
358	867
518	856
578	870
3	410
742	978
71	810
761	991
502	996
156	359
851	921
233	993
135	421
393	982
663	806
814	975
506	593
406	655
20	885
610	687
155	521
826	985
153	182
517	873
171	236
580	929
464	983
617	996
703	999
288	757
441	999
138	998
802	978
848	865
738	993
888	937
373	491
992	994
422	878
515	840
471	999
719	835
209	999
242	947
214	848
682	953
797	940
401	940
575	827
748	755
665	720
422	999
512	892
980	997
116	663
80	740
424	550
662	836
299	784
552	964
887	954
931	997
480	832
287	666
218	795
741	836
107	735
883	956
124	150
665	962
799	962
582	964
556	948
592	605
704	846
910	951
748	889
574	965
646	841
109	902
678	793
287	908
37	733
746	964
350	964
966	967
671	790
836	857
269	975
940	951
117	389
260	926
301	964
212	626
859	962
872	901
261	518
439	790
35	700
475	972
805	847
213	972
72	996
273	986
345	862
845	919
220	867
701	911
85	413
7	988
636	930
364	996
900	976
399	694
638	976
858	979
935	970
310	881
552	643
268	884
1	540
212	989
694	992
592	981
930	976
467	986
80	311
608	696
184	634
409	981
235	599
601	922
97	894
40	360
900	989
853	877
335	951
591	877
756	981
489	866
16	942
483	822
147	836
749	941
927	984
705	871
443	871
25	883
869	979
492	992
629	997
703	946
609	759
378	597
457	890
727	751
355	879
57	956
327	780
216	949
530	587
614	995
251	943
311	957
209	946
575	774
621	890
422	946
642	949
405	484
484	777
79	957
982	990
376	951
288	838
155	952
384	546
136	444
535	944
790	968
746	898
787	899
61	795
630	952
285	917
44	562
390	970
486	678
475	785
287	734
667	955
89	978
102	917
372	549
181	981
726	781
542	960
302	453
775	902
720	966
95	914
747	840
838	958
241	739
623	804
414	896
6	347
454	968
564	611
87	393
9	968
518	845
143	702
363	971
743	963
289	527
393	850
324	979
453	864
458	979
544	982
595	984
956	963
376	388
188	337
854	915
974	980
430	853
449	866
509	917
891	982
569	931
462	576
351	974
409	915
791	980
824	928
906	967
708	982
152	764
842	982
754	869
449	987
657	936
550	810
495	874
756	915
178	938
534	987
537	992
163	751
825	870
715	998
217	987
816	821
313	695
640	824
571	990
122	898
213	464
545	937
490	772
56	251
522	990
640	945
681	754
423	947
320	482
614	700
297	993
705	818
517	996
911	923
424	539
434	998
809	875
514	698
189	901
463	652
802	872
182	898
415	840
809	996
24	955
693	821
734	822
216	896
480	942
570	835
811	961
929	953
10	912
385	560
180	313
479	838
107	966
50	432
468	945
579	961
145	440
637	902
752	889
89	804
185	512
234	899
377	453
440	738
734	956
753	969
352	625
653	738
704	969
289	461
509	730
225	971
495	795
118	808
866	967
577	864
692	851
65	164
815	921
942	962
289	811
745	862
729	854
481	752
319	690
431	931
687	857
580	731
631	962
249	402
231	991
735	790
69	929
363	918
798	846
569	986
803	924
178	872
281	290
310	991
525	916
444	991
263	916
282	929
879	919
824	983
763	973
111	818
215	875
523	991
605	801
550	865
178	993
489	626
286	526
893	975
428	875
240	824
694	994
909	919
408	637
523	883
435	999
443	860
173	999
154	757
11	937
425	991
626	981
684	922
620	937
661	938
513	811
721	989
191	760
397	865
163	698
416	878
476	929
765	766
159	993
200	994
608	819
506	542
934	989
712	876
827	863
211	594
772	927
59	991
656	981
515	776
790	944
64	840
193	725
573	946
600	820
416	999
608	940
709	992
869	981
506	892
492	994
580	878
103	953
538	881
161	894
250	414
482	949
105	999
644	718
448	843
318	999
560	761
235	964
18	966
656	994
637	715
353	956
513	945
614	997
864	879
850	944
528	664
244	905
137	779
87	958
549	723
862	954
903	955
581	941
727	995
50	258
79	959
776	887
239	911
836	901
789	826
27	274
857	960
232	908
581	833
75	961
149	910
264	860
105	315
303	559
456	801
330	433
780	898
291	441
235	280
875	906
331	742
148	806
831	836
561	975
528	798
472	903
155	967
893	896
731	834
282	513
111	860
405	849
377	750
671	968
35	986
197	819
720	860
120	801
543	904
562	917
259	916
460	906
675	794
9	970
842	971
188	218
74	870
385	991
641	917
352	814
338	916
777	963
273	935
837	977
735	966
331	876
96	750
710	909
85	820
613	976
814	966
747	976
566	635
925	982
721	923
407	992
761	995
203	933
544	997
656	915
895	931
358	992
31	597
36	941
172	307
853	934
256	715
932	998
333	935
897	977
148	364
492	928
698	804
469	944
403	590
568	923
67	412
922	926
344	949
867	990
361	364
663	931
542	641
621	934
818	990
615	890
697	700
196	943
913	998
586	603
584	759
487	826
492	941
593	764
992	998
257	549
73	728
549	657
628	950
265	898
769	926
227	377
922	939
746	942
302	965
556	818
286	957
809	998
420	957
506	960
943	998
349	488
32	552
257	899
306	791
639	708
69	326
561	788
440	727
192	662
333	372
679	780
35	678
73	970
109	664
293	973
100	844
482	909
711	732
590	671
843	888
452	966
801	891
820	904
555	835
445	963
882	964
159	606
794	888
898	945
141	737
562	730
529	553
787	848
132	853
211	917
632	910
236	681
494	976
497	722
53	745
50	676
336	804
606	665
745	972
418	614
523	859
738	784
762	912
285	987
183	976
819	894
585	727
409	730
958	972
722	961
689	784
548	808
42	973
152	579
569	867
118	931
687	859
315	987
650	977
698	725
395	687
694	983
358	805
206	936
61	289
49	989
580	854
384	979
805	972
879	921
939	972
450	515
185	998
900	980
233	931
775	985
14	69
222	772
791	929
721	870
710	977
930	980
422	924
485	980
22	953
108	993
242	993
619	714
622	985
654	937
506	773
855	927
385	483
937	996
496	994
436	714
76	142
702	870
196	998
572	760
396	763
709	994
373	779
478	832
887	1000
832	835
375	596
540	663
297	942
369	781
267	999
896	941
250	308
343	886
288	950
885	940
38	250
945	954
339	915
380	953
774	843
144	676
204	727
542	951
753	905
178	674
351	373
516	669
636	734
493	951
350	902
28	851
331	623
465	852
33	966
437	790
65	918
662	908
563	902
650	790
287	738
199	854
842	960
657	914
13	849
687	793
145	510
678	744
342	795
631	669
378	977
317	967
229	854
76	760
409	677
708	973
601	847
715	868
520	629
241	985
84	513
736	927
372	916
537	983
160	996
41	816
267	570
673	992
370	991
170	408
684	858
818	858
548	997
823	973
944	970
462	930
407	994
677	855
401	691
318	922
84	755
700	987
373	592
323	1000
395	876
802	971
358	994
578	997
397	922
677	976
572	694
932	1000
897	979
374	709
682	825
181	543
814	981
492	930
244	828
588	638
593	753
772	984
109	640
703	884
441	884
329	414
535	748
545	941
724	943
880	931
462	943
186	779
387	769
13	299
426	468
491	826
760	987
149	833
94	897
209	884
980	990
552	957
827	933
219	259
783	826
320	836
848	992
438	828
171	713
806	995
572	828
176	828
369	728
809	1000
456	845
456	616
519	672
799	955
439	649
384	713
651	828
716	957
516	603
378	669
210	267
808	896
701	770
114	973
57	439
2	274
72	976
61	854
46	731
710	711
63	900
646	955
357	852
123	685
202	978
252	570
403	968
260	919
958	961
553	912
264	809
873	890
270	560
891	907
514	957
472	960
67	911
12	975
469	625
56	752
446	678
308	973
5	935
817	850
844	953
863	966
467	966
949	969
85	635
238	914
613	791
747	791
7	981
296	855
208	971
115	514
254	858
617	681
400	912
837	913
364	989
534	912
118	933
314	579
830	910
203	519
650	979
285	292
271	394
231	995
432	985
592	974
265	350
127	874
696	802
322	332
525	920
351	804
824	987
502	936
326	976
601	915
358	928
41	992
523	995
556	620
74	351
934	980
533	636
906	918
221	815
403	526
895	988
568	630
110	947
572	749
825	929
457	533
770	993
319	828
709	983
425	995
230	985
132	184
491	531
384	405
279	877
380	929
413	877
724	998
839	985
111	246
462	998
806	808
693	867
299	482
918	985
338	410
908	940
586	889
405	585
952	983
809	934
179	767
542	590
547	934
786	950
161	898
598	899
49	428
90	200
134	243
452	781
19	670
514	878
27	265
593	942
679	945
753	894
472	881
246	834
631	645
306	848
889	940
278	786
295	955
135	737
831	935
864	883
148	676
85	327
95	786
986	994
153	727
843	945
884	946
185	450
644	964
335	623
982	996
296	668
857	964
567	902
732	969
74	969
574	797
604	905
764	894
227	918
244	333
254	792
144	920
648	682
565	913
694	798
759	964
453	628
236	859
39	988
842	854
330	908
118	988
233	975
283	567
844	900
268	703
617	857
782	924
83	923
124	695
96	633
798	905
407	983
176	333
761	986
709	796
714	911
296	923
851	916
419	993
501	803
895	922
251	857
96	983
573	642
707	871
8	870
316	986
613	980
869	906
160	180
459	513
194	996
390	642
543	921
925	986
4	872
78	821
441	873
416	816
784	983
392	873
758	930
422	981
615	881
936	973
573	884
540	707
397	924
853	938
316	999
435	950
531	924
746	812
140	773
709	930
855	984
288	873
890	978
573	776
108	942
520	886
468	696
832	892
618	640
802	986
996	1000
774	887
311	897
438	709
253	892
855	997
426	820
1	856
741	831
639	820
262	833
382	898
487	951
165	900
609	833
386	495
792	954
607	908
156	972
868	949
613	659
2	505
692	723
865	880
595	790
221	549
551	949
162	908
410	744
382	911
321	901
354	849
321	672
462	611
431	803
741	965
460	952
27	575
32	919
192	908
247	844
742	786
558	965
954	965
208	852
549	916
750	906
562	855
340	742
349	976
798	839
421	852
949	971
104	916
847	960
613	793
510	557
196	855
481	987
539	965
131	874
673	928
423	753
548	933
634	973
620	809
611	989
187	927
608	920
508	982
122	946
208	986
161	874
610	737
381	648
320	638
191	524
36	650
619	705
300	925
489	861
874	931
15	941
716	759
50	935
196	989
614	748
292	697
429	931
272	984
781	861
280	579
846	990
450	990
288	699
174	826
788	985
77	893
633	882
89	718
149	769
332	890
739	985
610	871
665	770
832	947
496	998
730	936
806	931
262	538
869	987
643	644
505	939
137	543
54	774
147	965
255	764
642	944
843	934
609	767
875	886
102	670
776	880
931	939
177	965
595	724
20	493
433	662
873	934
28	842
892	947
630	947
253	960
368	947
417	839
926	945
255	777
945	958
437	902
165	968
896	958
674	845
660	947
173	563
808	845
527	566
838	953
576	724
488	840
460	778
840	999
606	832
666	846
294	974
132	912
252	977
434	725
546	966
766	969
141	917
309	501
796	848
928	967
680	902
717	905
400	969
326	791
534	969
601	730
317	971
677	725
659	856
617	859
670	685
312	977
23	874
143	939
688	739
261	931
784	972
333	807
663	682
332	582
464	738
298	705
31	590
894	965
913	978
383	749
233	990
681	857
827	911
409	923
610	913
739	798
216	528
166	936
648	939
890	967
950	981
821	867
26	367
31	711
243	890
721	929
807	932
8	764
187	995
624	996
195	819
589	975
792	809
723	975
520	875
181	426
211	534
4	995
661	999
375	413
397	926
575	703
654	996
258	996
695	997
98	778
552	948
290	948
334	991
628	943
702	929
848	983
452	488
517	883
360	899
38	885
588	763
901	994
651	819
381	958
769	811
405	763
878	946
470	892
514	935
299	781
660	760
973	991
128	899
482	902
609	943
414	704
493	997
349	494
242	368
394	910
356	389
741	954
92	545
498	967
124	497
597	946
363	779
528	846
373	972
789	887
659	777
650	957
636	793
553	795
23	566
69	682
289	685
206	916
374	500
357	856
668	718
21	907
595	913
736	852
510	546
815	916
565	741
377	919
86	218
215	857
798	949
550	847
486	862
272	610
692	967
731	895
134	676
51	116
180	792
483	564
680	849
430	903
724	855
266	980
85	639
687	973
269	985
425	973
516	862
543	965
736	865
587	742
881	960
742	801
117	978
893	970
279	747
647	914
848	904
256	763
199	229
779	804
132	993
388	919
770	984
281	527
420	871
179	516
712	750
428	991
290	761
684	917
326	980
380	691
3	704
443	747
319	940
434	927
709	866
291	878
332	879
276	984
59	986
587	876
22	838
66	881
508	997
341	591
79	820
547	925
101	838
753	764
887	993
703	943
651	753
114	777
441	943
716	882
661	946
461	592
292	820
223	949
493	581
658	877
776	869
676	931
679	936
32	371
651	874
959	990
563	761
575	1000
303	541
621	887
579	890
21	828
307	956
375	831
769	987
3	959
383	951
947	993
553	608
195	900
759	942
671	829
10	854
519	960
357	898
477	963
535	941
378	957
553	729
331	616
831	939
430	595
762	839
151	685
674	726
756	765
463	957
664	947
222	336
584	954
840	880
666	727
201	893
385	973
440	680
660	949
171	906
157	971
364	806
212	678
914	950
252	979
2	804
599	794
907	910
444	920
208	909
73	226
817	909
113	793
132	806
30	758
902	953
234	265
134	852
612	625
557	689
854	912
30	879
16	981
319	753
541	866
849	982
236	984
888	910
291	691
571	974
717	799
488	976
605	972
470	518
179	342
661	988
694	936
55	949
94	648
350	574
570	577
71	930
681	859
464	861
194	1000
730	980
702	918
301	574
559	869
213	461
490	998
383	872
682	939
809	980
811	824
962	993
459	638
794	857
813	870
357	590
885	975
936	977
163	990
774	878
297	990
746	816
792	932
575	934
662	822
294	426
813	991
973	980
44	251
324	534
491	711
765	950
484	937
459	880
674	768
266	485
216	893
725	770
563	708
117	362
361	722
719	955
551	819
498	727
792	945
938	999
313	947
137	950
445	837
66	252
329	891
623	843
972	997
356	499
686	899
14	735
146	891
220	611
662	956
285	969
669	851
135	917
680	717
537	897
509	835
440	964
373	974
574	964
613	663
346	548
475	958
67	904
444	625
72	982
249	386
507	910
400	555
410	977
45	327
129	964
22	343
923	946
840	948
284	730
163	440
476	900
440	977
784	787
627	840
203	741
48	867
227	869
763	849
647	674
248	928
247	969
140	577
668	733
907	978
221	916
166	980
185	993
413	857
724	978
728	868
360	472
730	914
550	983
420	873
205	921
513	808
922	976
554	580
719	876
760	914
913	927
622	980
916	932
795	871
387	817
561	704
695	704
712	873
739	976
598	1000
257	707
804	876
908	933
283	881
302	894
121	819
33	706
437	530
929	992
113	177
846	994
362	881
642	935
246	706
383	940
176	647
484	763
415	892
47	496
883	997
690	831
621	997
896	936
472	645
637	941
394	954
917	995
631	638
89	843
746	884
314	961
792	1000
143	554
391	427
649	951
850	941
225	889
607	954
660	817
362	894
683	949
843	938
361	898
213	771
309	479
512	838
611	780
938	946
542	946
127	438
335	387
192	604
720	952
417	951
378	959
190	908
690	965
743	828
269	908
348	972
62	615
172	975
796	839
460	890
45	382
303	906
738	834
349	793
877	949
132	795
25	669
123	975
269	800
819	944
650	906
810	895
433	908
815	973
656	657
367	554
336	975
284	785
160	749
294	978
632	973
761	858
370	973
805	901
345	916
248	983
633	794
743	962
242	680
624	745
228	516
178	924
527	812
296	916
392	853
411	866
461	983
180	970
78	693
157	986
854	914
661	748
399	748
812	917
94	637
696	971
708	981
749	753
605	974
300	863
589	737
365	992
855	856
244	702
285	474
802	966
196	927
619	993
913	982
806	856
314	653
434	984
828	874
888	925
203	822
832	993
469	941
73	941
744	880
114	713
688	985
287	412
719	823
89	656
424	646
341	877
809	982
795	818
373	829
987	988
44	361
684	987
403	708
193	898
535	864
834	931
80	957
639	692
677	984
214	957
792	934
258	1000
929	939
150	649
334	995
12	944
892	993
107	952
93	788
561	893
616	829
695	893
352	490
885	990
783	942
31	849
466	777
80	970
456	961
46	834
412	662
370	665
366	960
139	503
395	429
474	722
190	734
231	506
748	998
819	878
70	790
942	948
474	614
498	971
699	961
377	681
514	952
664	896
824	848
391	966
410	979
652	778
738	781
261	856
388	668
208	966
120	853
469	741
41	974
96	681
572	610
555	966
338	968
200	738
632	920
585	845
805	848
194	923
483	797
946	972
94	463
696	797
668	964
112	746
907	980
62	925
617	918
758	857
496	628
661	924
293	528
480	620
344	988
153	225
688	798
484	510
916	921
43	767
285	529
268	885
362	749
785	852
298	993
274	407
642	803
251	918
633	983
573	703
215	995
848	908
853	986
624	934
374	988
742	926
828	929
103	939
133	818
790	822
325	988
306	709
339	657
633	875
719	878
297	926
204	698
242	990
718	919
448	829
533	873
458	470
554	932
683	817
820	822
649	940
93	722
910	981
454	472
887	997
582	886
301	644
375	593
521	647
643	758
623	779
394	956
683	830
790	956
810	871
512	948
713	938
787	887
553	720
19	786
239	789
416	422
693	996
954	1000
683	951
162	956
690	846
500	951
82	963
150	609
535	945
576	946
120	666
423	438
741	784
37	668
768	887
382	851
473	969
192	956
775	782
16	730
323	621
782	906
377	857
720	967
902	944
613	841
530	843
659	728
304	500
59	669
735	952
215	687
525	849
599	798
907	914
906	955
400	854
837	855
59	561
41	921
311	516
622	903
503	686
539	905
733	919
860	960
115	577
133	860
675	914
694	927
587	801
955	968
605	855
806	845
572	678
434	973
368	619
673	989
874	979
612	979
648	932
705	914
457	812
131	827
404	922
598	707
725	748
205	978
399	992
614	917
17	698
55	953
913	984
677	973
696	986
737	987
575	925
253	645
546	638
744	882
188	701
582	820
29	119
471	989
419	533
572	812
586	710
355	814
401	930
943	984
786	1000
524	1000
18	899
716	941
961	974
88	820
214	959
322	758
602	812
454	648
8	302
170	889
426	815
137	712
500	535
813	995
147	905
293	959
568	935
232	949
755	990
359	761
452	952
322	879
547	997
984	998
752	877
898	931
315	610
667	769
419	667
195	959
83	489
597	710
473	903
338	944
29	374
213	949
337	490
576	772
829	952
870	953
204	900
28	903
754	778
570	957
905	947
456	855
177	208
486	734
645	727
590	791
824	958
180	893
340	616
859	952
900	953
421	955
729	842
497	721
669	976
166	850
474	737
427	625
14	981
129	968
518	780
163	323
775	850
816	851
847	955
76	812
102	986
647	786
740	977
504	737
220	978
242	737
117	742
731	901
786	800
212	979
95	165
12	396
399	805
707	921
469	985
610	732
703	923
436	579
620	925
688	800
154	866
591	867
696	920
897	910
231	295
797	972
57	933
561	695
673	936
855	913
538	977
978	983
312	930
196	984
39	246
770	990
952	967
244	651
679	808
846	985
105	987
370	467
619	942
363	464
487	759
24	769
491	878
832	942
716	996
688	934
774	937
311	947
600	821
655	757
451	698
415	775
354	765
183	883
771	824
380	939
741	881
368	821
63	939
560	991
747	817
766	830
856	989
680	763
892	942
556	993
745	892
146	600
426	883
233	488
777	817
427	438
231	563
859	886
836	902
558	894
618	945
819	935
203	437
461	961
650	897
18	391
135	976
933	956
13	727
733	787
328	967
861	972
592	784
537	848
476	838
817	902
283	443
641	905
30	751
439	956
291	792
351	843
387	500
359	963
837	965
400	735
73	340
317	966
55	700
525	851
906	957
455	792
91	744
96	859
265	402
448	752
520	857
145	751
814	846
236	869
621	680
758	914
510	849
629	800
735	967
559	970
738	972
107	580
57	988
272	913
327	583
406	876
566	865
673	991
404	803
423	816
417	513
12	693
287	403
180	277
605	978
536	878
200	929
682	932
54	582
697	917
100	698
139	360
177	652
894	973
586	591
792	925
897	978
630	634
533	930
748	855
354	470
147	894
692	694
2	18
292	760
149	940
880	930
984	987
607	1000
161	950
197	607
362	940
857	882
475	588
977	984
134	295
177	894
834	935
171	591
776	930
487	827
836	944
299	776
734	933
238	766
30	322
670	948
375	1000
494	951
931	989
810	928
843	876
759	882
382	895
780	941
558	828
370	777
623	957
664	995
268	500
97	618
41	723
743	995
789	882
808	895
271	956
849	896
604	836
24	261
452	967
345	841
88	956
570	959
583	898
844	939
256	274
467	952
990	993
508	724
541	672
167	202
736	847
259	959
741	962
565	965
339	393
412	908
935	949
310	860
833	901
870	968
601	780
465	919
587	616
738	785
946	963
803	914
930	955
342	970
428	973
224	685
559	904
657	981
696	909
566	799
717	968
78	752
723	904
901	910
82	578
881	968
724	984
462	984
300	922
709	861
654	925
915	966
693	853
767	802
557	992
846	866
876	974
807	874
581	797
793	976
396	751
575	982
630	689
566	933
137	756
593	807
786	936
794	797
441	938
711	762
752	800
512	818
498	654
514	864
679	702
255	869
558	641
752	921
463	818
56	659
42	761
168	900
355	992
792	993
107	890
52	954
387	944
929	998
182	246
868	988
744	952
227	433
584	936
262	885
386	426
446	477
644	950
773	872
859	875
641	652
104	713
692	883
609	885
189	262
521	772
47	852
528	896
65	906
789	937
68	911
140	262
219	555
257	847
477	850
986	993
241	839
783	893
466	957
199	842
245	958
644	963
234	836
657	902
294	850
440	904
660	944
687	781
172	860
414	888
128	265
419	737
157	966
229	842
757	961
349	907
430	603
454	960
583	845
798	999
830	951
604	904
629	668
496	553
601	606
721	900
740	913
316	851
657	915
25	904
316	622
569	802
11	740
775	907
508	792
599	910
544	974
136	920
879	964
335	985
407	861
696	735
30	874
453	977
695	739
714	789
54	450
702	900
559	851
523	928
187	979
536	867
164	995
816	921
341	399
249	810
106	990
276	913
620	982
399	983
3	754
737	978
589	851
723	851
797	800
423	818
414	446
75	751
262	577
723	972
473	760
404	926
693	800
206	416
712	813
251	869
688	870
121	988
267	813
594	942
929	932
151	601
159	233
780	809
871	927
672	983
630	986
924	938
371	991
99	303
238	647
862	999
576	642
447	757
433	822
359	644
584	991
454	881
156	958
54	947
38	185
291	365
530	876
972	992
783	827
103	314
190	956
410	959
212	486
565	604
14	730
882	954
21	891
733	831
604	717
636	669
460	938
840	930
729	833
352	846
627	822
558	951
11	324
169	910
34	951
433	956
97	741
229	668
96	782
745	962
113	722
335	798
863	954
282	679
717	836
138	671
518	892
728	850
673	914
48	862
356	978
571	903
483	790
450	613
548	919
782	857
441	564
467	967
949	970
580	844
288	672
210	752
858	973
388	795
830	911
538	968
432	986
172	352
466	570
397	736
490	927
572	737
71	980
566	922
263	921
538	860
268	999
166	988
274	750
802	906
807	984
540	640
575	863
167	809
220	406
552	879
175	929
557	994
376	919
496	984
582	758
895	989
499	989
573	938
688	925
209	927
278	532
792	982
952	971
794	799
785	979
582	879
482	941
697	866
746	987
584	925
864	979
940	974
697	987
293	897
716	1000
91	948
669	888
366	887
875	993
350	879
240	253
479	764
176	763
644	831
604	651
683	944
783	882
364	898
947	990
4	363
602	992
560	995
431	844
646	769
764	990
659	708
72	911
548	611
146	833
583	834
756	762
539	764
458	839
852	995
926	944
461	844
617	832
147	388
9	949
564	713
701	947
580	657
477	973
673	848
244	442
671	960
383	493
550	670
747	955
172	983
304	614
328	971
562	909
708	963
647	953
124	683
206	981
921	963
673	861
659	963
626	786
502	979
309	850
851	904
152	866
138	968
675	907
513	845
702	781
545	568
696	966
118	989
272	904
888	907
487	563
249	920
395	974
197	235
656	786
532	979
821	853
110	990
210	699
624	982
742	974
184	912
684	969
595	631
177	643
457	697
508	928
520	982
654	982
385	528
799	811
133	987
91	990
325	928
603	872
391	464
649	988
387	988
349	467
643	685
681	977
87	992
389	805
67	525
94	887
561	996
695	996
239	716
712	936
646	811
887	937
563	813
554	993
774	996
77	839
820	883
965	978
676	875
82	890
627	690
329	767
477	665
783	937
507	773
278	950
768	814
713	878
23	431
718	993
105	241
19	955
308	829
762	999
674	886
51	907
660	988
868	937
646	824
95	950
444	838
972	994
175	421
956	986
713	999
451	999
298	491
924	953
762	891
756	817
835	881
780	945
865	989
139	619
218	912
479	953
498	966
102	966
437	956
729	835
51	920
407	784
49	847
379	722
76	684
893	943
43	507
571	892
590	905
653	961
625	899
721	836
146	901
569	967
206	915
8	442
522	892
104	904
866	961
7	971
337	846
78	622
105	496
377	918
652	894
99	910
772	895
432	975
229	912
867	903
110	695
289	926
366	621
729	969
462	854
481	867
200	854
429	448
654	795
279	854
633	857
34	40
751	849
561	688
220	395
557	983
1	765
629	859
744	809
312	923
480	736
605	916
438	510
28	346
131	996
676	796
511	988
800	862
323	937
100	865
568	970
623	640
559	921
774	809
600	693
880	976
732	812
792	863
300	926
286	991
883	981
126	773
800	983
706	796
381	999
876	978
769	852
153	354
416	993
589	921
718	806
971	986
417	814
260	601
380	932
226	465
245	478
924	995
280	930
63	932
660	693
393	578
2	427
60	782
748	927
385	838
505	940
539	753
665	892
725	943
525	589
114	789
155	827
361	895
309	476
947	992
534	594
658	889
699	890
602	994
762	946
643	766
780	1000
258	366
553	957
367	538
914	936
570	897
578	721
35	967
847	882
93	154
549	959
590	960
631	998
254	782
777	823
372	774
248	967
5	980
627	1000
123	972
508	783
398	911
599	901
681	711
529	842
56	918
226	841
160	975
247	900
830	955
608	842
6	922
331	978
325	675
839	896
944	949
300	847
319	860
374	567
122	989
700	737
170	508
502	981
157	983
936	950
518	962
69	870
17	680
55	935
377	986
955	963
53	108
112	917
626	909
791	976
598	810
548	989
804	915
174	748
224	865
848	958
490	984
402	871
630	735
594	812
602	673
313	570
860	968
235	879
524	753
339	936
182	989
619	990
121	750
695	985
607	643
868	913
832	990
67	635
442	512
282	294
807	933
438	807
765	936
778	875
346	989
725	985
381	946
425	464
637	643
857	875
460	687
584	982
672	866
415	944
456	716
258	997
734	926
519	772
613	636
444	598
972	983
232	944
755	985
755	756
567	934
240	310
892	990
267	938
652	749
602	928
984	993
665	947
725	998
172	785
199	659
801	993
553	891
584	995
565	716
759	996
745	832
468	820
214	378
319	431
755	998
493	998
634	708
367	593
873	990
331	670
160	788
201	826
509	942
844	932
62	896
403	960
673	784
26	973
39	683
562	724
191	259
60	971
715	902
178	963
687	840
150	901
48	853
72	981
243	799
721	838
210	622
886	905
927	943
946	956
550	956
75	205
888	951
939	953
15	568
818	892
284	958
399	679
495	912
16	914
354	384
340	974
92	909
634	963
702	838
578	802
886	918
256	751
825	908
911	948
489	959
594	746
360	579
43	872
304	684
207	751
246	679
526	733
705	964
853	862
144	402
704	739
336	343
915	959
142	743
637	685
408	862
890	902
298	990
513	915
705	856
728	988
290	991
610	969
183	636
904	921
293	767
788	975
778	930
401	980
781	972
385	477
739	975
417	695
398	416
348	824
315	418
355	985
556	975
126	896
753	994
99	241
147	955
785	983
255	754
683	935
788	988
224	357
621	996
729	758
882	1000
780	989
219	427
563	991
852	865
81	722
494	891
480	993
595	943
507	830
537	709
99	483
954	997
747	933
411	489
884	938
345	889
551	994
559	589
863	1000
519	961
835	938
981	992
580	648
530	827
576	943
218	969
469	551
245	843
933	951
229	835
248	848
32	964
412	956
756	766
613	946
604	897
626	656
392	489
565	905
465	967
592	779
559	602
564	946
187	959
657	908
407	962
481	682
902	941
140	389
613	838
318	661
356	916
516	905
629	782
49	207
386	795
284	784
325	785
666	849
812	903
728	909
332	680
10	400
226	964
909	957
399	855
270	741
522	962
797	901
492	790
612	855
802	952
751	906
103	870
712	914
739	788
909	970
12	688
430	972
779	860
691	976
691	747
737	863
145	988
753	807
87	983
813	858
920	984
744	987
100	922
615	873
785	796
475	570
141	465
572	917
283	814
42	459
459	976
10	884
588	861
621	809
404	811
357	470
398	471
730	981
871	920
484	925
690	764
621	930
945	990
711	823
246	989
600	992
83	473
234	871
477	777
764	807
769	922
595	998
507	885
685	928
745	942
748	984
822	933
863	934
252	780
856	931
801	995
584	997
831	874
657	950
877	990
338	941
393	648
613	880
747	880
631	934
576	998
870	950
567	949
548	670
231	963
551	941
47	913
90	731
599	608
208	952
634	831
942	947
386	729
358	667
523	963
523	734
891	901
682	727
723	765
76	917
714	716
315	970
590	909
362	493
446	901
232	383
569	971
911	937
522	896
627	949
425	963
62	911
221	904
532	796
60	986
402	686
814	896
93	345
450	619
529	912
36	979
608	912
219	871
800	853
324	335
661	923
702	961
619	926
277	933
337	984
767	797
505	797
656	966
202	530
496	748
730	915
790	929
614	969
75	920
507	577
619	818
116	692
154	984
264	590
283	869
112	987
473	700
841	867
885	910
785	972
596	807
191	987
807	990
880	980
658	867
322	918
602	972
36	66
574	644
799	991
711	878
494	880
774	934
713	924
597	749
776	980
547	928
887	996
343	869
434	462
188	995
866	873
191	1000
631	747
664	695
787	994
121	941
308	767
743	924
924	999
90	544
227	778
180	703
722	757
273	665
218	729
28	834
551	875
83	541
556	990
891	943
8	367
882	894
269	896
733	771
411	720
414	762
345	891
474	547
424	955
312	485
840	870
165	960
104	950
154	313
238	950
492	537
461	958
404	424
400	719
391	899
914	940
826	827
638	776
803	843
453	959
35	971
38	488
126	335
464	596
925	954
340	789
928	959
303	907
110	512
504	668
206	974
321	961
209	491
318	663
139	920
175	614
207	566
463	492
292	610
316	967
305	845
79	502
874	965
184	555
464	838
6	926
381	803
928	972
724	913
452	454
388	964
462	913
443	671
816	916
920	973
188	795
403	454
587	800
532	864
811	922
355	679
291	923
602	785
693	903
593	965
235	991
417	739
381	816
417	510
64	880
50	982
70	631
264	645
429	978
682	929
690	753
87	985
802	967
755	855
176	690
644	758
415	935
594	937
198	937
275	403
82	991
189	888
887	930
439	511
573	999
347	922
199	529
653	699
732	992
133	175
644	879
126	953
165	881
662	933
10	778
63	870
968	976
321	411
945	992
153	763
488	753
378	881
567	817
606	745
281	948
878	938
415	948
54	942
651	932
852	922
711	946
442	529
447	873
106	314
405	876
565	828
193	202
451	763
652	753
542	881
924	946
762	884
521	943
713	884
759	1000
652	874
597	938
248	784
757	890
817	941
963	995
775	944
16	663
833	885
650	949
244	261
276	479
782	839
152	672
826	882
845	895
215	728
872	998
583	895
220	843
789	1000
517	541
250	951
164	682
948	993
516	841
115	497
717	831
865	995
708	782
427	503
85	739
346	780
566	783
414	951
37	964
105	610
243	803
638	844
677	772
352	975
208	967
645	968
805	957
617	906
166	970
702	721
130	495
550	852
591	853
99	916
691	791
186	804
561	681
855	899
915	950
63	441
832	915
707	920
344	868
793	960
572	732
751	963
424	568
277	814
459	791
767	907
901	907
491	743
804	974
834	853
443	968
124	168
167	804
478	925
445	748
978	982
436	699
716	982
581	794
686	810
457	987
639	735
952	966
465	582
971	979
286	876
234	686
594	992
561	815
910	969
662	867
421	512
588	689
290	995
472	743
381	884
389	974
655	864
292	812
760	917
586	993
815	816
704	985
343	750
53	651
572	987
60	775
487	879
370	708
653	767
207	421
840	859
372	525
284	641
759	934
487	1000
734	877
618	931
563	995
637	944
731	808
521	998
534	937
128	249
840	980
40	136
844	870
789	934
687	886
766	950
296	772
731	929
189	380
326	880
782	894
768	996
264	968
694	781
372	767
861	958
726	999
710	762
223	378
622	649
352	788
539	880
687	778
571	832
529	835
689	824
288	480
317	952
164	858
400	842
969	999
606	947
536	622
742	956
400	963
119	455
499	676
485	778
738	958
605	843
170	622
325	910
504	912
526	671
11	979
663	676
473	515
524	746
496	913
342	446
633	918
760	959
792	911
718	733
897	964
281	466
855	967
13	163
192	394
395	982
890	961
600	862
168	939
691	980
883	921
65	703
304	985
519	873
161	936
100	926
111	526
498	706
938	978
528	814
459	980
896	981
170	877
546	868
596	985
241	528
535	746
366	937
166	354
732	994
369	942
327	945
487	934
495	529
808	989
541	645
305	405
618	865
424	999
97	375
652	863
685	811
156	955
794	983
431	894
632	655
359	991
639	816
451	994
284	588
201	819
182	540
127	604
583	655
187	655
569	720
819	868
19	24
282	663
442	652
823	987
726	825
266	840
641	717
169	907
356	962
543	825
133	661
754	779
224	550
886	898
564	884
738	771
42	250
43	623
442	894
106	679
455	833
923	938
531	599
2	972
309	900
87	787
455	954
721	844
143	867
196	730
70	325
113	961
624	911
770	965
481	862
511	970
225	384
483	908
821	903
17	849
922	955
688	788
691	793
608	795
478	685
937	970
397	733
283	860
911	954
93	699
43	878
822	845
103	929
598	871
221	921
224	926
614	852
526	968
559	916
22	940
603	693
200	983
473	812
640	989
519	699
68	763
183	750
899	920
59	980
790	933
117	167
394	933
461	694
667	799
471	924
589	916
473	933
506	881
390	935
560	858
379	517
162	933
432	528
924	990
776	863
239	887
808	815
101	953
142	991
431	828
665	995
917	987
534	697
424	825
565	764
680	751
892	930
690	944
239	779
109	935
169	949
659	813
411	482
727	984
460	869
861	947
551	987
465	718
625	707
685	987
449	710
523	659
624	711
296	653
783	1000
15	374
722	761
942	993
534	939
653	890
606	815
105	304
449	831
798	985
90	898
527	670
525	826
329	951
866	890
731	931
70	956
667	946
6	675
92	715
40	259
243	847
578	837
321	952
379	893
502	963
23	965
4	723
529	608
675	891
215	906
705	770
222	801
645	904
590	968
818	832
529	729
647	950
911	996
712	786
304	732
211	504
837	966
316	971
517	961
932	974
715	976
140	745
434	963
374	683
635	953
267	557
621	789
612	740
353	974
600	622
25	916
350	447
186	982
371	506
744	980
615	866
595	628
58	689
433	566
779	974
369	810
718	964
693	907
362	807
348	872
193	998
788	915
204	864
649	985
275	515
22	69
607	759
154	225
301	689
75	871
938	980
417	985
887	934
637	988
90	361
174	998
347	926
366	939
636	763
512	993
190	942
831	975
418	577
850	988
665	942
272	459
752	867
301	931
361	945
493	872
498	950
787	824
680	698
666	763
690	891
775	935
453	655
852	926
525	531
796	994
507	891
636	776
138	536
699	832
5	909
926	996
447	998
884	999
120	603
925	1000
565	953
430	536
770	833
756	935
118	678
90	845
742	771
497	940
189	558
777	994
433	955
455	714
430	886
726	948
509	950
402	558
47	101
489	833
379	961
654	900
222	977
165	443
497	953
733	964
934	954
474	969
744	793
694	972
427	857
536	800
930	956
162	330
728	970
504	969
941	970
531	843
200	972
897	900
362	741
573	924
396	510
93	701
795	973
492	972
323	934
846	975
469	988
904	916
804	978
31	762
58	636
244	762
716	986
499	988
540	989
209	926
873	906
652	678
929	986
970	987
285	884
389	978
408	991
268	422
667	922
367	401
759	925
616	876
63	929
445	994
574	879
338	868
692	871
637	935
516	645
829	876
551	868
518	691
745	882
418	524
850	935
476	694
261	540
211	948
169	951
329	940
736	769
194	486
686	948
146	940
168	433
439	933
981	987
898	989
736	890
703	713
166	545
768	879
754	944
551	881
418	995
201	997
555	1000
104	835
291	661
62	838
84	597
287	956
207	667
768	1000
174	490
694	785
159	892
687	782
222	911
138	954
157	967
696	952
233	962
723	826
314	392
117	787
404	780
230	664
268	919
846	896
6	919
703	847
202	336
353	734
270	965
430	954
705	893
839	893
228	739
44	918
190	218
761	973
373	568
161	914
524	737
598	686
455	903
39	170
594	917
520	739
179	446
786	858
151	347
409	908
642	850
48	111
691	971
503	920
778	859
360	871
943	963
662	684
665	689
436	866
458	625
463	740
609	794
380	971
567	568
300	978
186	876
602	791
24	814
549	635
774	982
672	971
801	856
873	961
369	933
773	794
331	412
52	997
179	809
160	301
968	969
333	458
104	635
835	854
618	856
121	989
859	918
919	969
896	985
607	882
808	872
25	234
651	925
213	928
232	941
447	866
975	985
149	943
372	692
759	872
302	367
519	890
68	954
632	767
26	957
664	985
783	936
502	657
634	813
479	939
498	952
312	533
275	880
196	358
624	768
775	937
90	834
546	885
632	888
543	816
359	995
975	998
768	934
55	503
247	939
508	714
525	883
282	667
39	909
144	962
837	889
823	991
606	993
826	996
592	829
522	770
338	949
310	850
318	711
617	778
620	783
129	960
867	889
569	966
649	666
700	897
552	733
4	901
705	948
366	499
756	950
797	951
272	837
