730	897
788	838
27	925
806	892
709	959
234	437
626	961
220	273
693	722
885	892
482	916
329	445
716	854
661	918
380	905
140	923
83	389
621	967
387	800
65	749
492	853
827	843
161	982
598	983
436	692
45	807
265	810
36	987
774	916
892	908
281	754
377	462
220	515
151	644
403	636
191	982
177	818
545	985
369	759
281	875
181	937
737	926
792	862
616	865
602	967
924	981
184	979
477	706
783	978
889	916
834	980
204	813
952	972
19	996
229	577
951	976
472	978
706	916
155	813
722	860
667	924
264	948
372	747
445	996
665	999
491	883
585	747
752	924
678	709
400	472
873	921
78	421
933	935
36	424
253	947
132	886
51	961
211	950
302	543
882	889
472	991
632	943
632	714
928	941
83	886
699	889
638	879
523	663
159	881
646	999
761	949
815	956
900	1000
251	591
638	1000
547	589
156	438
515	785
188	427
279	545
394	495
691	718
627	999
668	771
709	772
617	954
851	892
735	946
157	969
86	271
435	913
145	851
272	663
310	918
332	677
700	844
49	325
689	951
499	790
301	317
886	970
619	855
388	959
589	720
943	952
566	965
700	965
860	954
739	893
87	738
390	510
202	688
642	960
196	910
686	737
402	749
181	750
957	971
635	957
313	906
695	971
712	911
519	745
142	795
758	798
193	989
427	927
209	970
189	991
651	793
904	973
40	639
463	742
517	978
658	917
47	534
368	855
478	986
82	986
574	694
887	925
783	804
414	678
908	984
149	932
424	871
643	915
748	968
882	931
288	983
885	973
618	858
838	861
48	476
328	530
452	825
226	748
438	927
768	802
759	982
699	702
33	878
776	922
762	987
500	758
539	686
650	931
428	589
815	998
493	984
870	934
782	821
586	946
732	1000
735	746
212	476
630	989
60	836
467	702
646	933
439	640
623	949
134	758
683	1000
865	977
898	925
14	841
944	977
733	942
365	546
213	943
956	987
386	834
143	847
440	841
250	946
170	428
731	761
474	839
298	842
418	944
325	716
270	780
751	824
319	901
522	772
775	952
112	608
833	893
934	945
731	882
161	729
634	949
407	906
536	791
990	998
527	971
580	834
888	950
117	844
124	968
821	896
499	845
452	504
490	796
25	962
314	570
797	953
167	786
379	965
934	958
717	960
568	837
694	976
790	913
429	907
682	858
887	967
758	853
670	969
517	912
214	874
737	915
500	679
612	920
49	514
790	926
494	635
526	853
135	702
396	743
327	872
887	980
436	815
291	397
686	926
89	707
42	861
586	759
45	112
179	866
156	882
794	910
780	975
357	643
747	798
577	646
898	967
530	571
58	990
237	992
667	805
75	930
419	703
672	920
498	767
317	692
878	988
119	182
892	923
426	864
238	813
477	829
98	244
246	933
829	988
581	923
548	709
138	582
363	929
509	754
604	991
650	878
625	821
569	889
555	991
192	939
338	993
849	943
935	983
766	945
750	937
422	583
854	994
28	952
657	894
58	77
104	947
501	768
344	784
27	848
402	725
333	891
677	701
252	966
71	891
723	817
846	887
309	948
689	940
969	994
647	943
67	139
490	730
605	717
335	856
99	845
30	974
723	938
756	886
322	365
761	964
117	899
337	902
879	956
920	957
579	664
39	979
614	887
232	556
751	892
300	956
374	905
668	894
571	961
450	671
629	902
18	748
615	738
716	790
50	966
554	728
721	905
825	962
584	607
314	746
737	849
883	903
654	851
552	803
371	728
774	852
204	736
792	906
38	969
368	844
654	972
473	631
288	851
463	623
950	970
461	513
707	983
889	960
727	898
479	567
429	975
864	903
809	967
883	916
828	980
354	572
495	511
491	806
802	964
360	996
126	829
690	871
957	986
373	935
459	975
478	988
407	519
660	736
296	688
604	804
366	932
975	976
130	921
732	989
369	937
630	978
690	992
643	917
146	636
416	460
762	868
863	920
192	752
178	817
579	932
417	870
582	937
103	414
361	938
686	994
840	909
919	973
611	820
382	768
676	986
679	991
95	940
475	932
972	984
53	714
502	769
372	696
451	989
399	533
831	981
605	638
803	882
789	984
403	948
733	823
488	992
259	940
128	191
83	943
900	936
363	997
963	992
574	951
197	964
250	827
580	702
134	881
805	820
777	987
433	948
529	656
432	952
289	674
421	830
803	895
30	908
627	935
434	769
508	718
337	836
277	556
824	954
395	777
381	613
601	882
293	500
413	602
256	847
915	934
24	497
354	372
791	898
744	786
67	315
728	963
709	721
24	618
443	723
219	978
580	957
131	865
800	960
915	947
519	681
918	952
719	742
457	971
853	971
508	973
693	726
799	856
862	912
17	857
359	557
880	966
181	699
390	809
771	915
655	969
741	743
873	899
460	501
93	707
762	802
767	917
651	971
12	755
158	809
600	925
653	751
553	813
644	702
19	879
403	990
577	877
898	969
535	917
669	880
130	868
713	923
831	915
127	533
137	992
80	192
706	920
747	921
847	859
389	984
623	885
204	938
364	890
322	930
344	423
657	883
182	361
838	931
342	993
898	982
595	944
777	921
309	587
815	947
116	946
386	770
14	898
265	480
206	839
775	996
613	934
236	947
866	885
227	898
617	824
689	929
216	251
928	945
969	983
666	945
724	886
543	996
340	896
854	888
265	493
611	901
793	878
696	945
849	958
164	855
365	845
571	950
390	609
408	663
413	778
191	665
608	953
489	773
138	960
531	891
209	840
126	805
547	606
194	976
235	977
890	945
265	856
325	907
182	858
56	224
327	458
304	969
390	743
376	845
885	951
596	848
661	977
457	918
773	895
28	512
63	735
574	685
376	966
450	915
49	571
307	866
292	972
741	798
190	695
336	749
503	926
14	469
725	975
155	859
857	865
277	290
42	918
424	754
298	349
938	975
795	926
321	747
16	636
384	574
549	870
535	972
829	924
378	988
713	978
861	876
892	980
933	981
363	636
445	934
968	975
627	682
128	998
252	539
398	822
683	991
364	945
787	819
418	693
542	988
440	711
475	934
461	999
810	924
483	529
823	863
625	878
831	983
817	819
393	986
481	604
434	758
847	927
527	720
269	950
236	773
731	981
103	658
824	943
40	309
377	897
743	991
756	930
835	994
194	897
576	999
309	655
123	199
386	838
173	959
949	951
645	954
731	994
617	892
474	843
823	997
606	999
462	954
539	945
934	949
139	974
455	951
629	838
78	964
730	890
895	957
760	769
705	833
448	911
800	841
339	860
380	669
540	621
242	964
545	736
80	865
622	956
131	867
404	962
593	898
804	852
174	685
119	749
447	551
457	973
841	855
901	906
54	970
87	918
684	908
577	745
458	565
20	339
314	816
313	857
449	452
695	922
202	989
274	865
86	814
58	981
540	984
158	690
466	806
180	449
120	169
223	819
345	516
9	567
331	352
415	989
533	981
954	974
887	984
431	704
766	923
296	516
442	570
741	866
586	992
18	242
369	994
966	984
643	974
261	643
151	771
808	812
238	925
541	697
35	825
417	927
582	994
511	525
549	817
815	936
745	877
574	995
954	987
508	641
711	1000
340	535
367	638
787	995
532	705
377	831
537	820
845	936
578	592
550	759
555	874
200	646
921	931
544	944
796	936
562	769
721	762
784	818
495	715
233	944
641	998
544	836
134	938
571	939
63	240
925	942
224	602
784	939
316	605
591	773
93	267
819	933
84	484
26	213
559	713
757	957
163	484
200	780
654	721
332	670
411	963
626	888
730	945
312	957
348	614
928	960
124	906
210	909
578	847
784	952
302	912
388	952
603	611
737	840
434	839
318	893
392	842
552	794
502	973
568	775
320	673
251	839
633	904
603	732
602	773
299	506
670	907
568	896
950	961
414	429
691	966
402	863
152	163
140	863
355	788
286	917
346	968
943	958
725	964
642	966
876	904
669	803
414	550
658	681
212	335
778	975
281	694
588	851
528	571
533	915
15	989
868	905
356	464
493	735
479	800
484	915
99	286
665	926
609	802
540	931
306	764
92	512
584	974
239	939
473	877
321	520
794	969
808	867
852	910
549	872
554	987
631	682
562	811
713	980
33	992
465	649
201	805
227	942
576	867
680	924
354	939
357	944
750	875
345	826
974	997
495	999
61	249
407	657
411	776
689	986
881	927
243	670
41	950
738	878
13	888
756	932
742	997
398	958
356	961
409	824
736	953
851	940
111	901
854	945
661	779
707	895
564	883
913	1000
443	822
374	722
181	556
761	902
2	850
948	994
538	830
240	907
629	719
23	909
243	912
242	953
448	792
816	959
758	954
510	889
573	908
430	896
765	849
825	900
911	940
626	956
230	956
827	946
423	856
188	959
427	975
475	494
108	966
834	841
47	690
85	982
883	962
874	913
915	951
712	851
612	913
1	988
44	392
247	263
496	967
436	687
40	687
241	677
917	960
581	782
811	978
910	957
929	970
41	279
290	983
73	985
148	526
454	798
192	798
266	747
841	978
618	906
480	972
37	631
364	760
699	750
107	875
124	290
690	930
437	521
836	984
951	971
266	868
753	986
692	976
324	580
947	973
369	996
584	921
597	860
179	872
561	937
213	870
796	925
340	645
278	999
653	876
116	937
553	938
191	293
710	858
388	578
35	948
360	479
169	948
184	290
488	930
617	815
763	869
529	702
364	894
685	986
531	748
85	432
136	892
733	882
576	935
39	959
942	992
157	951
754	941
914	930
578	715
976	990
323	610
726	1000
388	941
832	837
260	382
707	842
751	885
888	890
695	724
874	955
478	726
409	892
698	766
395	957
496	780
788	888
807	901
70	379
316	849
228	965
582	675
452	565
228	857
28	503
728	914
684	844
670	909
683	848
380	847
227	339
760	839
94	978
102	573
341	855
258	857
473	745
519	861
734	786
684	965
885	955
431	519
725	737
744	979
771	853
774	858
667	732
56	578
584	963
787	797
919	953
215	342
695	979
607	866
555	676
767	855
200	219
150	627
573	989
120	455
273	468
350	917
553	751
317	740
322	855
247	681
285	936
385	645
70	984
340	350
424	987
768	797
680	684
322	976
859	915
979	980
299	992
373	941
118	651
238	982
679	984
753	933
808	869
618	974
114	946
403	820
972	977
452	941
787	931
732	995
205	283
485	566
762	874
577	828
926	982
967	983
488	756
601	633
840	915
105	466
738	867
275	877
798	918
335	662
701	985
248	895
592	705
671	998
160	782
242	821
471	644
253	421
222	613
865	985
620	888
647	762
44	957
522	767
492	595
731	877
274	372
136	142
260	437
430	885
619	784
435	963
22	565
462	837
770	953
663	827
630	650
346	891
828	894
510	999
133	783
463	658
301	367
705	945
302	969
420	961
693	827
552	851
598	967
579	725
524	789
832	905
256	974
806	889
190	620
608	904
594	969
552	743
106	922
661	915
864	951
15	925
390	802
73	866
628	859
394	692
350	622
514	730
574	744
541	567
486	631
725	913
491	746
427	990
727	959
452	754
121	920
597	849
165	926
294	582
729	739
519	929
371	802
899	921
11	230
940	959
692	857
534	685
396	980
251	333
674	924
574	986
385	821
407	580
445	872
486	873
255	977
563	864
659	801
67	926
494	993
260	826
595	816
856	857
583	927
762	929
3	123
266	991
266	762
627	741
342	757
872	922
624	820
951	986
443	516
613	927
747	927
893	981
184	521
884	932
161	308
331	948
264	958
386	655
551	988
643	991
178	891
640	656
631	873
156	314
328	835
367	763
499	653
578	717
858	1000
30	848
453	951
682	774
742	825
728	890
313	419
631	994
123	258
548	959
826	940
564	940
638	889
366	430
839	879
930	997
319	843
593	823
249	784
97	915
513	830
573	844
55	918
83	199
508	900
396	430
654	954
869	879
566	841
918	1000
461	495
655	775
235	862
441	967
119	916
251	843
380	728
727	772
746	785
190	567
730	962
155	731
790	976
429	970
267	908
396	793
649	973
327	922
706	955
945	971
521	680
551	788
248	750
896	971
808	858
228	283
271	919
95	922
637	976
618	734
351	619
530	621
769	903
933	974
248	871
866	920
329	981
764	909
604	691
259	922
171	809
372	799
509	804
631	686
199	992
669	941
956	971
823	856
116	994
446	869
569	710
641	815
720	879
632	995
439	866
585	920
296	817
34	817
203	360
837	875
735	864
826	982
437	941
979	995
94	309
870	944
763	818
675	705
114	143
284	820
67	68
438	469
569	952
149	366
30	674
539	817
833	998
179	245
277	551
906	988
617	885
562	949
823	990
501	939
97	849
532	777
518	879
740	955
793	818
550	831
464	764
610	818
818	996
675	947
568	821
735	998
633	721
154	952
710	941
388	890
589	880
415	498
645	960
693	708
860	885
271	719
485	944
619	907
705	947
622	949
811	848
286	963
267	721
795	840
258	901
492	839
612	904
519	676
637	668
513	898
31	629
834	953
691	904
591	966
806	891
331	332
410	625
737	791
795	961
253	678
828	909
607	910
780	838
436	799
40	799
422	901
785	953
76	227
149	742
419	566
572	845
424	681
584	899
704	964
360	925
739	958
697	961
320	974
120	162
457	979
892	907
792	969
47	586
88	624
822	848
379	507
725	915
408	979
752	789
595	805
526	971
801	910
223	933
658	861
157	579
487	979
662	980
660	907
200	397
747	795
62	463
875	980
345	751
768	854
467	862
541	811
954	980
632	929
356	765
810	972
567	985
83	872
152	477
570	990
699	875
817	867
426	982
352	767
481	652
183	995
780	985
921	924
444	999
678	937
15	593
923	970
460	980
152	598
124	536
248	831
324	826
692	993
925	935
777	808
870	999
634	988
419	834
501	873
509	993
816	884
585	988
612	825
343	408
460	993
821	935
284	767
592	883
55	907
168	555
677	698
291	891
425	891
506	550
626	881
307	835
800	889
464	940
323	964
813	828
582	666
661	959
153	260
466	720
913	951
99	963
173	912
11	850
52	851
781	997
874	959
32	384
207	910
367	899
265	851
110	977
8	966
470	502
363	376
542	607
734	777
15	861
393	484
193	867
347	553
787	788
737	967
709	905
693	897
596	964
293	926
353	977
530	610
664	839
688	967
130	905
42	792
424	857
465	629
231	462
229	618
556	784
412	739
147	993
945	973
857	860
282	400
3	985
567	798
768	788
410	814
391	572
5	765
13	626
662	806
155	975
577	698
177	993
562	804
956	960
345	806
586	932
643	914
109	980
169	765
783	924
287	986
317	865
620	637
281	942
960	971
597	919
523	704
500	986
720	989
90	822
255	926
530	865
318	457
53	940
595	994
823	858
754	987
565	822
465	884
523	825
110	427
49	942
217	755
764	924
865	976
199	886
675	815
243	892
513	524
355	581
420	481
879	995
111	894
18	666
207	602
26	261
187	889
462	828
425	946
323	898
909	995
138	889
735	879
353	548
86	433
31	497
811	837
673	903
791	895
395	895
596	656
601	1000
399	785
176	484
272	946
376	774
758	839
403	611
515	852
119	852
718	888
451	544
797	952
368	775
404	957
615	911
62	439
260	454
672	893
765	855
405	549
489	957
401	844
131	983
10	922
598	863
417	788
348	917
655	845
820	912
503	976
181	925
267	965
883	968
93	583
616	624
316	332
959	963
697	963
375	912
917	966
20	455
727	842
157	689
195	981
680	730
699	743
831	899
74	691
657	746
643	848
789	902
426	850
822	850
357	979
954	969
431	699
558	740
378	809
842	913
584	914
88	976
456	877
537	573
561	930
385	933
357	871
486	756
546	807
150	807
384	974
687	746
866	977
516	864
755	917
796	918
100	168
504	517
440	990
266	874
555	748
714	741
296	753
475	984
447	922
326	861
653	990
620	813
565	877
100	289
518	802
946	983
13	815
882	998
49	997
613	810
796	931
859	987
193	372
432	654
531	633
608	816
995	996
401	523
714	754
84	587
823	926
143	901
72	203
624	716
429	706
742	937
409	993
571	826
772	816
104	128
763	996
837	945
983	999
721	999
707	835
897	932
682	778
668	880
828	832
318	996
404	770
645	896
700	832
906	937
110	966
325	891
760	819
779	832
672	706
825	948
234	480
492	775
610	996
269	437
642	719
614	886
774	838
719	902
545	786
295	611
300	955
434	955
415	676
654	958
795	897
406	856
514	655
552	910
640	794
681	832
563	776
804	902
619	856
584	835
608	963
809	953
883	902
616	787
739	894
436	856
945	962
334	845
408	794
802	950
378	851
658	676
919	946
107	802
831	833
477	749
764	779
535	956
931	956
311	982
908	972
512	972
73	107
644	862
537	736
588	967
324	628
664	962
120	340
405	967
391	803
565	690
896	975
789	849
271	923
472	913
477	991
386	580
262	810
349	698
528	929
613	744
708	752
735	855
451	867
165	998
921	981
136	940
659	981
442	983
576	983
199	996
636	997
419	770
974	992
129	937
687	935
632	999
79	298
557	596
837	879
446	994
620	881
821	871
559	642
963	991
522	989
305	991
448	545
645	830
37	947
763	822
694	951
64	784
518	991
399	774
793	930
911	922
888	938
654	771
84	884
626	938
700	887
786	890
807	949
848	987
536	900
272	827
580	943
814	881
514	589
772	884
290	844
1	741
290	615
749	900
205	773
895	954
374	959
112	959
594	962
189	913
367	956
848	1000
774	785
820	901
6	159
468	715
635	892
459	666
725	785
744	798
375	672
3	800
732	909
712	967
660	777
183	852
352	395
491	968
706	893
494	973
375	793
576	783
488	670
168	988
479	850
602	957
882	974
445	744
549	801
232	865
889	906
892	911
102	755
281	986
570	860
745	861
418	503
657	748
748	903
970	979
780	855
217	449
787	979
446	686
410	763
624	692
127	411
720	925
577	876
747	799
783	981
590	815
240	702
534	920
229	809
878	989
467	866
577	997
747	920
833	923
315	997
731	912
170	350
185	887
349	995
289	715
583	933
528	997
261	882
946	985
879	931
631	866
777	920
782	998
326	755
367	527
50	591
437	1000
537	938
13	938
261	774
247	876
696	702
668	869
425	882
599	769
48	895
326	876
802	805
928	944
969	982
206	959
383	592
825	937
844	987
117	887
659	941
337	890
225	420
712	767
538	651
274	312
394	606
448	842
76	970
198	667
406	845
561	719
92	951
221	836
362	775
381	788
386	903
536	847
396	544
883	891
201	305
436	845
436	616
730	834
53	555
559	952
366	786
311	850
809	834
574	671
376	952
343	775
546	609
482	853
769	883
691	963
713	722
589	952
864	891
542	840
505	958
393	488
307	973
250	439
904	963
783	902
246	734
507	509
65	807
478	976
32	630
82	976
560	786
85	227
370	625
857	972
194	399
671	738
211	982
426	907
407	628
541	628
507	980
667	969
424	982
317	856
284	679
778	985
382	985
743	964
963	967
338	915
357	928
687	803
155	979
394	995
755	974
218	998
376	389
956	964
905	918
844	908
252	996
458	872
126	133
523	937
289	770
456	947
657	937
638	695
435	595
613	867
893	921
659	754
796	988
87	528
694	940
914	980
298	711
143	837
344	827
932	997
674	998
715	999
613	988
888	927
585	926
626	927
865	980
78	829
647	986
881	924
756	929
830	878
439	993
136	955
276	706
703	773
601	991
615	660
372	939
854	942
614	701
853	946
894	984
462	832
74	427
506	609
827	930
612	776
992	997
45	894
105	716
380	884
719	838
3	668
278	607
797	943
561	666
478	897
937	953
804	838
301	712
64	799
48	266
302	856
503	846
470	669
253	671
506	851
607	903
786	905
563	833
45	907
205	896
655	836
801	890
820	903
672	776
517	902
369	738
38	904
776	833
142	961
68	746
381	977
609	841
339	980
72	636
526	843
655	728
358	441
753	970
549	911
494	975
590	683
829	965
149	977
861	917
33	802
5	703
349	513
354	857
519	924
25	389
333	505
558	852
90	518
398	634
678	688
170	218
58	980
190	870
44	752
192	687
329	921
389	972
733	745
912	976
664	911
717	737
268	645
870	979
768	968
353	460
611	755
154	516
71	518
477	940
442	690
958	984
543	742
652	914
564	801
242	750
677	678
227	886
650	989
698	737
601	804
152	712
551	983
363	932
96	817
927	974
528	999
319	825
112	532
585	981
2	660
395	591
620	938
578	941
160	953
319	946
341	476
217	706
244	543
194	951
423	774
791	941
331	956
105	879
463	587
702	869
279	537
466	592
113	999
751	990
70	134
930	992
84	941
263	943
290	551
288	707
367	1000
90	197
510	820
150	248
91	836
793	879
3	723
434	946
15	733
610	879
106	851
716	780
251	946
688	947
182	846
402	849
591	785
952	993
723	941
621	893
373	791
403	670
441	962
642	952
716	901
572	893
718	947
285	799
560	775
412	611
1	811
169	624
21	497
771	958
356	450
741	786
892	955
883	906
588	958
371	731
260	863
26	696
466	968
447	726
540	917
254	331
243	401
179	911
382	745
198	924
701	727
548	633
465	864
498	812
518	727
354	804
674	974
445	922
47	997
710	789
297	391
836	928
522	738
701	740
835	969
632	869
833	859
172	884
213	922
189	299
975	979
45	291
847	915
153	992
543	918
796	869
708	756
421	928
803	993
338	930
544	998
497	923
455	926
629	813
161	479
59	697
710	923
206	895
393	987
286	595
599	826
879	880
782	947
485	926
430	990
256	837
638	939
171	241
209	533
302	724
369	485
621	706
84	767
170	541
483	772
469	837
78	952
97	965
532	893
721	829
163	767
22	791
177	436
330	944
438	706
812	947
374	721
57	785
888	942
785	935
59	831
802	875
848	991
922	940
985	996
663	945
781	937
31	853
554	894
91	904
848	883
237	958
512	668
228	909
396	722
649	902
327	851
43	863
10	686
560	830
679	781
651	948
408	961
783	838
862	902
526	953
466	673
373	859
582	969
711	854
408	853
480	958
917	959
540	972
667	784
204	794
498	975
19	977
690	916
868	959
118	461
887	972
255	961
604	620
507	916
493	789
553	803
498	867
966	972
704	972
726	731
294	808
729	736
882	978
257	926
692	854
24	166
722	962
741	975
639	964
699	978
317	684
514	969
674	921
217	682
632	695
912	978
865	903
562	865
587	629
270	693
564	911
803	927
844	965
233	811
238	926
665	993
310	765
562	986
851	860
6	768
620	927
138	695
647	801
294	942
891	932
407	819
42	169
541	819
150	934
351	924
296	988
733	989
538	750
244	303
323	596
268	660
216	470
735	806
432	997
215	999
726	986
812	989
160	834
421	875
99	824
61	303
30	724
489	521
888	984
310	778
208	996
404	413
791	822
125	998
69	837
793	868
724	997
311	599
374	884
663	758
508	884
186	833
117	999
487	532
640	774
450	650
288	588
596	704
293	666
279	768
971	995
451	471
434	827
828	946
524	949
651	761
688	828
746	769
591	895
295	604
140	730
809	825
781	992
511	902
156	674
101	738
579	777
832	957
785	882
31	908
17	781
359	481
517	838
825	954
589	943
911	994
52	967
827	1000
472	543
535	828
208	433
287	726
493	602
572	895
487	787
695	965
554	962
493	952
526	900
908	965
746	903
470	968
322	841
280	844
445	911
385	631
546	963
128	975
885	954
241	623
494	803
581	957
92	500
341	975
938	965
280	965
299	978
533	916
660	957
168	229
385	752
679	970
794	957
810	901
306	873
74	981
146	857
882	925
183	924
453	748
384	914
287	981
782	923
606	734
900	915
527	818
777	966
231	941
91	409
872	974
275	755
715	990
863	925
948	969
70	996
328	766
782	936
625	989
886	993
960	979
275	876
724	931
116	294
874	875
731	863
617	990
703	764
129	943
36	715
27	895
99	1000
173	949
830	990
61	250
219	836
654	993
833	995
511	715
805	933
428	946
20	892
730	759
353	772
513	761
485	928
504	941
300	882
608	998
723	985
346	769
814	874
621	708
860	990
63	417
137	366
1	734
301	474
793	936
867	885
476	1000
751	939
635	993
869	931
332	955
855	996
890	990
688	775
941	955
366	724
259	598
658	832
429	780
603	667
290	850
183	724
918	944
790	907
688	896
792	953
253	675
327	624
748	883
514	716
820	907
880	958
603	909
718	896
360	922
93	807
795	850
546	789
269	511
659	666
664	781
177	922
875	964
295	914
410	864
19	979
671	676
280	791
373	982
662	856
706	899
692	964
463	912
475	966
34	735
447	904
884	905
218	815
245	918
4	563
680	846
251	440
726	733
574	864
269	982
258	335
645	744
898	961
939	962
278	987
345	748
129	864
844	846
51	944
252	934
355	389
701	797
912	980
549	928
171	982
28	933
303	872
508	752
90	764
291	754
659	921
139	885
125	987
483	695
796	926
334	572
298	649
256	652
522	808
338	987
833	929
934	981
717	754
823	921
909	924
532	708
633	760
388	929
176	521
214	776
511	999
101	606
133	824
441	940
738	934
300	708
814	929
244	776
702	873
380	593
402	840
424	599
484	650
420	894
651	763
241	370
779	948
880	1000
228	845
140	961
445	779
390	843
505	830
931	938
320	784
809	948
869	999
189	974
390	964
352	443
496	902
843	946
686	962
238	728
665	795
887	908
494	913
452	916
745	909
504	554
280	846
607	975
822	900
505	964
384	674
623	690
442	615
340	567
801	962
446	505
666	737
220	687
16	628
711	924
6	583
470	983
413	449
729	914
835	852
81	878
664	970
805	909
903	986
216	285
708	747
97	593
231	822
738	855
456	940
27	763
495	868
321	752
733	925
492	570
838	978
879	979
180	978
529	866
534	981
451	983
485	796
674	991
747	981
645	933
175	755
92	986
689	976
37	821
140	653
761	1000
175	876
538	699
777	981
694	946
974	1000
738	989
435	951
545	594
765	826
806	864
121	532
332	715
693	694
772	987
62	73
605	995
402	895
283	715
608	1000
360	898
346	1000
795	826
681	990
271	597
918	933
818	995
270	897
531	938
111	315
281	726
162	546
556	702
492	946
552	960
684	887
563	597
283	957
586	729
302	970
80	857
792	834
267	720
528	724
385	446
813	893
381	970
147	803
563	718
554	898
540	734
273	619
446	547
429	903
570	842
792	955
468	831
776	947
646	837
412	670
665	850
764	829
31	978
683	904
43	49
843	893
180	320
176	844
224	326
704	963
280	901
46	734
519	917
692	845
315	858
697	960
898	950
530	554
356	630
958	964
521	734
221	442
106	226
97	635
176	965
377	689
253	919
523	743
335	692
701	786
884	907
870	972
414	729
667	909
782	859
106	347
639	847
592	735
738	789
638	851
657	864
393	791
558	858
563	973
783	976
170	224
639	968
441	458
275	920
757	923
27	818
46	868
247	858
555	974
407	581
71	632
530	917
886	929
927	967
757	815
132	992
863	982
527	996
654	808
444	998
34	871
824	990
939	977
796	928
942	982
246	461
17	638
41	995
608	813
816	991
833	931
464	805
543	869
37	997
763	872
362	528
702	862
614	749
237	533
714	872
552	773
409	990
538	875
881	985
545	770
723	813
781	983
855	932
538	996
656	988
573	953
788	878
779	829
825	945
883	886
640	899
354	542
786	953
137	544
422	942
64	968
347	768
834	886
894	937
121	950
695	956
392	955
178	437
370	378
788	891
447	598
47	627
186	971
671	720
786	966
679	840
1	925
986	997
535	832
31	804
212	327
762	959
384	555
549	851
769	891
177	979
157	741
933	962
685	897
330	669
46	910
146	619
10	987
21	853
623	921
221	389
787	800
308	802
123	985
233	628
835	962
613	849
899	977
453	631
548	868
220	810
784	852
720	867
558	805
329	982
276	567
474	811
326	684
212	811
391	813
432	814
532	752
666	981
826	970
638	919
60	942
531	564
481	935
159	921
393	859
324	988
453	873
539	913
731	854
54	346
224	757
129	934
710	916
784	865
932	992
121	521
632	996
88	115
585	921
280	285
805	924
450	696
270	765
523	945
886	997
219	948
902	978
594	825
728	825
337	940
239	368
277	660
626	814
698	919
617	994
150	296
205	757
532	886
573	887
77	720
550	940
930	932
503	599
809	871
527	956
492	935
929	936
478	771
450	709
403	597
587	943
642	650
691	1000
522	999
723	989
781	930
492	827
901	995
371	766
758	946
904	1000
601	999
22	797
751	943
778	780
472	481
463	890
931	995
210	969
526	946
586	960
737	900
883	954
582	962
279	961
898	939
755	890
493	890
732	906
369	854
919	998
481	506
954	955
887	965
73	977
752	777
769	946
884	896
829	960
70	908
366	970
528	968
239	865
137	854
477	922
711	860
764	952
521	965
595	914
958	966
875	968
773	957
685	844
583	796
588	911
574	976
385	811
314	342
458	801
664	906
43	293
419	809
405	911
515	517
565	863
391	747
303	634
437	863
220	865
641	858
665	986
458	922
444	758
216	342
364	994
262	983
518	909
248	819
289	820
578	694
113	860
440	989
159	747
733	982
203	524
98	242
120	755
328	933
101	476
736	987
906	910
768	976
927	969
132	994
627	973
668	974
742	923
902	912
62	935
805	979
557	877
221	928
298	653
900	987
325	756
504	987
531	861
261	1000
710	863
83	176
976	982
613	930
146	232
392	702
712	872
717	987
101	718
207	656
895	993
490	944
605	931
677	807
508	998
425	1000
693	751
846	993
763	995
904	934
105	995
587	769
628	770
688	821
490	836
218	377
264	493
184	995
217	943
695	945
728	893
612	947
698	987
334	939
228	957
751	998
420	898
593	826
109	713
637	832
255	538
193	855
600	950
438	888
649	842
593	947
187	259
101	973
637	953
931	942
889	945
328	383
267	898
215	442
165	850
239	799
762	840
767	955
403	907
926	948
521	899
595	848
120	326
327	804
646	786
618	953
260	979
771	966
306	866
20	509
488	614
171	907
823	833
400	501
892	963
80	230
926	961
750	964
683	974
411	515
783	912
204	976
111	748
419	864
620	625
47	992
427	459
759	969
877	961
627	786
849	862
379	684
659	967
365	520
414	907
851	908
870	921
553	985
336	987
872	967
638	800
297	507
605	623
715	983
687	692
428	697
842	980
60	944
583	985
550	808
407	988
715	875
742	978
439	977
126	480
525	980
524	526
353	644
974	991
215	939
564	864
522	867
434	983
816	819
814	975
236	998
249	708
428	939
307	649
312	993
114	254
559	870
153	182
3	423
672	747
302	719
608	991
962	994
506	714
673	891
879	996
156	601
725	758
329	529
867	878
897	986
594	948
38	767
635	757
828	886
855	989
730	994
441	891
697	817
482	663
535	755
375	537
94	783
985	991
503	951
781	932
165	663
459	881
533	830
771	887
576	648
526	827
89	789
894	994
691	894
718	768
897	999
198	961
910	938
665	841
670	956
799	841
843	884
820	900
107	964
410	736
759	890
401	953
487	956
965	995
506	969
127	384
841	959
598	972
780	949
766	785
7	733
169	566
667	779
64	220
129	615
363	553
5	808
743	774
910	951
954	957
54	966
852	946
711	970
293	982
370	677
637	792
378	797
358	559
611	739
105	150
327	980
528	970
421	615
178	857
305	669
733	850
623	978
659	672
958	968
259	967
815	919
713	908
606	782
518	669
357	980
761	804
525	793
26	880
34	741
428	860
824	860
249	400
231	989
840	841
740	866
55	763
757	806
687	976
847	965
819	903
180	916
199	929
144	993
82	115
111	816
147	473
490	812
710	852
696	917
591	635
16	929
453	930
34	983
717	976
617	809
703	812
362	519
823	914
909	917
826	919
504	868
223	589
541	935
627	975
816	874
236	824
612	815
717	868
837	933
923	973
501	984
518	924
418	986
724	992
622	981
612	936
772	925
689	927
749	941
348	597
876	982
592	994
485	868
709	990
869	979
538	879
216	599
572	877
792	880
855	936
607	834
18	964
871	880
482	839
513	943
278	551
484	885
267	887
910	993
225	890
568	1000
790	847
540	672
567	775
460	649
470	842
778	958
982	990
211	847
385	734
417	723
852	880
567	896
704	901
126	924
671	724
55	455
866	899
926	950
623	912
683	963
447	952
70	965
273	799
768	778
713	842
264	750
919	947
349	565
627	775
431	863
577	917
172	868
213	906
53	688
268	576
829	909
914	953
468	903
449	624
891	969
729	907
662	917
789	958
849	972
76	756
544	861
351	732
444	923
673	746
172	989
287	976
447	965
647	730
826	961
363	971
485	668
500	976
272	560
956	963
56	935
708	861
735	964
465	874
69	645
757	982
242	802
784	856
247	917
412	984
117	807
444	936
81	884
700	862
590	990
548	993
749	754
114	243
301	335
363	984
186	762
398	941
962	983
356	944
65	243
268	831
199	997
501	810
427	595
955	980
96	990
330	928
913	983
16	997
728	937
874	991
146	289
827	916
249	939
395	993
469	942
104	292
166	941
763	931
909	985
193	549
12	474
707	999
187	1000
880	927
267	700
654	880
98	662
337	944
511	831
818	988
596	875
904	991
26	493
413	939
911	923
910	927
450	942
887	943
357	485
670	716
890	985
985	993
547	767
32	321
183	719
40	670
174	899
232	611
3	788
350	832
806	883
195	958
88	603
570	606
704	835
206	558
440	496
197	738
862	899
600	899
713	776
658	840
864	945
375	902
683	789
745	849
96	440
891	903
762	789
808	905
271	966
324	792
301	845
144	861
634	725
787	967
88	966
308	969
905	959
616	856
439	900
472	848
558	851
351	787
857	918
268	752
722	959
708	795
116	920
440	980
687	857
590	924
37	977
946	973
94	464
949	978
164	937
258	572
636	932
923	962
634	859
59	628
534	921
432	873
652	913
421	980
756	970
830	919
52	588
305	805
398	996
717	749
648	878
647	919
210	652
108	870
619	820
779	809
672	683
402	822
825	925
682	876
575	750
186	709
907	994
122	953
648	999
782	999
675	873
408	758
941	992
600	699
199	355
200	994
126	779
379	996
816	997
976	986
24	539
497	988
767	812
937	994
191	881
265	830
688	933
573	717
471	935
359	465
490	948
346	940
10	725
607	715
505	704
362	884
491	769
656	873
353	835
427	784
17	886
499	889
380	709
286	781
709	884
275	363
478	951
15	961
189	848
235	964
54	889
257	723
651	879
887	890
769	871
512	949
649	954
676	828
528	664
216	843
665	898
986	990
716	900
475	545
447	712
655	890
600	954
755	828
815	842
947	998
998	1000
676	949
156	913
766	842
678	729
898	998
189	272
669	909
116	962
768	888
308	674
454	957
146	612
285	919
178	564
257	857
558	785
71	438
618	836
585	659
838	839
320	913
903	968
20	392
171	790
162	970
456	922
546	852
425	791
678	971
313	321
428	796
273	922
410	927
745	917
275	739
297	498
32	981
335	753
622	783
761	861
250	682
907	915
226	968
23	639
960	963
330	796
757	863
555	914
238	978
453	866
167	280
525	742
666	866
974	982
559	740
130	334
132	932
319	758
121	285
214	476
62	873
538	802
925	982
562	930
606	973
680	922
435	825
944	968
130	226
318	920
166	822
615	648
515	710
471	640
99	997
508	936
57	1000
304	648
524	880
610	920
818	869
78	830
909	987
209	761
700	998
772	874
684	990
918	928
422	990
339	955
228	895
374	949
855	993
681	877
868	932
973	985
469	957
992	998
697	821
587	949
774	775
586	724
451	765
547	998
748	988
244	960
753	837
161	962
202	963
813	888
596	890
174	901
375	662
655	945
760	998
801	999
811	963
211	904
371	893
973	998
293	973
664	886
873	996
498	853
831	999
179	844
487	960
108	375
426	950
269	737
444	738
655	958
796	897
636	679
474	617
281	976
77	163
473	917
51	928
599	733
411	682
53	974
122	579
717	725
331	689
344	628
495	797
486	977
429	443
544	918
392	561
590	805
958	972
815	923
900	967
233	918
168	294
333	627
29	630
153	925
423	520
851	967
245	928
372	969
666	921
41	869
486	990
673	816
824	985
717	859
592	864
352	882
733	988
700	811
122	834
428	877
736	993
6	888
927	975
839	862
911	967
930	980
484	634
635	803
728	994
29	993
566	703
381	886
656	862
329	467
568	749
284	990
246	469
25	995
28	475
200	996
580	988
767	814
918	983
343	752
876	986
513	934
246	819
12	652
614	986
91	716
267	878
575	765
234	472
929	997
547	703
693	986
230	996
304	945
920	948
832	835
549	712
760	932
33	832
52	845
133	955
482	843
158	719
359	709
77	794
144	555
149	899
765	902
162	609
671	715
910	997
662	895
65	676
247	424
285	679
467	656
885	940
637	838
664	712
989	997
625	720
778	962
165	964
239	684
896	954
982	994
808	841
753	905
436	969
838	949
494	910
713	954
135	977
551	892
690	970
201	779
146	843
234	727
416	438
863	898
431	975
720	849
549	967
475	789
361	916
28	972
625	962
754	847
336	859
69	744
759	962
96	389
729	790
57	626
169	867
669	924
823	839
97	698
284	790
625	854
509	908
657	806
333	682
214	465
252	757
646	913
269	926
401	557
590	981
488	970
840	900
578	634
8	747
641	919
622	677
164	994
337	922
48	819
590	873
736	927
684	737
837	979
455	685
735	968
675	688
274	344
358	981
391	929
358	752
633	691
913	974
550	922
531	680
476	744
932	987
118	999
761	876
57	760
585	916
483	868
648	935
837	871
823	973
661	874
886	992
176	573
659	986
423	938
700	758
299	414
617	989
610	801
703	992
4	991
210	830
807	820
476	986
932	1000
696	989
80	720
376	984
739	807
730	987
647	989
614	812
471	763
148	258
423	951
656	930
568	817
475	589
7	255
719	949
359	643
980	990
556	928
547	879
459	995
621	828
552	957
491	718
804	949
210	964
848	992
663	946
373	847
51	796
581	998
378	898
273	616
452	847
727	823
778	788
382	788
701	770
431	680
145	323
466	903
328	673
543	598
308	731
866	958
637	906
497	603
43	167
249	501
147	224
565	737
93	927
179	967
831	893
137	970
425	848
282	799
337	506
722	842
787	971
382	922
91	221
798	837
140	342
585	958
604	971
400	912
891	920
398	987
175	686
268	648
340	753
634	971
708	920
349	987
289	707
316	810
569	990
388	915
682	867
4	696
358	928
136	1000
318	977
497	979
263	812
717	982
744	819
288	576
804	870
532	936
702	859
848	913
242	874
751	980
462	877
709	754
566	934
695	819
277	831
230	756
175	820
389	749
771	814
110	839
705	985
853	883
880	986
195	883
792	873
797	988
401	988
520	939
649	824
404	993
304	826
233	357
395	944
656	985
675	998
174	716
876	988
603	829
489	993
971	996
630	703
640	896
681	934
734	760
323	960
579	886
505	708
651	991
491	773
499	893
669	779
581	703
705	998
822	994
472	652
114	907
334	947
444	553
306	848
347	657
746	891
88	662
864	883
211	961
885	942
477	851
458	609
582	904
945	956
502	615
488	717
801	948
456	913
542	953
46	786
539	655
831	948
844	887
285	923
49	912
733	790
884	959
89	984
644	977
451	848
583	967
836	918
63	968
154	561
265	513
432	690
110	410
454	974
13	972
550	911
186	405
530	969
39	880
548	986
763	911
23	872
446	975
55	824
578	865
435	816
206	993
66	690
714	911
48	821
340	929
543	800
422	739
694	932
193	650
614	680
707	871
522	862
145	875
575	688
506	588
786	871
18	770
174	529
705	919
724	932
89	421
25	931
580	924
566	989
538	927
505	750
4	993
16	64
174	650
936	973
471	873
894	976
751	927
355	927
176	467
85	837
470	648
489	927
916	994
387	879
514	691
846	935
973	976
931	979
644	656
883	938
165	658
406	784
10	784
250	473
697	933
334	881
568	819
790	895
191	832
438	938
75	886
639	699
811	954
148	610
274	951
692	710
568	940
380	889
889	995
553	780
61	843
19	846
50	196
179	835
514	825
588	774
426	712
142	953
324	664
799	957
926	998
783	949
12	843
856	939
89	797
875	952
368	892
583	780
71	605
398	734
26	862
62	556
461	790
361	852
650	726
586	970
787	960
905	952
616	849
710	713
412	790
57	562
722	952
419	914
534	901
498	978
721	727
234	905
671	906
757	909
531	603
569	858
516	968
72	991
395	678
171	970
455	500
501	845
509	965
545	622
187	914
701	906
90	981
19	283
585	960
26	996
29	742
221	683
680	968
446	801
284	739
900	971
724	745
624	807
407	809
814	904
478	689
65	291
870	984
240	817
726	976
490	928
839	853
283	635
11	930
85	879
608	691
291	984
645	987
617	925
596	802
367	979
721	982
196	868
172	245
523	997
374	874
897	915
71	873
318	979
684	807
937	987
675	987
876	977
642	810
251	925
721	874
848	915
591	993
672	689
112	995
415	538
547	694
492	758
247	402
818	928
656	866
293	777
12	764
568	753
788	985
535	576
633	882
540	654
709	877
654	941
280	700
230	879
207	895
422	820
530	582
366	888
600	826
75	941
127	313
51	732
266	657
524	952
560	646
843	934
227	665
144	667
801	937
586	783
443	1000
498	899
245	490
18	33
639	875
792	888
98	965
753	896
342	773
755	942
39	506
746	893
630	947
542	834
850	950
46	896
387	960
674	724
379	547
799	904
637	842
581	947
116	847
152	275
759	953
148	799
835	948
359	955
815	969
336	971
652	948
253	973
789	953
766	969
750	961
428	681
235	286
740	916
449	740
858	908
770	795
145	743
558	912
838	966
518	732
872	964
696	738
106	872
180	858
254	807
529	975
881	905
36	584
784	972
944	961
47	413
16	871
439	974
599	926
733	926
920	981
115	584
20	990
45	754
821	975
100	461
432	934
471	862
522	864
520	754
635	741
310	944
791	988
610	913
1	603
485	918
163	867
311	765
605	983
451	516
186	999
222	952
304	991
538	929
161	942
395	880
818	983
876	924
848	862
594	945
50	64
382	537
676	755
406	894
392	996
786	886
211	426
207	950
367	939
931	981
554	994
378	768
672	986
369	948
80	845
429	999
781	929
855	878
187	419
693	816
593	878
734	817
142	942
266	483
114	843
582	948
339	961
755	876
760	991
397	939
512	889
658	714
322	765
704	830
759	766
560	822
632	661
711	954
931	994
683	892
447	652
667	884
149	958
746	948
561	902
662	954
244	966
197	854
393	537
926	1000
370	782
306	797
364	967
42	953
240	443
438	953
514	948
674	900
211	910
659	777
53	967
507	908
685	951
666	672
905	954
757	790
762	905
173	510
444	973
722	954
185	749
465	803
657	973
674	913
393	900
486	862
319	456
52	341
315	980
152	693
190	985
465	924
564	903
297	559
729	970
803	919
7	985
860	901
562	978
276	621
427	753
274	282
872	911
13	921
572	619
219	989
217	916
76	940
833	919
103	814
469	871
87	577
307	580
348	581
367	631
848	904
886	930
531	968
355	742
164	945
41	996
223	478
622	978
162	468
455	986
490	943
297	814
209	930
746	869
71	996
649	936
778	821
365	948
387	707
712	992
920	941
412	471
629	994
257	597
362	650
526	758
125	414
853	887
364	659
262	648
98	954
781	984
225	766
607	831
552	895
216	946
739	987
524	833
292	941
889	931
672	933
314	959
570	885
597	759
776	990
308	656
487	887
533	774
609	998
581	936
292	833
383	951
938	944
79	954
602	995
660	936
192	602
835	937
486	554
604	775
771	952
810	880
933	950
262	782
630	949
44	559
200	318
57	269
683	960
590	732
361	909
400	608
171	785
553	850
919	944
69	508
349	791
416	552
127	449
95	911
143	807
485	544
160	747
613	958
632	971
645	681
562	912
328	745
736	799
128	391
78	799
119	571
738	845
605	730
462	681
770	797
508	797
520	622
525	966
81	989
631	904
772	843
648	807
138	971
749	859
652	963
503	574
673	985
681	846
758	800
92	976
469	697
109	391
529	977
928	982
348	407
647	969
821	856
688	741
232	461
99	871
622	912
603	633
420	926
2	938
346	748
547	738
263	979
65	240
552	587
579	690
610	794
818	972
675	923
112	931
598	824
890	969
312	992
499	818
466	641
605	985
209	756
345	351
388	987
584	633
341	646
580	928
487	700
709	813
60	138
703	998
601	987
788	813
424	536
374	944
492	936
588	644
371	875
560	811
505	875
609	703
581	641
378	541
336	773
570	711
616	827
762	881
373	840
472	819
692	822
461	660
801	994
295	893
148	843
542	770
487	834
321	542
931	996
7	611
516	717
58	842
42	834
231	504
798	817
602	942
201	598
385	907
665	961
343	947
155	896
857	902
320	963
264	802
849	903
617	782
59	491
842	900
740	852
36	507
696	782
379	846
539	835
117	846
258	556
626	723
838	902
411	569
56	866
74	920
421	964
30	584
35	928
136	980
736	975
562	859
587	623
394	457
397	499
495	805
154	512
121	335
425	975
907	978
824	980
128	459
257	344
548	816
358	921
432	870
339	642
913	914
536	698
448	814
830	916
539	969
673	932
43	765
698	962
73	644
628	637
886	932
66	870
718	796
695	812
409	980
304	698
651	742
881	975
399	935
760	914
686	699
586	761
489	865
593	922
63	693
104	236
978	992
348	825
749	940
587	878
158	701
399	827
108	880
545	881
209	932
448	948
575	989
630	696
929	992
734	753
629	996
147	956
482	946
308	766
822	987
170	832
734	874
868	874
940	979
315	661
554	943
829	882
397	996
161	194
314	961
281	784
561	838
239	787
472	766
236	489
347	1000
521	887
685	766
877	936
132	553
338	887
371	835
835	939
250	774
511	549
576	715
727	884
914	939
759	836
537	723
93	975
891	955
113	661
393	715
118	510
68	918
131	449
67	959
442	607
576	836
507	965
204	964
276	315
345	903
842	955
333	785
338	900
197	924
324	965
66	212
21	964
72	929
815	973
377	976
413	670
523	801
108	559
397	433
891	968
118	752
906	953
152	750
9	967
826	960
5	996
962	969
296	916
497	906
879	971
461	983
157	986
955	966
622	793
849	984
828	861
134	975
299	517
708	981
504	922
435	822
621	689
156	589
276	920
505	743
340	935
347	571
894	969
791	992
716	818
848	974
111	186
61	594
792	813
14	482
561	651
566	995
100	707
691	882
589	871
644	770
649	885
387	885
406	898
662	824
748	864
533	710
808	878
720	765
871	934
334	995
458	536
482	893
292	998
92	415
639	813
456	840
313	828
583	652
343	936
539	582
301	939
339	965
139	611
718	998
878	950
495	660
794	993
16	433
329	893
766	894
475	947
604	832
810	937
669	732
102	850
570	955
201	829
924	958
225	957
836	845
296	837
411	558
595	904
378	906
548	563
138	665
699	961
680	719
231	627
840	937
597	950
817	953
173	622
338	955
352	624
539	716
370	678
442	783
361	858
245	912
102	863
196	727
757	794
151	984
803	910
863	961
949	964
439	899
384	963
673	800
241	914
860	892
409	727
942	961
735	897
793	838
872	902
294	925
550	851
541	802
208	858
717	964
428	861
106	810
937	967
188	620
321	920
591	744
135	235
544	928
208	979
221	918
306	467
316	926
256	646
25	979
233	928
468	502
800	975
566	808
547	566
953	988
557	988
109	569
785	852
876	970
334	687
661	816
770	988
811	989
341	811
145	936
299	585
744	935
480	633
447	456
443	980
457	649
718	919
556	857
654	934
142	988
813	927
271	644
123	480
431	596
329	585
637	701
480	983
413	993
380	816
908	935
283	883
498	771
184	877
43	901
354	534
87	944
381	896
871	989
193	845
862	940
719	891
245	483
602	757
896	938
899	943
202	786
618	701
697	994
771	943
931	932
287	830
631	640
347	881
125	768
278	781
574	779
82	842
646	884
252	499
799	897
34	771
287	951
326	650
9	714
468	999
165	961
289	502
528	784
569	785
877	938
500	951
477	967
24	204
208	779
511	551
731	820
361	792
507	846
144	794
405	835
914	941
933	954
449	841
863	895
159	779
641	782
935	1000
766	962
824	903
306	977
722	892
460	892
620	844
303	908
270	502
397	543
710	774
770	788
458	967
645	793
180	959
791	847
6	806
648	798
68	223
735	952
50	849
592	903
118	983
723	834
847	900
398	808
888	901
791	968
782	919
680	908
430	962
583	975
659	970
29	803
282	983
411	868
879	973
832	861
851	911
601	736
495	983
468	557
5	301
645	927
557	814
119	817
848	963
270	986
110	768
489	801
346	981
286	701
198	817
502	999
684	976
876	917
737	987
23	183
897	976
167	871
575	696
828	876
464	865
192	406
579	815
469	943
716	820
535	745
661	884
545	938
806	979
713	751
732	764
355	814
387	995
368	753
179	588
602	691
640	946
943	984
376	873
799	939
287	764
669	829
237	943
488	525
581	753
61	946
999	1000
214	959
262	478
10	900
748	866
417	995
744	895
408	946
788	938
70	887
686	890
727	928
474	482
479	826
653	713
415	841
344	372
330	474
984	998
82	897
627	697
357	836
530	764
84	189
581	995
741	947
961	987
584	1000
468	825
294	901
373	965
574	726
348	908
153	898
444	616
175	428
653	955
88	954
798	821
495	783
863	950
882	963
257	911
2	621
141	965
939	945
942	950
525	783
153	911
810	952
510	660
229	906
537	793
798	834
261	858
742	902
298	632
740	977
619	687
388	791
522	791
351	909
506	517
937	969
288	560
890	894
17	740
325	856
666	920
22	818
8	920
668	966
575	738
869	956
492	740
920	921
279	861
375	569
834	854
127	992
256	877
278	636
638	979
913	918
677	907
641	984
489	856
635	910
714	974
120	989
697	741
499	985
397	974
435	1000
162	582
778	814
38	812
167	697
198	764
561	587
800	869
299	587
524	934
496	872
702	977
282	354
283	993
6	190
572	867
484	754
200	995
679	929
477	714
301	754
91	944
834	988
94	949
66	887
644	827
971	993
970	997
109	705
202	896
233	246
329	708
600	942
686	945
727	983
856	868
565	655
639	641
248	719
795	888
822	991
491	891
389	880
554	947
177	960
292	947
636	720
630	942
910	996
643	881
187	601
882	897
257	845
725	950
255	772
260	850
810	994
884	943
989	996
801	945
37	549
551	999
759	948
919	937
454	837
178	673
857	961
342	781
37	899
768	889
270	383
622	771
307	386
205	604
418	897
696	841
731	835
139	923
359	963
634	902
59	671
620	738
64	520
294	982
593	726
106	867
417	500
312	743
647	962
688	734
886	978
517	852
858	916
173	813
79	626
860	962
406	526
698	900
235	873
483	746
610	787
529	862
601	967
348	521
647	854
96	980
330	918
869	903
392	978
511	929
404	803
712	919
390	639
744	871
381	819
441	870
34	223
724	929
806	968
832	876
744	763
224	993
383	986
283	819
929	930
123	537
510	983
615	999
172	658
889	979
672	981
438	814
135	776
825	994
410	486
767	989
445	938
794	863
161	950
665	712
496	940
205	993
12	827
862	997
595	882
977	984
208	244
600	997
493	642
534	643
658	938
498	720
281	951
584	760
143	263
836	944
65	838
679	997
613	643
417	768
67	884
191	950
843	876
347	938
273	723
309	417
625	653
225	948
926	995
525	651
576	882
414	820
226	769
658	951
859	941
358	659
919	992
743	995
371	894
761	783
141	846
263	543
442	774
180	774
254	723
483	546
956	995
708	893
9	892
564	885
662	962
94	441
949	955
835	890
659	893
56	859
565	965
840	941
303	965
377	685
657	968
673	683
48	860
731	890
226	903
551	959
680	844
740	858
826	898
578	796
22	578
550	963
798	836
515	861
23	924
680	965
559	904
36	634
812	855
641	973
934	966
698	955
684	791
633	974
867	912
605	912
522	914
103	930
800	858
464	909
698	847
598	872
496	861
572	856
75	575
880	972
369	527
827	853
579	751
656	971
274	640
746	864
869	971
387	931
561	818
822	859
579	872
629	989
711	762
535	573
540	880
718	923
102	654
468	748
459	928
343	753
752	921
86	831
452	888
130	874
526	874
355	992
80	787
671	703
271	998
394	839
685	988
718	936
396	885
759	937
896	942
82	954
357	893
563	998
544	719
263	477
394	960
516	657
773	993
776	998
435	439
486	899
238	834
926	942
348	965
425	660
115	434
741	896
336	847
69	732
74	847
201	888
430	711
456	912
462	663
835	945
21	957
208	783
507	850
171	901
854	894
565	791
606	829
826	832
192	960
844	886
467	899
742	838
833	956
604	904
153	968
557	792
185	920
212	794
284	670
297	609
555	904
641	907
770	792
219	918
164	982
742	959
464	722
631	899
647	843
8	856
872	961
830	964
453	977
613	966
869	892
310	928
772	959
846	908
698	781
684	846
925	972
823	961
50	974
205	619
499	800
270	977
430	966
619	865
541	982
181	639
575	795
594	808
258	859
420	692
103	985
544	987
225	453
175	861
730	854
614	908
158	628
55	944
58	690
894	962
85	823
131	939
217	979
594	700
676	739
392	980
566	867
874	983
376	743
381	821
441	872
7	351
228	993
589	972
85	944
520	872
487	695
41	349
786	991
598	940
568	805
466	757
297	985
230	931
753	935
560	806
827	921
142	818
832	999
183	590
191	939
218	776
663	934
685	693
809	988
984	989
459	875
137	824
445	940
178	596
706	981
310	486
683	997
222	373
480	934
672	875
135	899
542	994
487	829
215	370
421	704
54	947
527	605
21	770
852	927
530	647
623	838
628	953
53	722
493	994
686	894
229	655
113	709
252	787
819	871
664	997
655	948
405	773
625	776
396	953
666	777
960	995
456	967
757	895
220	956
523	728
657	957
798	933
963	1000
660	999
365	556
810	943
483	548
125	840
433	956
634	717
914	1000
303	846
413	489
652	1000
905	951
160	797
275	784
733	844
20	908
741	964
708	787
4	671
86	215
872	895
352	859
197	985
167	325
29	849
612	675
488	905
288	551
501	844
854	962
886	914
416	736
420	855
203	857
673	806
571	795
4	913
212	862
694	865
241	331
735	903
779	909
159	972
66	744
668	849
401	734
714	965
874	917
681	788
48	875
263	800
450	855
529	919
675	973
100	742
694	986
274	400
927	965
677	790
930	970
11	929
360	817
869	960
365	932
629	978
147	709
210	765
705	973
302	997
154	870
383	693
751	860
195	642
286	760
115	878
373	648
505	804
276	981
133	932
785	858
278	532
295	930
607	707
113	172
249	999
786	938
560	632
868	977
901	925
799	877
642	930
213	524
540	653
765	1000
234	812
883	992
473	828
459	930
25	409
188	881
320	1000
917	990
172	836
166	304
181	841
570	653
368	933
546	939
725	941
287	944
320	892
144	895
212	541
465	721
382	952
261	662
896	944
247	535
38	132
375	949
620	716
773	995
740	781
597	998
541	837
756	762
576	831
474	554
479	898
23	618
826	942
437	901
756	883
577	911
310	796
203	441
689	829
518	947
564	834
256	681
891	963
182	503
729	901
696	724
849	966
527	915
425	904
585	893
925	961
823	950
284	901
754	850
430	955
504	904
504	675
316	853
803	971
324	973
323	748
818	956
51	60
895	910
22	527
8	629
416	683
75	390
696	966
770	915
830	966
907	920
533	679
163	624
586	690
443	907
443	678
448	985
608	974
129	222
313	797
599	925
463	512
578	987
793	912
677	966
300	979
374	928
520	982
813	975
68	592
596	977
769	905
628	700
209	982
457	818
11	997
387	988
98	885
84	987
579	929
560	687
202	942
362	931
637	641
771	870
567	811
603	764
630	867
79	993
14	369
456	714
459	985
808	873
612	998
852	916
931	980
282	534
232	942
470	999
850	991
437	593
79	885
662	711
546	765
497	580
664	757
194	313
240	429
195	952
451	878
759	994
938	996
877	986
63	769
159	706
794	988
121	185
197	732
852	929
236	431
139	727
39	789
268	383
861	897
107	960
704	950
426	942
68	968
819	873
636	900
39	681
259	950
460	711
680	943
451	891
900	946
148	853
504	717
454	896
527	849
7	850
337	496
221	550
207	615
726	951
448	677
434	779
687	959
728	731
634	840
620	905
83	966
96	905
60	982
757	910
402	682
145	797
594	623
406	572
731	894
464	779
937	962
689	897
188	615
312	910
386	859
846	965
268	988
235	811
166	977
188	736
782	980
432	867
614	844
638	972
300	913
654	916
714	967
703	808
422	795
675	975
279	975
694	988
614	965
633	978
668	972
33	461
888	975
404	862
371	685
101	824
293	765
237	870
540	642
779	924
765	989
56	529
677	913
864	968
286	991
676	917
621	981
468	510
621	752
41	177
109	806
54	870
623	761
633	991
163	813
295	932
415	997
181	830
396	755
69	360
542	809
759	807
368	693
762	812
304	937
780	866
362	878
95	763
35	483
422	929
658	876
556	865
19	889
575	878
225	994
294	599
896	933
10	840
734	871
579	997
794	922
100	999
577	658
213	876
361	774
442	470
433	879
507	828
512	943
460	753
727	868
551	642
368	935
46	884
514	989
416	417
291	422
475	997
7	663
172	959
810	987
323	374
548	721
947	992
275	828
555	882
481	667
940	989
645	775
277	379
898	992
158	953
796	944
254	661
854	885
312	602
840	987
93	972
831	938
250	663
766	957
673	729
29	435
925	950
144	910
276	541
796	836
326	658
620	839
611	790
624	729
104	959
305	949
409	777
923	998
606	833
435	914
383	495
25	787
729	903
11	623
291	677
659	844
906	950
312	736
559	613
94	742
591	794
2	924
382	391
681	724
629	793
18	639
377	986
160	988
113	913
691	853
536	979
333	916
429	624
322	498
728	920
580	793
833	973
201	208
194	986
785	902
730	737
513	968
532	981
339	586
886	984
8	981
605	971
512	743
705	909
691	745
350	452
608	976
792	797
943	966
525	978
712	804
703	984
469	817
381	933
482	756
862	977
936	963
190	355
654	984
561	756
170	871
175	986
772	976
596	979
255	457
950	982
394	764
880	923
66	935
556	799
649	990
575	812
288	984
431	538
563	923
246	758
163	989
452	826
14	600
520	997
776	923
220	476
271	936
665	826
780	813
764	805
75	997
873	977
240	310
892	990
773	810
630	990
126	962
509	700
676	877
352	716
546	767
52	195
384	705
755	877
364	955
479	942
59	356
859	934
262	715
74	893
745	832
597	705
776	936
588	885
426	823
711	955
494	957
810	934
306	906
636	781
190	960
914	991
662	955
789	996
164	678
131	501
817	950
412	901
632	904
76	686
122	802
309	894
254	729
601	773
504	840
564	891
316	789
722	955
763	956
345	968
474	853
601	665
210	743
633	846
395	910
376	668
307	797
496	733
231	987
69	925
760	779
311	687
490	918
278	510
839	843
668	961
305	909
888	964
425	974
640	862
626	964
610	956
362	625
821	910
614	846
272	853
46	510
934	972
563	736
232	636
311	929
545	867
619	816
331	349
910	965
115	990
87	928
629	982
362	867
207	993
843	911
788	975
103	118
361	642
760	913
553	583
797	980
360	942
244	996
588	806
767	808
500	693
753	873
656	977
35	364
320	991
917	981
433	639
457	996
672	921
264	830
652	683
313	988
225	875
970	992
426	865
841	878
794	803
725	932
458	588
746	991
644	714
401	993
817	871
98	955
896	935
882	1000
497	637
639	986
262	999
500	827
159	534
140	255
945	948
86	958
571	707
405	940
264	964
243	612
583	946
798	871
528	781
750	830
433	894
740	785
154	661
789	943
164	854
819	822
153	961
328	962
328	733
675	777
842	954
303	905
60	918
531	769
416	553
557	906
593	600
914	951
91	618
569	916
481	803
522	841
448	626
365	857
599	795
222	808
185	926
515	801
408	675
289	983
536	860
761	978
62	977
122	991
502	983
309	854
496	909
837	973
513	849
394	632
314	868
462	803
9	269
38	970
229	272
869	898
661	868
480	793
237	806
27	996
457	809
383	631
479	568
811	812
415	812
381	935
353	873
177	647
677	970
226	280
536	994
811	933
33	639
795	925
676	745
277	999
21	750
931	971
122	307
880	925
295	760
850	982
308	699
327	712
304	994
725	987
604	697
158	876
195	943
679	992
899	995
706	866
711	944
857	998
683	882
669	947
292	997
713	990
611	713
583	651
748	984
32	777
426	933
863	934
388	412
775	821
90	718
288	999
343	935
558	823
646	707
801	995
405	995
787	831
597	936
234	884
316	657
151	849
214	380
72	970
590	667
359	1000
829	949
567	949
377	788
321	893
678	901
824	955
823	996
534	893
606	998
261	963
641	726
184	487
590	909
166	847
432	966
559	778
325	611
77	509
624	907
761	912
527	745
217	785
409	955
32	214
777	893
185	981
592	847
12	272
941	964
77	630
536	915
300	904
333	852
682	740
723	778
167	560
76	930
236	919
318	729
15	920
175	909
266	273
592	968
812	971
742	912
907	979
763	971
422	678
77	643
839	966
272	855
184	971
621	972
51	590
612	923
455	976
670	864
436	697
600	805
908	921
89	589
154	984
470	695
360	823
575	748
621	864
767	918
660	792
610	971
563	859
804	985
2	297
246	694
600	926
311	823
686	700
363	690
940	967
40	939
59	989
95	646
752	916
241	471
17	992
499	995
397	984
438	985
512	934
792	988
704	875
778	824
74	708
762	816
753	996
491	996
706	921
866	873
147	957
711	770
829	991
58	885
89	952
345	649
262	880
410	778
597	641
454	821
917	996
810	870
638	763
68	906
530	937
141	896
152	496
353	486
756	876
238	950
981	994
401	419
585	994
497	881
516	894
722	999
703	720
647	825
745	902
416	663
674	958
756	997
393	945
502	851
92	953
562	902
397	542
839	887
481	913
701	953
398	915
544	969
483	959
557	679
455	897
133	617
386	797
501	784
157	974
515	682
344	800
932	970
489	895
415	451
29	910
222	810
166	915
35	166
202	343
353	741
298	805
647	959
881	897
187	974
622	902
682	916
305	966
112	800
308	446
423	692
598	922
235	870
772	846
496	911
582	685
705	792
335	993
517	970
649	860
767	852
323	875
739	790
133	980
615	983
744	868
931	960
119	816
513	972
265	870
688	973
614	795
43	942
781	908
82	870
276	921
703	988
403	467
399	991
471	867
746	806
135	881
718	973
350	577
446	514
811	935
317	400
201	454
473	876
514	685
862	873
282	298
259	809
691	991
295	991
861	877
336	763
778	879
602	919
338	809
835	861
136	594
394	889
466	994
977	981
347	814
741	933
815	882
418	694
743	750
646	817
150	650
991	1000
956	979
502	543
507	887
762	884
674	1000
968	989
560	935
338	822
319	543
780	938
747	761
664	992
81	671
750	766
856	933
634	820
601	643
108	481
440	954
27	556
835	995
921	998
164	790
315	959
912	949
282	782
287	897
870	952
636	785
446	890
694	726
358	777
745	957
946	947
416	718
569	960
5	100
731	766
923	936
358	898
418	949
330	836
569	852
173	623
682	729
902	998
305	779
198	387
56	977
97	749
231	978
105	610
430	895
196	728
297	780
113	959
622	836
420	850
552	740
101	575
257	334
515	858
782	973
81	108
751	842
696	906
594	858
318	960
115	860
712	850
445	506
450	850
141	509
215	983
531	960
911	952
608	914
828	917
420	863
203	865
103	927
533	740
626	968
640	866
901	907
739	845
629	973
174	807
515	871
760	904
256	876
292	570
302	992
9	447
124	168
107	524
206	237
1	771
95	406
366	869
61	758
952	966
503	874
971	979
224	227
795	982
868	972
333	399
54	984
463	923
174	820
86	707
149	992
278	648
42	637
336	818
28	473
248	476
519	939
593	925
899	931
491	877
480	984
396	990
202	895
315	772
361	888
667	931
840	859
105	410
919	923
470	831
561	949
486	775
384	993
222	665
516	883
678	716
857	947
815	950
185	783
160	726
454	944
588	944
789	934
701	821
736	778
331	729
372	767
606	705
162	957
214	558
305	713
714	881
218	973
124	557
13	955
132	906
321	842
252	971
401	542
673	735
392	722
791	956
50	958
344	910
72	222
8	732
218	276
30	979
319	853
816	905
525	958
621	666
39	984
36	915
210	802
55	928
897	951
916	964
57	974
869	889
547	609
230	902
95	448
413	794
110	985
204	391
219	928
434	853
198	805
211	515
104	160
197	351
554	854
517	972
78	107
300	974
489	910
187	279
249	928
598	816
596	743
351	387
950	975
471	977
311	759
11	992
322	625
943	972
542	628
40	875
463	978
725	749
131	239
857	868
292	867
713	860
226	284
418	454
79	759
473	878
170	877
593	980
76	195
889	978
350	929
479	814
873	970
484	929
603	880
690	997
354	819
607	999
808	989
546	989
885	980
67	991
274	826
764	919
741	935
878	940
418	467
660	983
646	819
35	894
183	829
491	945
444	833
838	989
306	899
359	991
933	997
699	830
850	999
96	537
182	311
756	812
668	699
558	827
356	841
488	997
6	728
157	897
900	941
523	725
151	853
52	322
81	794
511	607
180	773
606	881
652	997
449	897
564	884
206	910
130	134
184	599
626	715
636	908
923	938
548	795
821	890
408	492
754	900
740	965
158	317
812	841
663	718
775	959
539	948
497	951
354	377
698	941
404	494
111	915
634	956
804	842
936	998
14	982
573	680
793	949
499	502
223	567
663	839
599	854
268	983
478	564
455	846
578	916
182	916
2	985
827	839
832	917
73	865
807	860
834	963
416	975
691	914
809	906
332	981
299	804
87	921
450	744
904	914
124	988
609	737
922	968
737	922
685	732
635	911
795	863
277	937
404	978
899	920
343	739
427	881
312	342
368	688
239	766
21	809
769	968
880	984
341	935
662	990
836	877
459	927
841	992
679	930
579	992
940	971
852	858
254	643
135	951
479	761
644	828
616	995
5	841
137	997
44	540
954	990
213	992
433	995
139	548
245	944
768	985
484	997
336	833
845	939
449	710
798	864
104	941
439	702
24	194
189	490
404	415
442	707
722	990
736	888
460	990
951	998
151	908
379	772
169	962
346	366
810	995
648	896
648	667
606	936
592	772
196	772
714	883
749	840
243	739
358	726
531	883
517	719
219	796
291	901
833	955
464	829
617	842
207	678
881	888
325	670
215	798
536	853
145	968
520	845
520	616
263	960
566	732
356	922
464	721
559	958
330	906
894	948
218	399
364	453
300	963
594	686
827	894
309	968
469	920
615	974
702	899
609	671
270	976
223	635
825	969
462	917
503	689
162	625
38	855
341	627
198	807
635	845
332	807
151	237
296	332
316	984
402	987
186	874
616	687
510	971
482	872
466	864
727	905
801	854
168	941
704	921
233	518
563	918
945	983
141	700
540	934
72	600
254	577
474	580
686	759
778	991
957	993
79	990
676	980
371	869
90	590
155	985
637	988
764	800
595	991
232	939
75	992
534	752
652	744
151	721
109	990
747	752
843	985
282	423
259	934
653	824
102	950
671	878
775	935
123	780
458	999
618	988
805	814
750	878
972	991
262	831
798	811
743	875
411	550
125	947
102	963
440	958
44	958
569	843
508	833
134	888
650	953
956	996
188	599
441	550
568	591
129	958
17	488
949	956
990	994
668	943
635	766
824	961
523	969
839	946
603	669
589	771
539	950
234	314
800	954
874	903
915	941
612	903
557	967
851	956
386	856
936	1000
721	846
196	961
619	798
443	838
173	977
295	674
203	856
700	908
739	836
31	749
265	687
399	916
545	970
677	897
751	846
575	849
640	978
772	905
463	793
890	897
155	448
719	978
853	978
781	846
822	847
423	872
505	911
178	516
352	403
431	467
114	760
804	978
807	983
760	908
273	524
512	806
264	704
603	924
503	986
24	988
813	919
279	985
356	414
755	914
493	914
9	572
776	973
206	591
290	999
720	812
651	978
546	696
670	991
494	994
628	994
788	983
903	933
581	919
586	997
405	922
746	986
23	591
176	870
685	976
778	938
877	917
476	573
500	930
285	776
679	932
150	817
618	922
370	820
711	884
535	924
958	990
655	989
562	761
359	698
400	699
529	584
405	814
616	997
776	986
330	640
44	771
852	981
664	930
689	694
185	666
653	771
303	887
905	992
440	892
412	830
604	1000
444	782
571	823
433	889
378	953
128	253
653	892
143	790
592	653
555	1000
789	938
431	964
398	787
689	936
4	604
565	900
260	264
657	903
710	995
803	957
930	998
525	949
728	783
81	972
141	205
673	968
370	967
406	624
165	269
590	970
739	770
307	618
928	965
430	954
22	863
127	916
154	790
355	780
902	949
117	908
640	912
337	911
411	860
860	952
63	379
45	739
587	793
936	947
913	963
66	798
167	850
828	855
684	847
188	909
804	912
697	786
661	863
719	804
490	981
168	701
943	963
473	519
390	750
436	866
664	730
141	460
383	976
704	802
382	751
547	855
454	627
552	933
156	704
651	912
521	573
801	856
773	794
625	630
341	871
509	684
676	861
822	915
835	854
642	984
650	808
669	821
600	987
350	812
465	762
859	918
695	995
509	576
385	769
453	644
277	418
494	941
375	761
595	993
125	815
667	869
975	985
713	985
570	936
764	923
310	487
437	942
148	839
32	893
701	988
775	937
412	885
558	710
692	939
122	557
229	656
261	837
326	710
317	890
900	945
960	996
705	706
453	899
714	940
370	901
511	840
805	829
937	948
216	434
400	780
196	721
605	889
638	837
844	942
723	881
324	906
365	907
525	896
594	730
203	616
450	722
818	889
362	609
802	881
661	905
735	891
193	571
241	319
587	727
508	848
723	773
365	799
800	956
874	905
